particle_id,x,y,t,frame,clusterized,cluster_id
0.0,134.675549658524,-140.52250258422032,0.0,0.0,0.0,0.0
0.0,110.66020169965509,-182.12417178899864,0.0,0.0,0.0,0.0
0.0,106.45649453159353,-257.04065799332557,0.0,0.0,0.0,0.0
0.0,97.23849651763885,-206.6495057794932,0.0,0.0,0.0,0.0
0.0,137.49238840626435,-119.94745252142434,0.0,0.0,0.0,0.0
0.0,127.48926230602319,-203.9543290460474,0.0,0.0,0.0,0.0
0.0,166.8895134820184,-151.46449900759512,0.0,0.0,0.0,0.0
0.0,119.90755635290452,-165.96835954417747,0.0,0.0,0.0,0.0
0.0,185.20505937183862,-208.43905036605747,0.0,0.0,0.0,0.0
0.0,170.9397976626808,-161.27903422145164,0.0,0.0,0.0,0.0
0.0,148.17391934233865,-161.5789065642689,0.0,0.0,0.0,0.0
0.0,204.09008344390054,-126.08917469409721,0.0,0.0,0.0,0.0
0.0,207.57858170613486,-196.6409665144297,0.0,0.0,0.0,0.0
0.0,110.57782985062386,-156.7956509621904,0.0,0.0,0.0,0.0
0.0,140.24147750406883,-171.81465524137138,0.0,0.0,0.0,0.0
0.0,164.94384053905083,-222.37659169453627,0.0,0.0,0.0,0.0
0.0,146.7205573185188,-116.62090370571332,0.0,0.0,0.0,0.0
0.0,146.28663656555182,-202.58866266436598,0.0,0.0,0.0,0.0
0.0,103.10735048889796,-88.3066249364822,0.0,0.0,0.0,0.0
0.0,95.63692959871628,-155.15774537858442,0.0,0.0,0.0,0.0
0.0,163.93942605268148,-189.84573363692448,0.0,0.0,0.0,0.0
0.0,120.14897952246474,-120.04745227502917,0.0,0.0,0.0,0.0
0.0,114.50313431624681,-147.51174438809767,0.0,0.0,0.0,0.0
0.0,129.94560100003673,-143.09520543777194,0.0,0.0,0.0,0.0
0.0,91.33767299244687,-161.69579840695337,0.0,0.0,0.0,0.0
0.0,127.9390167658928,-107.15150482319632,0.0,0.0,0.0,0.0
0.0,248.80959215399548,-184.5289227261626,0.0,0.0,0.0,0.0
0.0,193.51575725645353,-209.0497194504287,0.0,0.0,0.0,0.0
0.0,273.48641580443064,-161.73241945246923,0.0,0.0,0.0,0.0
0.0,177.79103073377746,-131.0056687151707,0.0,0.0,0.0,0.0
0.0,187.01037030107545,-74.29558265688183,0.0,0.0,0.0,0.0
0.0,147.49526811985697,-201.2217259047536,0.0,0.0,0.0,0.0
0.0,211.8484235712731,-195.64207601896896,0.0,0.0,0.0,0.0
0.0,127.31549125953597,-42.5705426618274,0.0,0.0,0.0,0.0
0.0,169.40365515430312,-212.08894964564684,0.0,0.0,0.0,0.0
0.0,119.47715392027453,-154.42138240990516,0.0,0.0,0.0,0.0
0.0,146.20231254032092,-66.02963111747908,0.0,0.0,0.0,0.0
0.0,75.61161007337319,-234.98319163952192,0.0,0.0,0.0,0.0
0.0,194.29157240880227,-137.6290627286212,0.0,0.0,0.0,0.0
0.0,154.42400244993723,-186.82415166779197,0.0,0.0,0.0,0.0
0.0,177.03485838318147,-140.26450626298902,0.0,0.0,0.0,0.0
0.0,81.03722744261563,-123.43254429928129,0.0,0.0,0.0,0.0
0.0,206.89921970835348,-116.2106875533691,0.0,0.0,0.0,0.0
0.0,269.78025769023134,-260.50457781071395,0.0,0.0,0.0,0.0
0.0,65.07772022243262,-184.41733738467042,0.0,0.0,0.0,0.0
0.0,127.29890607328753,-224.32407787191846,0.0,0.0,0.0,0.0
0.0,217.04755234366303,-165.51108597034226,0.0,0.0,0.0,0.0
0.0,204.0423299817262,-84.64284146684804,0.0,0.0,0.0,0.0
0.0,129.0127871212335,-178.8373473596257,0.0,0.0,0.0,0.0
0.0,160.55383267312754,-144.47742009983313,0.0,0.0,0.0,0.0
0.0,134.39990019479683,-207.33666622560213,0.0,0.0,0.0,0.0
0.0,177.32972738922808,-173.79113598658614,0.0,0.0,0.0,0.0
0.0,112.32885510028746,-215.78752718558417,0.0,0.0,0.0,0.0
0.0,155.32304755053087,-78.41731248430187,0.0,0.0,0.0,0.0
0.0,165.84303184823375,-236.18294403019308,0.0,0.0,0.0,0.0
0.0,-416.78802493514945,54.7710373664861,0.0,0.0,0.0,0.0
0.0,-369.3787988646591,-64.17884604189317,0.0,0.0,0.0,0.0
0.0,-302.17624074716514,-68.61563835653305,0.0,0.0,0.0,0.0
0.0,-286.71502774487,18.421484419020544,0.0,0.0,0.0,0.0
0.0,-322.2576521601036,-106.49061491764155,0.0,0.0,0.0,0.0
0.0,-274.46341693476825,-109.59863498884192,0.0,0.0,0.0,0.0
0.0,-310.04342485139773,-207.68787513185111,0.0,0.0,0.0,0.0
0.0,-351.35417784306514,-94.52327208093743,0.0,0.0,0.0,0.0
0.0,-326.54258435465977,-118.9040289951406,0.0,0.0,0.0,0.0
0.0,-361.59297926906663,-109.96780981652978,0.0,0.0,0.0,0.0
0.0,-401.95915588134835,-20.68629434323043,0.0,0.0,0.0,0.0
0.0,-318.1375577547956,-6.835549132975075,0.0,0.0,0.0,0.0
0.0,-422.4846350237366,-59.241293559500036,0.0,0.0,0.0,0.0
0.0,-356.8862962068822,11.491471378283904,0.0,0.0,0.0,0.0
0.0,-334.3571438424002,-103.81817467287487,0.0,0.0,0.0,0.0
0.0,-246.90839601337166,-107.11561281292279,0.0,0.0,0.0,0.0
0.0,-258.2805859104187,-130.1948337072654,0.0,0.0,0.0,0.0
0.0,-339.66793064623334,-47.04610797919372,0.0,0.0,0.0,0.0
0.0,-315.1254234685912,-39.526478481731374,0.0,0.0,0.0,0.0
0.0,-407.6611502485299,-71.6189851108561,0.0,0.0,0.0,0.0
0.0,-369.4147153684621,-46.770385459557474,0.0,0.0,0.0,0.0
0.0,-332.4525641101245,-77.14481251972006,0.0,0.0,0.0,0.0
0.0,-355.40559088627424,-109.21116971493643,0.0,0.0,0.0,0.0
0.0,-300.4231392880472,-93.06865161278392,0.0,0.0,0.0,0.0
0.0,-338.39520485873925,-96.76388586538314,0.0,0.0,0.0,0.0
0.0,-254.75574483901164,-81.14736102317102,0.0,0.0,0.0,0.0
0.0,-330.23399612172875,-152.6978098059883,0.0,0.0,0.0,0.0
0.0,-330.70120994122453,-61.99006053320318,0.0,0.0,0.0,0.0
0.0,-330.6494178726532,-41.79874947810504,0.0,0.0,0.0,0.0
0.0,-249.14559204355578,-133.22308733757336,0.0,0.0,0.0,0.0
0.0,-318.37945049231075,-35.109453810137666,0.0,0.0,0.0,0.0
0.0,-491.4028490078424,-30.3074779605779,0.0,0.0,0.0,0.0
0.0,-307.44974043101047,-39.55770831994255,0.0,0.0,0.0,0.0
0.0,-321.25135876947024,-128.11289591977174,0.0,0.0,0.0,0.0
0.0,-298.8897731570096,-107.88575738357986,0.0,0.0,0.0,0.0
0.0,-376.2025720529514,-107.4922802123499,0.0,0.0,0.0,0.0
0.0,-326.00606285237154,-126.55045682885952,0.0,0.0,0.0,0.0
0.0,-385.34613434246376,-128.8851443933695,0.0,0.0,0.0,0.0
0.0,-229.36507838563466,-77.33760248970361,0.0,0.0,0.0,0.0
0.0,-265.6669910780772,-225.9167494296671,0.0,0.0,0.0,0.0
0.0,-267.52155196927106,-176.1922526552255,0.0,0.0,0.0,0.0
0.0,-250.83811750860946,-252.30993183789292,0.0,0.0,0.0,0.0
0.0,-223.40724745178795,-280.29257228016445,0.0,0.0,0.0,0.0
0.0,-65.32573776528534,-240.7377048616263,0.0,0.0,0.0,0.0
0.0,-300.2575088017111,-336.91531014048644,0.0,0.0,0.0,0.0
0.0,-271.6616191497749,-242.06776968712825,0.0,0.0,0.0,0.0
0.0,-253.05217320880683,-307.3891123972371,0.0,0.0,0.0,0.0
0.0,-251.25138018670168,-285.4715518807677,0.0,0.0,0.0,0.0
0.0,-153.90173746604796,-250.2248528745506,0.0,0.0,0.0,0.0
0.0,-333.5081491121002,-135.2336617372166,0.0,0.0,0.0,0.0
0.0,-267.45731902517286,-276.0419870531646,0.0,0.0,0.0,0.0
0.0,-226.78728832200136,-299.6817789393526,0.0,0.0,0.0,0.0
0.0,-148.86514173529758,-205.1023155074422,0.0,0.0,0.0,0.0
0.0,-270.9744013198949,-270.65557866316294,0.0,0.0,0.0,0.0
0.0,-272.4508303988239,-291.56515290175116,0.0,0.0,0.0,0.0
0.0,-195.22337515741992,-252.0385699289502,0.0,0.0,0.0,0.0
0.0,-288.7831665818628,-273.003452681495,0.0,0.0,0.0,0.0
0.0,50.898561053832736,-350.72235522078324,0.0,0.0,0.0,0.0
0.0,84.0391482913526,-394.6170055182845,0.0,0.0,0.0,0.0
0.0,149.90676169152766,-455.85834478744823,0.0,0.0,0.0,0.0
0.0,146.50025208062334,-348.4584335644672,0.0,0.0,0.0,0.0
0.0,167.29227178462315,-425.8198050617882,0.0,0.0,0.0,0.0
0.0,180.2589195278099,-468.72180673210994,0.0,0.0,0.0,0.0
0.0,129.0616967753051,-393.50200765073373,0.0,0.0,0.0,0.0
0.0,130.88653999812573,-401.1090646439966,0.0,0.0,0.0,0.0
0.0,173.2199948639893,-349.75247626123485,0.0,0.0,0.0,0.0
0.0,187.89886621419646,-435.52865932043903,0.0,0.0,0.0,0.0
0.0,99.67924104752956,-305.8412225040893,0.0,0.0,0.0,0.0
0.0,100.50482077081188,-336.3638951670538,0.0,0.0,0.0,0.0
0.0,133.3224226230027,-426.10509776494416,0.0,0.0,0.0,0.0
0.0,131.67573793922952,-387.4372034103841,0.0,0.0,0.0,0.0
0.0,114.87559583134293,-451.2871989854966,0.0,0.0,0.0,0.0
0.0,152.81876328307976,-344.15559913922993,0.0,0.0,0.0,0.0
0.0,108.90579261616881,-369.4674091931249,0.0,0.0,0.0,0.0
0.0,177.97624436592355,-402.60465231396256,0.0,0.0,0.0,0.0
0.0,133.92676638562625,-395.89093286098284,0.0,0.0,0.0,0.0
0.0,204.3211652157272,-374.0802410999021,0.0,0.0,0.0,0.0
0.0,107.90071342576653,-361.83682049059837,0.0,0.0,0.0,0.0
0.0,118.10260164746046,-350.6300967722418,0.0,0.0,0.0,0.0
0.0,185.73602328587322,-432.3515696718257,0.0,0.0,0.0,0.0
0.0,212.9827869791127,-319.6876001616349,0.0,0.0,0.0,0.0
0.0,142.54053993821458,-403.61915919589455,0.0,0.0,0.0,0.0
0.0,107.08977791369898,-436.4479118824263,0.0,0.0,0.0,0.0
0.0,84.86370963504237,-292.78187089035646,0.0,0.0,0.0,0.0
0.0,167.0019641842291,-404.5306826739941,0.0,0.0,0.0,0.0
0.0,150.24478798092787,-428.35197031133487,0.0,0.0,0.0,0.0
0.0,132.03287679113782,-403.28768064708515,0.0,0.0,0.0,0.0
0.0,167.2043361031242,-366.0428292731922,0.0,0.0,0.0,0.0
0.0,78.0162424169771,-400.53333625431674,0.0,0.0,0.0,0.0
0.0,178.50809672803098,-358.1220087863014,0.0,0.0,0.0,0.0
0.0,113.57408012472342,-418.74787512410444,0.0,0.0,0.0,0.0
0.0,185.5935258497566,-398.12928606962146,0.0,0.0,0.0,0.0
0.0,95.25954012385864,-397.2872543240212,0.0,0.0,0.0,0.0
0.0,56.65472751380503,-419.0596015427817,0.0,0.0,0.0,0.0
0.0,57.21798686253737,-372.2060250932775,0.0,0.0,0.0,0.0
0.0,153.59017959819744,-373.6285445463659,0.0,0.0,0.0,0.0
0.0,157.4835943145215,-367.1092859796786,0.0,0.0,0.0,0.0
0.0,72.81983749068581,-423.7446945884501,0.0,0.0,0.0,0.0
0.0,90.85966322666582,-446.3356678884894,0.0,0.0,0.0,0.0
0.0,163.2148785369925,-434.1810382583333,0.0,0.0,0.0,0.0
0.0,499.62184983347674,61.032851476841415,0.0,0.0,0.0,0.0
0.0,487.0515833940269,87.39225859860949,0.0,0.0,0.0,0.0
0.0,359.8449577048118,87.25462718579911,0.0,0.0,0.0,0.0
0.0,501.08358879280695,174.64143638485461,0.0,0.0,0.0,0.0
0.0,532.5296367117585,101.16145566874366,0.0,0.0,0.0,0.0
0.0,467.5843866757491,112.37457521707188,0.0,0.0,0.0,0.0
0.0,481.39484745567097,46.99424330870738,0.0,0.0,0.0,0.0
0.0,538.3453945153497,76.32404810122762,0.0,0.0,0.0,0.0
0.0,449.0968890347399,75.94610117666798,0.0,0.0,0.0,0.0
0.0,460.1222658197671,107.20253328267086,0.0,0.0,0.0,0.0
0.0,467.7565846900907,-41.452165253183466,0.0,0.0,0.0,0.0
0.0,468.37714237559203,50.70828845574192,0.0,0.0,0.0,0.0
0.0,462.90750727547857,52.57937246335905,0.0,0.0,0.0,0.0
0.0,528.8964321119279,11.77461964843269,0.0,0.0,0.0,0.0
0.0,510.6628824313866,138.52953728694,0.0,0.0,0.0,0.0
0.0,480.36985709069313,90.35120775809241,0.0,0.0,0.0,0.0
0.0,404.30422312509904,45.17900035364892,0.0,0.0,0.0,0.0
0.0,494.9201131188627,70.76589086864601,0.0,0.0,0.0,0.0
0.0,498.37507857896617,122.20312254567898,0.0,0.0,0.0,0.0
0.0,456.2039530920781,19.177543388236927,0.0,0.0,0.0,0.0
0.0,615.6093809649844,78.62285838861499,0.0,0.0,0.0,0.0
0.0,468.6431991696038,85.40036473595319,0.0,0.0,0.0,0.0
0.0,471.3673662416495,127.9862788474777,0.0,0.0,0.0,0.0
0.0,522.277901902353,81.43074324873419,0.0,0.0,0.0,0.0
0.0,556.4130063105467,107.36341191815836,0.0,0.0,0.0,0.0
0.0,536.4264316014201,56.989868513945794,0.0,0.0,0.0,0.0
0.0,535.2119717990208,45.99520330788482,0.0,0.0,0.0,0.0
0.0,540.8217502856337,32.38299153426374,0.0,0.0,0.0,0.0
0.0,447.43168620754363,118.36902926986795,0.0,0.0,0.0,0.0
0.0,459.12906359315616,67.97842249897644,0.0,0.0,0.0,0.0
0.0,354.7405857441581,109.75204777428462,0.0,0.0,0.0,0.0
0.0,525.6580732110076,15.64433491780187,0.0,0.0,0.0,0.0
0.0,466.1071820144973,79.29699571719448,0.0,0.0,0.0,0.0
0.0,619.8809042002472,47.69297046669453,0.0,0.0,0.0,0.0
0.0,481.77558305530306,49.01963218503897,0.0,0.0,0.0,0.0
0.0,418.5367752180116,43.10267062989624,0.0,0.0,0.0,0.0
0.0,564.9066326162313,127.95733227251026,0.0,0.0,0.0,0.0
0.0,482.2935138037403,37.377420788544214,0.0,0.0,0.0,0.0
0.0,455.1304872391561,164.2982540296291,0.0,0.0,0.0,0.0
0.0,419.8089064918486,2.697665450260274,0.0,0.0,0.0,0.0
0.0,476.3949766877008,31.769654154487853,0.0,0.0,0.0,0.0
0.0,407.59440837584316,37.480362921904316,0.0,0.0,0.0,0.0
0.0,499.03163538797503,87.30476387042177,0.0,0.0,0.0,0.0
0.0,558.9919932391208,48.73814630472384,0.0,0.0,0.0,0.0
0.0,555.2790344428095,86.52456812596506,0.0,0.0,0.0,0.0
0.0,478.4591768351629,117.29781958241097,0.0,0.0,0.0,0.0
0.0,522.050571366351,58.73989881829152,0.0,0.0,0.0,0.0
0.0,546.0902505445006,34.37864367705788,0.0,0.0,0.0,0.0
0.0,573.3851854665359,50.54122698249057,0.0,0.0,0.0,0.0
0.0,492.97456355188797,102.06874499732089,0.0,0.0,0.0,0.0
0.0,538.2061042301198,48.808314806002954,0.0,0.0,0.0,0.0
0.0,525.2991357055425,91.09323145114968,0.0,0.0,0.0,0.0
0.0,458.83908346559247,49.523045141635976,0.0,0.0,0.0,0.0
0.0,512.3987867597966,25.796086939214774,0.0,0.0,0.0,0.0
0.0,469.713002908612,153.88720938679967,0.0,0.0,0.0,0.0
0.0,493.5515121598082,84.23954753742578,0.0,0.0,0.0,0.0
0.0,517.1093871446387,103.67876012535567,0.0,0.0,0.0,0.0
0.0,504.6964253844744,98.43113059605366,0.0,0.0,0.0,0.0
0.0,523.1902789192047,74.53608142633038,0.0,0.0,0.0,0.0
0.0,487.5294736674923,17.155944681631127,0.0,0.0,0.0,0.0
0.0,516.8492246112341,50.25084157970491,0.0,0.0,0.0,0.0
0.0,496.6559663753533,45.26767526149206,0.0,0.0,0.0,0.0
0.0,472.51575343937,66.67808061766459,0.0,0.0,0.0,0.0
0.0,478.12631936415596,102.78972471614497,0.0,0.0,0.0,0.0
0.0,475.10969711436974,93.00635711564155,0.0,0.0,0.0,0.0
0.0,414.19481165272873,-37.485979607577974,0.0,0.0,0.0,0.0
0.0,482.4632829357902,2.6758228974085796,0.0,0.0,0.0,0.0
0.0,430.21998560337283,46.93844932884599,0.0,0.0,0.0,0.0
0.0,434.40352956072775,128.32005589739833,0.0,0.0,0.0,0.0
0.0,529.1294219947667,62.530608765502166,0.0,0.0,0.0,0.0
0.0,480.9331513086786,104.04116103707884,0.0,0.0,0.0,0.0
0.0,454.58766338301075,65.32155831486739,0.0,0.0,0.0,0.0
0.0,503.91450777251134,-41.61093021653414,0.0,0.0,0.0,0.0
0.0,467.21850108574176,24.00930610614523,0.0,0.0,0.0,0.0
0.0,470.75569925578134,71.05610423973735,0.0,0.0,0.0,0.0
0.0,457.96652140323204,85.86904535115968,0.0,0.0,0.0,0.0
0.0,432.00555857889594,89.32917889901955,0.0,0.0,0.0,0.0
0.0,536.6861801407042,82.2846322444118,0.0,0.0,0.0,0.0
0.0,472.71469123048996,-23.89867569155649,0.0,0.0,0.0,0.0
0.0,591.8369363228819,79.46382436884755,0.0,0.0,0.0,0.0
0.0,450.5098185659974,144.5416217733382,0.0,0.0,0.0,0.0
0.0,440.7545833736285,130.57070529971065,0.0,0.0,0.0,0.0
0.0,568.2141672472453,129.6055905023718,0.0,0.0,0.0,0.0
0.0,510.79221953535375,124.71761044969116,0.0,0.0,0.0,0.0
0.0,-567.785964883375,359.2890921492476,0.0,0.0,0.0,0.0
0.0,-652.2679125045175,437.210565246784,0.0,0.0,0.0,0.0
0.0,-592.9630798569328,406.83619224010727,0.0,0.0,0.0,0.0
0.0,-624.0811655083714,400.28690297540925,0.0,0.0,0.0,0.0
0.0,-603.3394787583209,429.3141573018029,0.0,0.0,0.0,0.0
0.0,-582.1420397707298,413.81234224174887,0.0,0.0,0.0,0.0
0.0,-680.6153709914814,456.88436824997893,0.0,0.0,0.0,0.0
0.0,-566.4468628512201,415.64487343655037,0.0,0.0,0.0,0.0
0.0,-651.891286375256,437.25555596383765,0.0,0.0,0.0,0.0
0.0,-641.285469045242,412.6735507190747,0.0,0.0,0.0,0.0
0.0,-530.7039060374987,422.65287314293823,0.0,0.0,0.0,0.0
0.0,-531.021773855972,428.91262388165796,0.0,0.0,0.0,0.0
0.0,-552.3723578016287,400.70281753033146,0.0,0.0,0.0,0.0
0.0,-567.9042584024254,443.62357978899263,0.0,0.0,0.0,0.0
0.0,-656.7351806127144,444.21720317343033,0.0,0.0,0.0,0.0
0.0,-495.0428160013864,416.7617943978946,0.0,0.0,0.0,0.0
0.0,-629.3295204770819,334.615808794176,0.0,0.0,0.0,0.0
0.0,-589.3760718916408,479.418889331969,0.0,0.0,0.0,0.0
0.0,-554.8841742861568,436.50795243798393,0.0,0.0,0.0,0.0
0.0,-581.6084726542342,419.62303171946314,0.0,0.0,0.0,0.0
0.0,-616.8783960544895,459.5891790197784,0.0,0.0,0.0,0.0
0.0,-701.1558688827279,487.81401172448386,0.0,0.0,0.0,0.0
0.0,-535.5429875438285,400.46983855695726,0.0,0.0,0.0,0.0
0.0,-533.5200660275387,309.937665947856,0.0,0.0,0.0,0.0
0.0,-576.6908590978808,362.4990718372237,0.0,0.0,0.0,0.0
0.0,-695.934116680332,316.10580334277574,0.0,0.0,0.0,0.0
0.0,-504.0033862043565,373.6689847257155,0.0,0.0,0.0,0.0
0.0,-630.2013183316074,453.5271692505228,0.0,0.0,0.0,0.0
0.0,-592.9491088934153,518.5479901427279,0.0,0.0,0.0,0.0
0.0,-574.702687410852,417.46770606238533,0.0,0.0,0.0,0.0
0.0,-571.1354187416943,426.12276646159876,0.0,0.0,0.0,0.0
0.0,-652.4918544244548,505.1952764722082,0.0,0.0,0.0,0.0
0.0,-582.1874905879083,404.7919716721847,0.0,0.0,0.0,0.0
0.0,-624.2742061984368,407.44404091178353,0.0,0.0,0.0,0.0
0.0,-610.551458344516,461.09237600029655,0.0,0.0,0.0,0.0
0.0,-618.8014065095032,494.9391532240584,0.0,0.0,0.0,0.0
0.0,-660.2648883407304,466.67653325860397,0.0,0.0,0.0,0.0
0.0,-502.52314764207904,377.85779896261806,0.0,0.0,0.0,0.0
0.0,-576.8657520248032,436.20392628982154,0.0,0.0,0.0,0.0
0.0,-592.4363419582864,443.89448503133167,0.0,0.0,0.0,0.0
0.0,-548.7298670467301,422.84940804922735,0.0,0.0,0.0,0.0
0.0,-636.144625173877,413.1261134313954,0.0,0.0,0.0,0.0
0.0,-629.0858036085724,378.3620539716876,0.0,0.0,0.0,0.0
0.0,-577.5660074021755,395.722490054595,0.0,0.0,0.0,0.0
0.0,-575.4740720298012,462.5001266265924,0.0,0.0,0.0,0.0
0.0,-617.4266095060855,323.6090692398707,0.0,0.0,0.0,0.0
0.0,-595.0044824190455,458.0435529130566,0.0,0.0,0.0,0.0
0.0,-729.112603852483,404.3124966509813,0.0,0.0,0.0,0.0
0.0,-525.2268506896543,331.8486526128445,0.0,0.0,0.0,0.0
0.0,-613.3214457685058,407.7833088762245,0.0,0.0,0.0,0.0
0.0,-710.6605838940322,418.87770427926216,0.0,0.0,0.0,0.0
0.0,-586.3045418662418,383.17779432656266,0.0,0.0,0.0,0.0
0.0,-648.9225140047075,418.11690694783715,0.0,0.0,0.0,0.0
0.0,-677.0723216794173,429.7055451156948,0.0,0.0,0.0,0.0
0.0,-581.6585069816972,408.14859314014166,0.0,0.0,0.0,0.0
0.0,-626.7255890787201,399.74783259663354,0.0,0.0,0.0,0.0
0.0,-597.4939945167029,392.7466828913284,0.0,0.0,0.0,0.0
0.0,-620.910044980269,374.9021538623854,0.0,0.0,0.0,0.0
0.0,-514.3232018465561,384.0464906080774,0.0,0.0,0.0,0.0
0.0,-558.5507798046849,384.81262939047747,0.0,0.0,0.0,0.0
0.0,-529.1531452046374,396.2828005966544,0.0,0.0,0.0,0.0
0.0,-507.8988456824778,421.0969542330977,0.0,0.0,0.0,0.0
0.0,-563.0907655137133,384.85753356126725,0.0,0.0,0.0,0.0
0.0,-613.4317336647396,390.6583090169654,0.0,0.0,0.0,0.0
0.0,-674.2787206961428,384.49949541959995,0.0,0.0,0.0,0.0
0.0,-586.1789305932674,367.1134439569805,0.0,0.0,0.0,0.0
0.0,-651.271704229674,408.81032131377515,0.0,0.0,0.0,0.0
0.0,-665.5853928457419,329.62518468967824,0.0,0.0,0.0,0.0
0.0,-620.9394710477055,392.627837032298,0.0,0.0,0.0,0.0
0.0,-557.9871141514966,417.39746036815495,0.0,0.0,0.0,0.0
0.0,-685.5433739577632,391.9827780128653,0.0,0.0,0.0,0.0
0.0,-624.7770579505698,400.0056383592514,0.0,0.0,0.0,0.0
0.0,-589.2363365285307,480.12226911544303,0.0,0.0,0.0,0.0
0.0,-598.2304035026962,404.27777453474164,0.0,0.0,0.0,0.0
0.0,934.9362804202601,489.5097672091306,0.0,0.0,0.0,0.0
0.0,901.3389355139884,421.8771047271098,0.0,0.0,0.0,0.0
0.0,883.4859831537392,425.6888289375174,0.0,0.0,0.0,0.0
0.0,817.8921021343972,410.103294691326,0.0,0.0,0.0,0.0
0.0,907.0841225350573,411.20090939051556,0.0,0.0,0.0,0.0
0.0,841.9408401759606,444.66237735250843,0.0,0.0,0.0,0.0
0.0,893.4986892583988,445.050447257056,0.0,0.0,0.0,0.0
0.0,930.3606637125463,405.8186665998719,0.0,0.0,0.0,0.0
0.0,932.4817846813794,338.5341088238422,0.0,0.0,0.0,0.0
0.0,945.6827606455258,408.2617502445448,0.0,0.0,0.0,0.0
0.0,912.9324752397033,462.57302631412813,0.0,0.0,0.0,0.0
0.0,887.1500071947921,517.7698909369351,0.0,0.0,0.0,0.0
0.0,805.359492866859,413.50088284599815,0.0,0.0,0.0,0.0
0.0,798.0019354911024,355.9416989103929,0.0,0.0,0.0,0.0
0.0,930.5397800354845,425.5709904948035,0.0,0.0,0.0,0.0
0.0,927.5987475186112,359.46001364722406,0.0,0.0,0.0,0.0
0.0,992.4239141394141,446.16270660489954,0.0,0.0,0.0,0.0
0.0,874.3087887257439,363.30859772863823,0.0,0.0,0.0,0.0
0.0,950.5344207226067,444.5648072809511,0.0,0.0,0.0,0.0
0.0,907.9460853815012,478.7150760796185,0.0,0.0,0.0,0.0
0.0,146.59575373401753,1024.7342595141622,0.0,0.0,0.0,0.0
0.0,285.51585733623347,969.2790389100883,0.0,0.0,0.0,0.0
0.0,280.3474605949659,966.3990177513465,0.0,0.0,0.0,0.0
0.0,168.17139870818028,976.4286212448164,0.0,0.0,0.0,0.0
0.0,293.3909421272333,931.4753397407185,0.0,0.0,0.0,0.0
0.0,267.8484474650463,878.7099735372562,0.0,0.0,0.0,0.0
0.0,195.9628712835888,943.7326923526693,0.0,0.0,0.0,0.0
0.0,-865.3722696690298,421.1442154506858,0.0,0.0,0.0,0.0
0.0,-864.3820581013309,372.21105369252996,0.0,0.0,0.0,0.0
0.0,-879.2468824705315,322.48876029257667,0.0,0.0,0.0,0.0
0.0,-723.424197520426,420.1806650180729,0.0,0.0,0.0,0.0
0.0,-790.9701228765146,334.40193490045704,0.0,0.0,0.0,0.0
0.0,-938.6478777586555,330.05255853429344,0.0,0.0,0.0,0.0
0.0,-879.5892775429497,361.6244412817837,0.0,0.0,0.0,0.0
0.0,-810.9633948584917,349.008922053506,0.0,0.0,0.0,0.0
0.0,-875.4263873779329,276.93107268420863,0.0,0.0,0.0,0.0
0.0,-861.6548418500347,413.18699715821276,0.0,0.0,0.0,0.0
0.0,-853.9653245522878,377.66496807487033,0.0,0.0,0.0,0.0
0.0,-880.1872347308667,383.09948898551943,0.0,0.0,0.0,0.0
0.0,-882.1916840675152,418.9391848872201,0.0,0.0,0.0,0.0
0.0,-798.0133178994269,285.50392405064395,0.0,0.0,0.0,0.0
0.0,-887.3125167441484,351.6206493115285,0.0,0.0,0.0,0.0
0.0,-918.3862869187567,348.9002490218252,0.0,0.0,0.0,0.0
0.0,-953.5275253464825,341.64384646336316,0.0,0.0,0.0,0.0
0.0,-794.5815636407871,279.8475022528064,0.0,0.0,0.0,0.0
0.0,-810.3529869636583,363.31478574985476,0.0,0.0,0.0,0.0
0.0,-886.8236797802025,356.88211888251385,0.0,0.0,0.0,0.0
0.0,-789.0047930130984,320.1915747326393,0.0,0.0,0.0,0.0
0.0,-846.7868047217662,347.7629317407693,0.0,0.0,0.0,0.0
0.0,-851.5686345592176,372.7178757169495,0.0,0.0,0.0,0.0
0.0,-869.167478172538,277.6392622404278,0.0,0.0,0.0,0.0
0.0,-787.1840154152308,398.4144287392885,0.0,0.0,0.0,0.0
0.0,-868.4601456270714,331.67734018258716,0.0,0.0,0.0,0.0
0.0,-837.0261812241474,318.0255017533468,0.0,0.0,0.0,0.0
0.0,-840.5683352710265,457.83753343175977,0.0,0.0,0.0,0.0
0.0,-907.5546386535112,422.16474566623515,0.0,0.0,0.0,0.0
0.0,-844.4704086954398,334.4311187548842,0.0,0.0,0.0,0.0
0.0,-952.8312611804338,339.0284874582378,0.0,0.0,0.0,0.0
0.0,-805.5211401392148,377.1134677903465,0.0,0.0,0.0,0.0
0.0,-812.7776459943077,322.9534977516705,0.0,0.0,0.0,0.0
0.0,-849.6872270804997,330.46438040146677,0.0,0.0,0.0,0.0
0.0,-821.5214820732306,346.40997798736225,0.0,0.0,0.0,0.0
0.0,-843.8903394821874,380.794192173943,0.0,0.0,0.0,0.0
0.0,-733.981773345255,428.7345685824498,0.0,0.0,0.0,0.0
0.0,-815.5778058612635,305.1092604799733,0.0,0.0,0.0,0.0
0.0,-918.4388784582051,388.84830895949517,0.0,0.0,0.0,0.0
0.0,-838.2832563750519,398.1859069059542,0.0,0.0,0.0,0.0
0.0,-867.3935087359728,301.13933216395776,0.0,0.0,0.0,0.0
0.0,-862.1029782153006,402.9992717983814,0.0,0.0,0.0,0.0
0.0,-845.7450235058827,411.9432007416399,0.0,0.0,0.0,0.0
0.0,-827.3480867088172,335.05937552454907,0.0,0.0,0.0,0.0
0.0,-896.8829587211131,349.8518126800325,0.0,0.0,0.0,0.0
0.0,-883.8677110705975,345.308550740358,0.0,0.0,0.0,0.0
0.0,-840.5639110024847,417.0297342354788,0.0,0.0,0.0,0.0
0.0,-827.5190819320457,332.2658764605194,0.0,0.0,0.0,0.0
0.0,-879.0228608292562,261.9495798452558,0.0,0.0,0.0,0.0
0.0,-804.2681571141669,316.35195958104964,0.0,0.0,0.0,0.0
0.0,-763.5250760652322,409.0935872821001,0.0,0.0,0.0,0.0
0.0,-893.1849393935821,390.249662254246,0.0,0.0,0.0,0.0
0.0,-774.6227261892951,358.3106531513522,0.0,0.0,0.0,0.0
0.0,-869.7572118574841,337.5257132823458,0.0,0.0,0.0,0.0
0.0,-867.1234949987953,337.95579357847055,0.0,0.0,0.0,0.0
0.0,-841.1268768028949,423.10071044258984,0.0,0.0,0.0,0.0
0.0,-775.7829257527485,379.9171000427166,0.0,0.0,0.0,0.0
0.0,-833.0790835963884,367.60322050842365,0.0,0.0,0.0,0.0
0.0,-863.3224501695181,351.8745871819799,0.0,0.0,0.0,0.0
0.0,-896.2143567220351,319.821569018485,0.0,0.0,0.0,0.0
0.0,-851.2670804414029,437.8732059052254,0.0,0.0,0.0,0.0
0.0,-890.0417789743436,305.58515269522013,0.0,0.0,0.0,0.0
0.0,-804.0274139714021,307.37372877792814,0.0,0.0,0.0,0.0
0.0,-854.6198317069168,311.5053387358871,0.0,0.0,0.0,0.0
0.0,-846.2458874647172,390.03635609690923,0.0,0.0,0.0,0.0
0.0,-786.6913464573755,297.48804455319896,0.0,0.0,0.0,0.0
0.0,-797.5337232886986,329.47462015745464,0.0,0.0,0.0,0.0
0.0,-848.307560753045,300.94250086069655,0.0,0.0,0.0,0.0
0.0,-323.83947631758065,-851.5478712594521,0.0,0.0,0.0,0.0
0.0,-383.35798455612667,-935.1547756615084,0.0,0.0,0.0,0.0
0.0,-446.5432047723334,-940.7888373355481,0.0,0.0,0.0,0.0
0.0,-344.43986132805014,-927.935113562454,0.0,0.0,0.0,0.0
0.0,-403.6920436598946,-893.7167345528436,0.0,0.0,0.0,0.0
0.0,-447.5808817325244,-942.0058528940772,0.0,0.0,0.0,0.0
0.0,-364.69218437396125,-885.9226235226216,0.0,0.0,0.0,0.0
0.0,-433.13975547430346,-779.9878826581917,0.0,0.0,0.0,0.0
0.0,-458.950724157123,-850.0846104962582,0.0,0.0,0.0,0.0
0.0,-388.67252884639083,-857.6067127838849,0.0,0.0,0.0,0.0
0.0,-377.60532112519536,-824.436129815655,0.0,0.0,0.0,0.0
0.0,-299.38540614131944,-841.7283549772468,0.0,0.0,0.0,0.0
0.0,-401.07183373835255,-927.0747321450622,0.0,0.0,0.0,0.0
0.0,-324.8473265724215,-920.4541141686611,0.0,0.0,0.0,0.0
0.0,858.1986530967006,824.875166933909,0.0,0.0,0.0,0.0
0.0,768.646161187879,996.4880274910347,0.0,0.0,0.0,0.0
0.0,858.7778604994223,965.0652799175514,0.0,0.0,0.0,0.0
0.0,780.5279960721227,848.3114028144773,0.0,0.0,0.0,0.0
0.0,859.9274222789522,951.8046242020368,0.0,0.0,0.0,0.0
0.0,817.8495439977924,958.7844883933785,0.0,0.0,0.0,0.0
0.0,842.1894400420974,849.266387725931,0.0,0.0,0.0,0.0
0.0,823.2837891608992,919.5011787633744,0.0,0.0,0.0,0.0
0.0,791.1826313658003,953.8574799936291,0.0,0.0,0.0,0.0
0.0,833.0722308168674,893.5604168119758,0.0,0.0,0.0,0.0
0.0,766.0220184296772,820.9211034171594,0.0,0.0,0.0,0.0
0.0,753.1013756355474,953.5263270617461,0.0,0.0,0.0,0.0
0.0,848.3898879672938,875.0528806574503,0.0,0.0,0.0,0.0
0.0,702.1858008077852,880.7042802885767,0.0,0.0,0.0,0.0
0.0,796.631238326795,887.0366494286745,0.0,0.0,0.0,0.0
0.0,735.0656162228402,939.9153688428423,0.0,0.0,0.0,0.0
0.0,816.2405950737352,957.9507159534755,0.0,0.0,0.0,0.0
0.0,788.2083939723111,898.4049177013517,0.0,0.0,0.0,0.0
0.0,811.1020034458729,888.8318552428482,0.0,0.0,0.0,0.0
0.0,733.5159756776179,999.7703553430074,0.0,0.0,0.0,0.0
0.0,809.4538305399365,944.3854792066159,0.0,0.0,0.0,0.0
0.0,752.0429699008205,836.7667426068065,0.0,0.0,0.0,0.0
0.0,768.0561667748834,790.4367024884841,0.0,0.0,0.0,0.0
0.0,760.1336846241115,897.9122007726687,0.0,0.0,0.0,0.0
0.0,821.6889522294509,940.5324387357464,0.0,0.0,0.0,0.0
0.0,817.0351090373692,944.516145844405,0.0,0.0,0.0,0.0
0.0,863.8924214379163,901.8710585497943,0.0,0.0,0.0,0.0
0.0,826.8742278597892,982.4524245345251,0.0,0.0,0.0,0.0
0.0,773.6260348784926,823.8334619782481,0.0,0.0,0.0,0.0
0.0,782.2321765828515,1024.8877672781218,0.0,0.0,0.0,0.0
0.0,700.1488591669759,789.7997523023232,0.0,0.0,0.0,0.0
0.0,853.5395324347842,980.0822108966463,0.0,0.0,0.0,0.0
0.0,733.466885337893,904.6586517014603,0.0,0.0,0.0,0.0
0.0,882.6766839064749,925.022570866613,0.0,0.0,0.0,0.0
0.0,766.6441199829474,905.1692072846618,0.0,0.0,0.0,0.0
0.0,791.865800429518,982.1153151149142,0.0,0.0,0.0,0.0
0.0,867.5001466909362,864.3876912917249,0.0,0.0,0.0,0.0
0.0,852.442446522195,944.1526726239545,0.0,0.0,0.0,0.0
0.0,708.5201209489364,933.5147584300948,0.0,0.0,0.0,0.0
0.0,817.2494355409722,869.6128846814245,0.0,0.0,0.0,0.0
0.0,770.0295027371612,895.6600854265453,0.0,0.0,0.0,0.0
0.0,777.3887937336472,866.258423702353,0.0,0.0,0.0,0.0
0.0,806.0206182153756,952.9828944830497,0.0,0.0,0.0,0.0
0.0,771.3442163150694,874.3043135925495,0.0,0.0,0.0,0.0
0.0,713.2948638268185,876.2765499948814,0.0,0.0,0.0,0.0
0.0,858.3395248209481,905.4499271938239,0.0,0.0,0.0,0.0
0.0,869.8020961696952,898.9892118661646,0.0,0.0,0.0,0.0
0.0,-881.9860523454144,726.4390016418506,0.0,0.0,0.0,0.0
0.0,-865.4008349674453,773.925384226302,0.0,0.0,0.0,0.0
0.0,-845.8050050398109,724.620334321352,0.0,0.0,0.0,0.0
0.0,-838.8503615269657,703.4874274900794,0.0,0.0,0.0,0.0
0.0,-860.3200606900641,686.2303028071119,0.0,0.0,0.0,0.0
0.0,-846.0036566554824,769.5412596456081,0.0,0.0,0.0,0.0
0.0,-808.1665544859716,678.1392443066509,0.0,0.0,0.0,0.0
0.0,-970.597981306163,725.1297677473594,0.0,0.0,0.0,0.0
0.0,-850.2364602439208,761.8124071610337,0.0,0.0,0.0,0.0
0.0,-857.4981497042317,696.2744090562237,0.0,0.0,0.0,0.0
0.0,-890.277563904524,642.953314741412,0.0,0.0,0.0,0.0
0.0,-858.3935646244557,867.3388343515098,0.0,0.0,0.0,0.0
0.0,-789.7273014249038,720.3013197530072,0.0,0.0,0.0,0.0
0.0,-799.6601900772441,687.4778580886991,0.0,0.0,0.0,0.0
0.0,-787.232627338767,687.2187904866132,0.0,0.0,0.0,0.0
0.0,-864.9420960669322,733.4776104022908,0.0,0.0,0.0,0.0
0.0,-879.1925906408906,666.0161811715236,0.0,0.0,0.0,0.0
0.0,-882.8636068015584,747.941456269551,0.0,0.0,0.0,0.0
0.0,-817.2611424956883,691.2971278022032,0.0,0.0,0.0,0.0
0.0,-848.7924855615036,686.3783449543539,0.0,0.0,0.0,0.0
0.0,-812.2794899747748,771.5756649873483,0.0,0.0,0.0,0.0
0.0,-930.4956340355011,720.3566140930752,0.0,0.0,0.0,0.0
0.0,-883.9328775603718,716.4914149206234,0.0,0.0,0.0,0.0
0.0,-804.8654172730902,688.6571151554217,0.0,0.0,0.0,0.0
0.0,-835.5932569702247,675.811321747283,0.0,0.0,0.0,0.0
0.0,-906.85953703044,827.9962309858647,0.0,0.0,0.0,0.0
0.0,-870.3200755271195,793.4936616480086,0.0,0.0,0.0,0.0
0.0,-883.5440163171113,642.8288527757886,0.0,0.0,0.0,0.0
0.0,-875.2837695572732,763.318404811399,0.0,0.0,0.0,0.0
0.0,-874.9552946666673,634.3398284564819,0.0,0.0,0.0,0.0
0.0,-824.589936421354,705.9220049663345,0.0,0.0,0.0,0.0
0.0,-852.2294078227703,757.883207195719,0.0,0.0,0.0,0.0
0.0,-743.1489610350704,694.4630955169573,0.0,0.0,0.0,0.0
0.0,-861.2753954007894,732.7395696226804,0.0,0.0,0.0,0.0
0.0,-859.4383700167843,720.2183076256774,0.0,0.0,0.0,0.0
0.0,-821.7678019706727,711.4919394255658,0.0,0.0,0.0,0.0
0.0,-948.5165674040493,678.4103219870817,0.0,0.0,0.0,0.0
0.0,-844.0294262306197,719.1663180689557,0.0,0.0,0.0,0.0
0.0,-859.7791906389483,651.1107317751628,0.0,0.0,0.0,0.0
0.0,-819.5085198666412,701.2888836469238,0.0,0.0,0.0,0.0
0.0,-889.2111327019992,643.8753394004689,0.0,0.0,0.0,0.0
0.0,-865.9486091241469,702.1334696413351,0.0,0.0,0.0,0.0
0.0,-807.6199976722077,701.1621943314235,0.0,0.0,0.0,0.0
0.0,-822.0899015352778,627.5464222312912,0.0,0.0,0.0,0.0
0.0,-866.5628885529986,750.1471924711309,0.0,0.0,0.0,0.0
0.0,-947.7744217379875,742.8233104331184,0.0,0.0,0.0,0.0
0.0,-838.078543276295,790.8697894262477,0.0,0.0,0.0,0.0
0.0,-933.4863388135071,711.719720605367,0.0,0.0,0.0,0.0
0.0,-904.5477465960925,742.2367304330628,0.0,0.0,0.0,0.0
0.0,-777.5821742567786,634.6841621886906,0.0,0.0,0.0,0.0
0.0,-806.5521672200675,800.0152751974178,0.0,0.0,0.0,0.0
0.0,-837.4970440499561,773.5936194278675,0.0,0.0,0.0,0.0
0.0,-870.6104817883595,721.8604610564917,0.0,0.0,0.0,0.0
0.0,-795.5438734226088,747.3774562654858,0.0,0.0,0.0,0.0
0.0,-804.4429632210703,780.1745142242389,0.0,0.0,0.0,0.0
0.0,-885.2899885256263,628.3537212580877,0.0,0.0,0.0,0.0
0.0,-815.648589702713,741.9228610101782,0.0,0.0,0.0,0.0
0.0,-821.1741215956088,717.0458737367176,0.0,0.0,0.0,0.0
0.0,-775.585672730621,704.2865517807418,0.0,0.0,0.0,0.0
0.0,-902.398869036572,710.7735666537892,0.0,0.0,0.0,0.0
0.0,-810.9748850061409,694.0025824906816,0.0,0.0,0.0,0.0
0.0,-863.4386749277699,686.9563300949058,0.0,0.0,0.0,0.0
0.0,-881.2793155555962,611.6317478886515,0.0,0.0,0.0,0.0
0.0,-868.898505346963,636.2820398906058,0.0,0.0,0.0,0.0
0.0,-860.9008769622629,839.9700812900769,0.0,0.0,0.0,0.0
0.0,-863.1476941662315,840.5202601369438,0.0,0.0,0.0,0.0
0.0,-865.0250693515862,680.4854395778775,0.0,0.0,0.0,0.0
0.0,-789.9516273056032,780.840800314807,0.0,0.0,0.0,0.0
0.0,-925.4520262822135,706.7240819410199,0.0,0.0,0.0,0.0
0.0,-807.347916583395,692.9388724387891,0.0,0.0,0.0,0.0
0.0,-909.4444806631652,683.9037089704182,0.0,0.0,0.0,0.0
0.0,-860.2651166479968,772.671894635374,0.0,0.0,0.0,0.0
0.0,-874.4937163739446,726.4305120965728,0.0,0.0,0.0,0.0
0.0,-909.464258334463,688.0566867137527,0.0,0.0,0.0,0.0
0.0,-797.5233534849342,724.1568101243606,0.0,0.0,0.0,0.0
0.0,-1075.2451272094227,169.11454440538682,0.0,0.0,0.0,0.0
0.0,-1053.3540517516992,285.87865487944305,0.0,0.0,0.0,0.0
0.0,-1042.8667793063878,242.40940700015244,0.0,0.0,0.0,0.0
0.0,-1018.9408078170484,131.4245616171911,0.0,0.0,0.0,0.0
0.0,-1005.7197726102368,158.32963919086046,0.0,0.0,0.0,0.0
0.0,-1129.6696184229095,177.32189684702303,0.0,0.0,0.0,0.0
0.0,-1116.5132593542742,206.07790477670505,0.0,0.0,0.0,0.0
0.0,-1055.8082563891944,143.23287302056588,0.0,0.0,0.0,0.0
0.0,-1138.063871778927,159.17751518493492,0.0,0.0,0.0,0.0
0.0,-973.8449549080702,195.15891035748132,0.0,0.0,0.0,0.0
0.0,-1058.1608597689285,127.77016697374484,0.0,0.0,0.0,0.0
0.0,-1119.2422959026003,181.6883094746845,0.0,0.0,0.0,0.0
0.0,-1174.6707762832416,172.12281216520296,0.0,0.0,0.0,0.0
0.0,-1110.4982281492262,243.526042099214,0.0,0.0,0.0,0.0
0.0,-1070.3233018037408,190.69306617114194,0.0,0.0,0.0,0.0
0.0,-1044.0038536666418,254.67953722066477,0.0,0.0,0.0,0.0
0.0,-1080.5998831878585,165.1853555294399,0.0,0.0,0.0,0.0
0.0,-1020.9596302462992,137.8294859757973,0.0,0.0,0.0,0.0
0.0,-995.2978392188406,189.2204758867597,0.0,0.0,0.0,0.0
0.0,-1131.6198093167218,261.34388769656425,0.0,0.0,0.0,0.0
0.0,-1142.6210006631593,207.13027430042234,0.0,0.0,0.0,0.0
0.0,-1097.1626019733105,219.88609711722347,0.0,0.0,0.0,0.0
0.0,-1140.1722409435624,119.91170837414461,0.0,0.0,0.0,0.0
0.0,-1064.8647193242814,205.39696875188565,0.0,0.0,0.0,0.0
0.0,-1106.9739557951818,87.93366135514475,0.0,0.0,0.0,0.0
0.0,-1049.093715141785,225.5482742466636,0.0,0.0,0.0,0.0
0.0,-1052.7080051400678,207.45919619653296,0.0,0.0,0.0,0.0
0.0,-1095.5934766357705,173.85263730209476,0.0,0.0,0.0,0.0
0.0,-1076.201404264646,110.55719898376947,0.0,0.0,0.0,0.0
0.0,-1119.4651051936821,89.8923577974092,0.0,0.0,0.0,0.0
0.0,-1026.5028133077603,124.69542308801988,0.0,0.0,0.0,0.0
0.0,-1039.249239512591,173.87485635620237,0.0,0.0,0.0,0.0
0.0,-1008.2907372916823,154.710321482911,0.0,0.0,0.0,0.0
0.0,-1072.4723496505067,152.00656977535618,0.0,0.0,0.0,0.0
0.0,-1119.159373448728,200.47008082421894,0.0,0.0,0.0,0.0
0.0,-1107.9052882743104,155.59039036947547,0.0,0.0,0.0,0.0
0.0,-1188.164522155672,137.19089061458044,0.0,0.0,0.0,0.0
0.0,-1074.2097939574896,107.71952469119788,0.0,0.0,0.0,0.0
0.0,-1089.4263483997106,119.74010495249058,0.0,0.0,0.0,0.0
0.0,-1105.2620519913096,174.12584255827528,0.0,0.0,0.0,0.0
0.0,-1148.5476409014561,123.20322732461022,0.0,0.0,0.0,0.0
0.0,-1081.9285360677343,209.7326705150183,0.0,0.0,0.0,0.0
0.0,-1073.557666662593,150.8028002852834,0.0,0.0,0.0,0.0
0.0,-1063.3592749217041,42.50314631898232,0.0,0.0,0.0,0.0
0.0,-1064.1611099982754,123.86910024864915,0.0,0.0,0.0,0.0
0.0,-1184.407442163785,249.92613471106165,0.0,0.0,0.0,0.0
0.0,-1037.0924849239943,81.0006882202947,0.0,0.0,0.0,0.0
0.0,-1149.6966056669394,185.216746488318,0.0,0.0,0.0,0.0
0.0,-1127.2173232146822,139.9307305301495,0.0,0.0,0.0,0.0
0.0,-1014.8607704831661,173.00893694568094,0.0,0.0,0.0,0.0
0.0,-1038.9583485045412,137.41785229472862,0.0,0.0,0.0,0.0
0.0,-1046.3387076887004,147.3963023719607,0.0,0.0,0.0,0.0
0.0,-1068.8792385539004,110.2812698044761,0.0,0.0,0.0,0.0
0.0,-1128.0976900772246,228.17010883036096,0.0,0.0,0.0,0.0
0.0,-1156.935632892037,80.95564459042521,0.0,0.0,0.0,0.0
0.0,-1055.904926134763,100.99333231581295,0.0,0.0,0.0,0.0
0.0,-986.3839252349073,215.9188324660929,0.0,0.0,0.0,0.0
0.0,-1012.5430076005168,200.53495275120758,0.0,0.0,0.0,0.0
0.0,-992.865809985273,199.8240593319954,0.0,0.0,0.0,0.0
0.0,-1126.1116513367833,99.73348740534016,0.0,0.0,0.0,0.0
0.0,-1047.5615087678848,239.82725921627434,0.0,0.0,0.0,0.0
0.0,-1078.0171489292384,139.8037955083512,0.0,0.0,0.0,0.0
0.0,-1076.3072213170994,216.51571223063684,0.0,0.0,0.0,0.0
0.0,-1050.4120255908952,252.6895559642362,0.0,0.0,0.0,0.0
0.0,-1002.1460321117363,199.2945601130334,0.0,0.0,0.0,0.0
0.0,-1121.4937286622728,151.19546215430546,0.0,0.0,0.0,0.0
0.0,-1030.9014199809365,139.87466684858987,0.0,0.0,0.0,0.0
0.0,-1077.456692510354,-476.7100818043981,0.0,0.0,0.0,0.0
0.0,-1041.080363242092,-451.78675980480034,0.0,0.0,0.0,0.0
0.0,-1024.6642037323882,-437.53498131177275,0.0,0.0,0.0,0.0
0.0,-1057.0198991333766,-504.9541186975757,0.0,0.0,0.0,0.0
0.0,-1051.9515255200952,-564.7391728310473,0.0,0.0,0.0,0.0
0.0,-994.2337878726,-521.2678102555743,0.0,0.0,0.0,0.0
0.0,-981.3759838756457,-547.3726615767481,0.0,0.0,0.0,0.0
0.0,-974.381242346129,-408.69831966780816,0.0,0.0,0.0,0.0
0.0,-1046.5516210041121,-401.45748384482613,0.0,0.0,0.0,0.0
0.0,-1045.4357769471885,-435.45758695660174,0.0,0.0,0.0,0.0
0.0,-1117.8676277493123,-446.6258118529354,0.0,0.0,0.0,0.0
0.0,-1100.9701252196412,-446.318588018025,0.0,0.0,0.0,0.0
0.0,-1048.0705411090466,-468.7869597591,0.0,0.0,0.0,0.0
0.0,-1036.023538507863,-385.85882118449797,0.0,0.0,0.0,0.0
0.0,-1009.4132538513954,-399.2151119654991,0.0,0.0,0.0,0.0
0.0,-1063.4953304328749,-454.722296686277,0.0,0.0,0.0,0.0
0.0,-1024.4917346328407,-393.7449897307687,0.0,0.0,0.0,0.0
0.0,-1020.4858357336377,-379.09440604752365,0.0,0.0,0.0,0.0
0.0,-992.2082289357916,-519.7381968217227,0.0,0.0,0.0,0.0
0.0,-1028.3065381802396,-366.5510931939923,0.0,0.0,0.0,0.0
0.0,-1075.2269972121398,-442.30222678383177,0.0,0.0,0.0,0.0
0.0,-1059.654211910909,-451.98964858502745,0.0,0.0,0.0,0.0
0.0,-1138.0036796298805,-427.9433166067589,0.0,0.0,0.0,0.0
0.0,-1043.3153226945897,-474.0833662182845,0.0,0.0,0.0,0.0
0.0,-1031.0546303052397,-458.8854790516366,0.0,0.0,0.0,0.0
0.0,-1135.1214038530234,-431.6761327146644,0.0,0.0,0.0,0.0
0.0,-1054.0064055220118,-414.3983343143568,0.0,0.0,0.0,0.0
0.0,-1138.9850000808794,-557.7625670482406,0.0,0.0,0.0,0.0
0.0,-1140.901956001505,-522.8628204198462,0.0,0.0,0.0,0.0
0.0,-1086.8482035120621,-453.58952646420676,0.0,0.0,0.0,0.0
0.0,-1066.3484843858676,-495.726018105055,0.0,0.0,0.0,0.0
0.0,-1077.9245359640709,-431.78167792858164,0.0,0.0,0.0,0.0
0.0,-1107.991429550956,-393.22271003821834,0.0,0.0,0.0,0.0
0.0,-1043.1126349342615,-457.3513403538924,0.0,0.0,0.0,0.0
0.0,-1065.0857460989985,-395.7953419472209,0.0,0.0,0.0,0.0
0.0,-960.2471603398858,-559.0109041059729,0.0,0.0,0.0,0.0
0.0,-1082.9279345490188,-470.9924544067576,0.0,0.0,0.0,0.0
0.0,-1032.6541075984778,-507.92202136195226,0.0,0.0,0.0,0.0
0.0,-1005.1749922004601,-380.05172961608196,0.0,0.0,0.0,0.0
0.0,-1070.78670166911,-449.19414293653176,0.0,0.0,0.0,0.0
0.0,-1021.436320136741,-411.55355076909404,0.0,0.0,0.0,0.0
0.0,-938.8298997176291,-469.25224187467416,0.0,0.0,0.0,0.0
0.0,-1079.3926280363933,-458.30720606544025,0.0,0.0,0.0,0.0
0.0,-1054.3718391208881,-418.2084591690317,0.0,0.0,0.0,0.0
0.0,-1023.4909354575425,-444.4428557314326,0.0,0.0,0.0,0.0
0.0,-1098.2963258564725,-469.3010809704291,0.0,0.0,0.0,0.0
0.0,-1020.2294865942849,-468.8393159896357,0.0,0.0,0.0,0.0
0.0,-1005.2240612933836,-464.1073334645938,0.0,0.0,0.0,0.0
0.0,-1046.3245385790844,-432.7768981799693,0.0,0.0,0.0,0.0
0.0,-1160.6309090145828,-492.4844694643497,0.0,0.0,0.0,0.0
0.0,-1006.2661334123577,-572.9345243658009,0.0,0.0,0.0,0.0
0.0,-1021.1603072484945,-553.9993740679305,0.0,0.0,0.0,0.0
0.0,-1127.8969493044262,-381.734684391236,0.0,0.0,0.0,0.0
0.0,-1078.18319746371,-453.7392073521015,0.0,0.0,0.0,0.0
0.0,-1029.4417846049669,-500.40683951235235,0.0,0.0,0.0,0.0
0.0,-1038.8640406733286,-440.7162927166487,0.0,0.0,0.0,0.0
0.0,-1049.629925015215,-510.0164335221093,0.0,0.0,0.0,0.0
0.0,-1085.0431369292935,-401.3808697903514,0.0,0.0,0.0,0.0
0.0,-1080.244309120401,-411.38639941999713,0.0,0.0,0.0,0.0
0.0,-987.2859475960904,-414.8334769004033,0.0,0.0,0.0,0.0
0.0,-1097.5199990983838,-476.90673945184426,0.0,0.0,0.0,0.0
0.0,-1108.143231890966,-336.6701335433786,0.0,0.0,0.0,0.0
0.0,-1107.1593654759656,-475.3210468023034,0.0,0.0,0.0,0.0
0.0,-1015.0975876985763,-442.8412528040035,0.0,0.0,0.0,0.0
0.0,-1089.694769824188,-425.31822657334055,0.0,0.0,0.0,0.0
0.0,-1108.7490512538072,-383.4084045995635,0.0,0.0,0.0,0.0
0.0,-1081.6583631644025,-476.5742200888866,0.0,0.0,0.0,0.0
0.0,-1019.2601421447612,-487.18681576340043,0.0,0.0,0.0,0.0
0.0,-1037.4077842827019,-437.6545436291499,0.0,0.0,0.0,0.0
0.0,-1078.5632328213378,-443.5623328287527,0.0,0.0,0.0,0.0
0.0,-1055.33188579854,-395.04834944215486,0.0,0.0,0.0,0.0
0.0,-974.4653573501195,-441.2941975779519,0.0,0.0,0.0,0.0
0.0,-1110.0026508744384,-477.9160090567409,0.0,0.0,0.0,0.0
0.0,-1134.4907455044724,-483.55399181896075,0.0,0.0,0.0,0.0
0.0,-1000.5140387935896,-430.81100568171087,0.0,0.0,0.0,0.0
0.0,-1008.4442271993505,-436.12655953924786,0.0,0.0,0.0,0.0
0.0,-1086.990499429989,-546.1713686651611,0.0,0.0,0.0,0.0
0.0,-1013.8490653310494,-428.091185272261,0.0,0.0,0.0,0.0
0.0,-1075.9858118447096,-431.7571832357738,0.0,0.0,0.0,0.0
0.0,-1016.152579583257,-374.2760733730429,0.0,0.0,0.0,0.0
0.0,-1086.7348011580207,-497.0552874374356,0.0,0.0,0.0,0.0
0.0,-1039.0431930844961,-526.6676625049491,0.0,0.0,0.0,0.0
0.0,-1065.8678759118714,-445.6090098707524,0.0,0.0,0.0,0.0
0.0,-1090.28737193924,-476.07933594058125,0.0,0.0,0.0,0.0
0.0,-1082.0199511280762,-445.12571920221626,0.0,0.0,0.0,0.0
0.0,-1010.9953499730257,-443.14453429317973,0.0,0.0,0.0,0.0
0.0,-1061.0454574642617,-415.3465297402637,0.0,0.0,0.0,0.0
0.0,-1091.1091209274807,-403.0085126911333,0.0,0.0,0.0,0.0
0.0,-1054.40491520908,-442.95715800638766,0.0,0.0,0.0,0.0
0.0,-1015.4269952520015,-446.684782945487,0.0,0.0,0.0,0.0
0.0,-339.2258022544423,-1223.0303072141787,0.0,0.0,0.0,0.0
0.0,-329.3977949969126,-1173.310405414607,0.0,0.0,0.0,0.0
0.0,-414.6251735514486,-1167.61565042064,0.0,0.0,0.0,0.0
0.0,-369.0366047254514,-1114.5826417428204,0.0,0.0,0.0,0.0
0.0,-405.29455526619813,-1139.0264841937312,0.0,0.0,0.0,0.0
0.0,-341.82663286348736,-1186.6054481259264,0.0,0.0,0.0,0.0
0.0,-310.678206395673,-1215.6758306223837,0.0,0.0,0.0,0.0
0.0,-299.2610248569872,-1033.1715799432034,0.0,0.0,0.0,0.0
0.0,-344.1551184885917,-1232.181436968559,0.0,0.0,0.0,0.0
0.0,-336.8103513259259,-1140.7704616857463,0.0,0.0,0.0,0.0
0.0,-391.4558040690381,-1260.6699277610307,0.0,0.0,0.0,0.0
0.0,-446.885417147369,-1085.6884985099264,0.0,0.0,0.0,0.0
0.0,-426.4108169098979,-1215.524819213157,0.0,0.0,0.0,0.0
0.0,-324.72946532597325,-1168.593489555021,0.0,0.0,0.0,0.0
0.0,-358.02479538555554,-1178.2432586117316,0.0,0.0,0.0,0.0
0.0,-357.9904449742985,-1180.8683063082087,0.0,0.0,0.0,0.0
0.0,-397.1377256038304,-1201.3090500612327,0.0,0.0,0.0,0.0
0.0,-342.61955400086276,-1235.2261013349928,0.0,0.0,0.0,0.0
0.0,-229.38304466355726,-1113.5660611226415,0.0,0.0,0.0,0.0
0.0,-355.22792570947956,-1137.9629929909356,0.0,0.0,0.0,0.0
0.0,-330.2334233586946,-1083.1086155394717,0.0,0.0,0.0,0.0
0.0,-407.8800938738548,-1098.7763629001377,0.0,0.0,0.0,0.0
0.0,-327.9947563593839,-1150.0288303242696,0.0,0.0,0.0,0.0
0.0,-318.8764123937917,-1236.8565678138689,0.0,0.0,0.0,0.0
0.0,-391.23579191997476,-1209.088863299444,0.0,0.0,0.0,0.0
0.0,-423.48728001650807,-1116.0104671133067,0.0,0.0,0.0,0.0
0.0,-353.320910078608,-1109.5504816005177,0.0,0.0,0.0,0.0
0.0,-417.3322463025793,-1151.9913009506174,0.0,0.0,0.0,0.0
0.0,-346.1852623948747,-1145.38038139393,0.0,0.0,0.0,0.0
0.0,-332.3585291574734,-1096.94306240535,0.0,0.0,0.0,0.0
0.0,-356.42936079691856,-1104.0684413394686,0.0,0.0,0.0,0.0
0.0,-375.26734728463225,-1150.4929751854725,0.0,0.0,0.0,0.0
0.0,-337.9700074611451,-1173.5927477870819,0.0,0.0,0.0,0.0
0.0,-412.84280313744944,-1101.4806548448057,0.0,0.0,0.0,0.0
0.0,-337.0716128461547,-1247.9151478739702,0.0,0.0,0.0,0.0
0.0,-311.76864033031643,-1225.2281419890382,0.0,0.0,0.0,0.0
0.0,-305.5565684466162,-1125.7585193086504,0.0,0.0,0.0,0.0
0.0,-316.53686157915763,-1051.2448472800888,0.0,0.0,0.0,0.0
0.0,-438.2715239348611,-1055.4536354302836,0.0,0.0,0.0,0.0
0.0,-320.8680774365996,-1219.3867825935395,0.0,0.0,0.0,0.0
0.0,-327.969644593417,-1186.6217741947912,0.0,0.0,0.0,0.0
0.0,-320.1515556347763,-1168.5709404167594,0.0,0.0,0.0,0.0
0.0,-430.3824544224706,-1183.9649032185303,0.0,0.0,0.0,0.0
0.0,-319.07078881817756,-1158.6108467599643,0.0,0.0,0.0,0.0
0.0,-357.48701120826513,-1235.3742508392231,0.0,0.0,0.0,0.0
0.0,-389.8091325301434,-1175.6895767461926,0.0,0.0,0.0,0.0
0.0,-364.21683811247203,-1115.4901284348912,0.0,0.0,0.0,0.0
0.0,-415.7896034618145,-1081.6087021918152,0.0,0.0,0.0,0.0
0.0,-312.7833017339576,-1193.3575075949211,0.0,0.0,0.0,0.0
0.0,-306.97834815138435,-1244.0948450815335,0.0,0.0,0.0,0.0
0.0,625.3947376219321,-1071.1596498791887,0.0,0.0,0.0,0.0
0.0,574.4623359802281,-932.5233126936757,0.0,0.0,0.0,0.0
0.0,625.948013854719,-1007.9636478524378,0.0,0.0,0.0,0.0
0.0,678.0395912201554,-1051.768061855001,0.0,0.0,0.0,0.0
0.0,564.8605850277502,-1022.9552484694768,0.0,0.0,0.0,0.0
0.0,638.3157426916773,-1003.7508337056586,0.0,0.0,0.0,0.0
0.0,545.2781599381042,-1003.65261754739,0.0,0.0,0.0,0.0
0.0,558.6051514629162,-1001.3823653544937,0.0,0.0,0.0,0.0
0.0,637.3658623743618,-1058.7399027476986,0.0,0.0,0.0,0.0
0.0,747.0952735052388,-1080.0294690665942,0.0,0.0,0.0,0.0
0.0,657.7258124766536,-1066.3465698763791,0.0,0.0,0.0,0.0
0.0,1118.7365715235896,-507.1809882663681,0.0,0.0,0.0,0.0
0.0,1173.3781037655885,-598.485414199968,0.0,0.0,0.0,0.0
0.0,1194.8079801371946,-487.3478276795837,0.0,0.0,0.0,0.0
0.0,1172.9858424479476,-403.71511829640076,0.0,0.0,0.0,0.0
0.0,1129.5153150015553,-475.5319892208687,0.0,0.0,0.0,0.0
0.0,1157.910134670729,-437.92207378427565,0.0,0.0,0.0,0.0
0.0,1135.241310555382,-530.604939507679,0.0,0.0,0.0,0.0
0.0,1169.734925100824,-436.7786610778328,0.0,0.0,0.0,0.0
0.0,1172.3505755846995,-517.096571150222,0.0,0.0,0.0,0.0
0.0,1221.3628485576214,-438.55943993494327,0.0,0.0,0.0,0.0
0.0,1132.9910190508685,-513.1774705815519,0.0,0.0,0.0,0.0
0.0,1178.8102823760128,-449.15275756771234,0.0,0.0,0.0,0.0
0.0,1107.6736790637492,-500.6058061478667,0.0,0.0,0.0,0.0
0.0,1091.355219616456,-524.3904577182043,0.0,0.0,0.0,0.0
0.0,1187.4877484122067,-423.7455102109409,0.0,0.0,0.0,0.0
0.0,1161.601882737927,-493.43443086877994,0.0,0.0,0.0,0.0
0.0,1116.6397614485718,-521.953657360452,0.0,0.0,0.0,0.0
0.0,1149.2188812968411,-500.2559295910264,0.0,0.0,0.0,0.0
0.0,1194.6745931305354,-382.3793613913656,0.0,0.0,0.0,0.0
0.0,1147.5610560115642,-432.11540954956877,0.0,0.0,0.0,0.0
0.0,1104.8064627881072,-461.45839952569236,0.0,0.0,0.0,0.0
0.0,1129.3879331303187,-473.1768152029873,0.0,0.0,0.0,0.0
0.0,1126.0991956291455,-434.9999054390871,0.0,0.0,0.0,0.0
0.0,1135.0100616336067,-447.8198581205281,0.0,0.0,0.0,0.0
0.0,1117.993941689539,-536.3774800111853,0.0,0.0,0.0,0.0
0.0,1121.0415991176174,-547.1069870393353,0.0,0.0,0.0,0.0
0.0,1167.4626931586354,-490.3548409239154,0.0,0.0,0.0,0.0
0.0,1079.7171392985024,-431.8236504794786,0.0,0.0,0.0,0.0
0.0,1129.450616676078,-429.08434968259144,0.0,0.0,0.0,0.0
0.0,1209.2890379937367,-516.7258659250358,0.0,0.0,0.0,0.0
0.0,1216.4405357650626,-490.24594336364714,0.0,0.0,0.0,0.0
0.0,1126.2114674324853,-504.6887957990855,0.0,0.0,0.0,0.0
0.0,1068.7077107777218,-487.8447374858529,0.0,0.0,0.0,0.0
0.0,1117.949399824593,-532.3061508386828,0.0,0.0,0.0,0.0
0.0,1204.761437451626,-418.4752982490438,0.0,0.0,0.0,0.0
0.0,1042.5025741875647,-431.8019054966096,0.0,0.0,0.0,0.0
0.0,1203.5282639381671,-564.4256403277732,0.0,0.0,0.0,0.0
0.0,1036.8035362200667,-508.6480296211022,0.0,0.0,0.0,0.0
0.0,1176.78397156348,-472.96589319421014,0.0,0.0,0.0,0.0
0.0,1236.9656203632971,-519.4332646546052,0.0,0.0,0.0,0.0
0.0,1111.198424160782,-478.52190023837954,0.0,0.0,0.0,0.0
0.0,1082.9725171620435,-522.0638737329778,0.0,0.0,0.0,0.0
0.0,1134.2411247841924,-365.82297065905163,0.0,0.0,0.0,0.0
0.0,1139.3855469585474,-522.273083716256,0.0,0.0,0.0,0.0
0.0,-764.5128033374519,-1003.30124006551,0.0,0.0,0.0,0.0
0.0,-841.8889974778601,-1004.2500682020502,0.0,0.0,0.0,0.0
0.0,-746.476891711088,-926.9482703276724,0.0,0.0,0.0,0.0
0.0,-784.0517519099777,-987.9059349297668,0.0,0.0,0.0,0.0
0.0,-898.0078371011839,-1005.8733766982164,0.0,0.0,0.0,0.0
0.0,-789.2825026435876,-988.5120080238717,0.0,0.0,0.0,0.0
0.0,-824.5144964915221,-1033.1545522304689,0.0,0.0,0.0,0.0
0.0,-846.3431258399929,-999.2679291064871,0.0,0.0,0.0,0.0
0.0,-703.1551324515018,-995.7657369060119,0.0,0.0,0.0,0.0
0.0,-698.4553130471561,-1006.2522317043674,0.0,0.0,0.0,0.0
0.0,-907.6615123406241,-1071.5864333747716,0.0,0.0,0.0,0.0
0.0,-743.6215426266822,-1010.0363711151615,0.0,0.0,0.0,0.0
0.0,-916.6568582339114,-1125.1172825379929,0.0,0.0,0.0,0.0
0.0,-735.4754444997535,-1038.0212786946659,0.0,0.0,0.0,0.0
0.0,-874.8660448688519,-962.7566416578122,0.0,0.0,0.0,0.0
0.0,-820.5109729097006,-1043.1450437757358,0.0,0.0,0.0,0.0
0.0,-671.3773677028998,-995.6419570387309,0.0,0.0,0.0,0.0
0.0,644.7359836471117,-1255.491495834802,0.0,0.0,0.0,0.0
0.0,756.5380946833952,-1191.6644725967183,0.0,0.0,0.0,0.0
0.0,716.471174705393,-1205.4249047173575,0.0,0.0,0.0,0.0
0.0,745.902008922727,-1258.4447736029626,0.0,0.0,0.0,0.0
0.0,688.1594067464998,-1256.9933779647743,0.0,0.0,0.0,0.0
0.0,762.4955380831552,-1210.1827517191196,0.0,0.0,0.0,0.0
0.0,656.642922246393,-1220.2774746457824,0.0,0.0,0.0,0.0
0.0,685.7776234158794,-1233.6556976639524,0.0,0.0,0.0,0.0
0.0,738.1618109046217,-1119.6499227717268,0.0,0.0,0.0,0.0
0.0,777.3410823615054,-1146.035156225999,0.0,0.0,0.0,0.0
0.0,673.3491780865297,-1176.4160570229221,0.0,0.0,0.0,0.0
0.0,686.049667257374,-1249.0538642089275,0.0,0.0,0.0,0.0
0.0,745.5718921315743,-1169.991226559415,0.0,0.0,0.0,0.0
0.0,709.8892071416676,-1206.6784181660041,0.0,0.0,0.0,0.0
0.0,613.8634070682983,-1233.866460398002,0.0,0.0,0.0,0.0
0.0,718.1148297721534,-1222.8454993706598,0.0,0.0,0.0,0.0
0.0,629.8930974165892,-1246.261665583364,0.0,0.0,0.0,0.0
0.0,797.7570415785499,-1297.2247669210913,0.0,0.0,0.0,0.0
0.0,776.7284353057562,-1342.4203405683447,0.0,0.0,0.0,0.0
0.0,661.7707711556839,-1236.6900054066527,0.0,0.0,0.0,0.0
0.0,771.375255652154,-1256.7307356725428,0.0,0.0,0.0,0.0
0.0,749.5912420305999,-1207.6487868428576,0.0,0.0,0.0,0.0
0.0,889.2483352019453,-1070.9044576283286,0.0,0.0,0.0,0.0
0.0,956.1996308921057,-1168.3330377610935,0.0,0.0,0.0,0.0
0.0,815.808119726832,-1157.5867526475477,0.0,0.0,0.0,0.0
0.0,994.346816012629,-1088.1458665276994,0.0,0.0,0.0,0.0
0.0,921.7809776399113,-1131.7477407995327,0.0,0.0,0.0,0.0
0.0,886.4389686787422,-1206.795681345641,0.0,0.0,0.0,0.0
0.0,887.6737427127264,-1148.2868203950286,0.0,0.0,0.0,0.0
0.0,886.8094451042948,-1155.9228730241846,0.0,0.0,0.0,0.0
0.0,985.4869843114402,-1038.2714274683901,0.0,0.0,0.0,0.0
0.0,924.1043143492511,-1111.6665446391157,0.0,0.0,0.0,0.0
0.0,865.2890181657658,-1172.5213033318287,0.0,0.0,0.0,0.0
0.0,845.5698319530302,-1183.5480492731429,0.0,0.0,0.0,0.0
0.0,891.0896493130317,-1197.9814781167624,0.0,0.0,0.0,0.0
0.0,976.0787610095913,-971.463440051692,0.0,0.0,0.0,0.0
0.0,982.0326680959697,-1159.7097532834073,0.0,0.0,0.0,0.0
0.0,991.9063294615889,-1210.5547344590595,0.0,0.0,0.0,0.0
0.0,993.724336933316,-1113.1878919745882,0.0,0.0,0.0,0.0
0.0,968.4144922612063,-1066.43968691078,0.0,0.0,0.0,0.0
0.0,934.105542449433,-1136.1203034375528,0.0,0.0,0.0,0.0
0.0,893.1032935809458,-1153.9565043445014,0.0,0.0,0.0,0.0
0.0,925.3244051770589,-1146.6325928318076,0.0,0.0,0.0,0.0
0.0,977.7429884653834,-1174.1174175433748,0.0,0.0,0.0,0.0
0.0,1006.1386137067143,-1189.068180230308,0.0,0.0,0.0,0.0
0.0,910.4183791157543,-1192.7892733304159,0.0,0.0,0.0,0.0
0.0,922.4270626840312,-1087.4383941796327,0.0,0.0,0.0,0.0
0.0,924.1826204792401,-1083.6377481018649,0.0,0.0,0.0,0.0
0.0,894.8667900260311,-1071.6014435380966,0.0,0.0,0.0,0.0
0.0,911.0987086350997,-1178.9871304555902,0.0,0.0,0.0,0.0
0.0,944.5787794564362,-1162.3272442201828,0.0,0.0,0.0,0.0
0.0,906.9273293515503,-1055.1579609227133,0.0,0.0,0.0,0.0
0.0,875.1762801859845,-1142.3406870470974,0.0,0.0,0.0,0.0
0.0,936.4138330995474,-1065.1561555932742,0.0,0.0,0.0,0.0
0.0,980.1935949619856,-1120.836550174261,0.0,0.0,0.0,0.0
0.0,862.3581711682905,-1166.3044655527574,0.0,0.0,0.0,0.0
0.0,989.8778473499342,-1099.5545961266669,0.0,0.0,0.0,0.0
0.0,924.7109214547522,-1145.177310058791,0.0,0.0,0.0,0.0
0.0,1008.8813478488214,-1165.3125643859723,0.0,0.0,0.0,0.0
0.0,873.8043204947298,-1141.0827691244374,0.0,0.0,0.0,0.0
0.0,-135.12362701366874,88.81909431741224,0.0,0.0,1.0,1.0
0.0,-81.81897810059513,150.15582721383225,0.0,0.0,1.0,1.0
0.0,-112.30403611482075,87.70547190597244,0.0,0.0,1.0,1.0
0.0,-103.56924165742885,105.77335393777685,0.0,0.0,1.0,1.0
0.0,-120.85378255726414,81.72126493570272,0.0,0.0,1.0,1.0
0.0,-97.28423902139502,107.88226280070512,0.0,0.0,1.0,1.0
0.0,-57.54182343172124,107.42926168837744,0.0,0.0,1.0,1.0
0.0,-93.01781223317812,151.37286190594682,0.0,0.0,1.0,1.0
0.0,-114.10933198455245,135.4146836263194,0.0,0.0,1.0,1.0
0.0,-97.31623604582501,181.89798073602446,0.0,0.0,1.0,1.0
0.0,-132.6076591308431,132.4822441607389,0.0,0.0,1.0,1.0
0.0,-96.0401783025809,160.29585193749358,0.0,0.0,1.0,1.0
0.0,-109.43492232494577,96.0174934101949,0.0,0.0,1.0,1.0
0.0,-133.7124915360355,104.93987108029864,0.0,0.0,1.0,1.0
0.0,-114.95393501787385,125.40720011700137,0.0,0.0,1.0,1.0
0.0,-111.01430265467934,124.65112730649503,0.0,0.0,1.0,1.0
0.0,-95.22684331630126,119.52526070990211,0.0,0.0,1.0,1.0
0.0,-136.60881343436085,142.0521032899992,0.0,0.0,1.0,1.0
0.0,-112.8267609947975,100.89639650625077,0.0,0.0,1.0,1.0
0.0,-123.32421275864476,117.30723873348438,0.0,0.0,1.0,1.0
0.0,-116.68569398130921,111.06586886505829,0.0,0.0,1.0,1.0
0.0,-143.8035029173427,117.10622530444948,0.0,0.0,1.0,1.0
0.0,-115.80283621922808,119.99808369478842,0.0,0.0,1.0,1.0
0.0,-103.49161686555067,145.49761887558248,0.0,0.0,1.0,1.0
0.0,-90.5244359618273,133.25871747237784,0.0,0.0,1.0,1.0
0.0,-97.36250226878565,106.05509091236831,0.0,0.0,1.0,1.0
0.0,-99.29923780300396,106.094348890932,0.0,0.0,1.0,1.0
0.0,-114.04726845672644,95.55875140078092,0.0,0.0,1.0,1.0
0.0,-75.30483541618923,96.42356037903596,0.0,0.0,1.0,1.0
0.0,-130.16864327648705,104.10131467602378,0.0,0.0,1.0,1.0
0.0,-130.02404829446846,141.8660172669247,0.0,0.0,1.0,1.0
0.0,-113.70764023732681,107.46635031935921,0.0,0.0,1.0,1.0
0.0,-108.36825620052127,91.2949839342682,0.0,0.0,1.0,1.0
0.0,-99.10113384420788,114.1551248001806,0.0,0.0,1.0,1.0
0.0,-125.3103763549675,124.99569185577775,0.0,0.0,1.0,1.0
0.0,-73.20181979357358,101.53853990308653,0.0,0.0,1.0,1.0
0.0,-104.2663429973752,127.177365867974,0.0,0.0,1.0,1.0
0.0,-87.65288527286748,109.14472784480381,0.0,0.0,1.0,1.0
0.0,-64.45631859372838,75.21508920163274,0.0,0.0,1.0,1.0
0.0,-91.1805159241544,108.1152963357647,0.0,0.0,1.0,1.0
0.0,-47.666842138070706,85.35795676315638,0.0,0.0,1.0,1.0
0.0,-80.6641352799627,78.69408477452703,0.0,0.0,1.0,1.0
0.0,-42.1474639358355,76.16340631645812,0.0,0.0,1.0,1.0
0.0,-80.32707063849261,94.81437779911312,0.0,0.0,1.0,1.0
0.0,-59.70158334596249,75.19501878209508,0.0,0.0,1.0,1.0
0.0,-113.00695128875805,120.27375485714765,0.0,0.0,1.0,1.0
0.0,-91.64342669037069,97.33768113943052,0.0,0.0,1.0,1.0
0.0,-74.04411275443022,83.18769325022436,0.0,0.0,1.0,1.0
0.0,-80.62218336913179,132.88457890931818,0.0,0.0,1.0,1.0
0.0,-55.38154373070006,106.50981806131927,0.0,0.0,1.0,1.0
0.0,-66.23119913207984,101.6427336943093,0.0,0.0,1.0,1.0
0.0,-99.17049580255662,117.7958810780242,0.0,0.0,1.0,1.0
0.0,-63.787795462130134,60.868469451752844,0.0,0.0,1.0,1.0
0.0,-62.24125374811365,84.99279252343672,0.0,0.0,1.0,1.0
0.0,-57.67939426734574,85.43125506503543,0.0,0.0,1.0,1.0
0.0,-44.00530040993226,86.13139745325248,0.0,0.0,1.0,1.0
0.0,-70.57056115809883,117.32903717345289,0.0,0.0,1.0,1.0
0.0,-65.05668933818924,96.38641869065191,0.0,0.0,1.0,1.0
0.0,-80.55397909911244,150.57769321703972,0.0,0.0,1.0,1.0
0.0,-70.8547393990275,87.08309852525417,0.0,0.0,1.0,1.0
0.0,-64.7364841088854,109.46144724885812,0.0,0.0,1.0,1.0
0.0,-67.35433266841778,91.3870287199129,0.0,0.0,1.0,1.0
0.0,-41.2077402148102,104.55967492653099,0.0,0.0,1.0,1.0
0.0,-65.9326256933673,80.5476118016104,0.0,0.0,1.0,1.0
0.0,-54.057606430282476,102.31058359432404,0.0,0.0,1.0,1.0
0.0,-25.72788578617792,106.96175686197739,0.0,0.0,1.0,1.0
0.0,-26.50747024761199,113.5915818932142,0.0,0.0,1.0,1.0
0.0,-2.079655673725256,113.28292046671186,0.0,0.0,1.0,1.0
0.0,-16.846580942111814,120.84542922495552,0.0,0.0,1.0,1.0
0.0,-14.354203450782734,102.89551144209418,0.0,0.0,1.0,1.0
0.0,-12.74277478697104,122.58735953731912,0.0,0.0,1.0,1.0
0.0,-26.07643401295286,107.31644574826532,0.0,0.0,1.0,1.0
0.0,-17.128710118971185,105.96369907321468,0.0,0.0,1.0,1.0
0.0,6.38167050290258,85.32264730467773,0.0,0.0,1.0,1.0
0.0,-10.31801957812877,107.67364720746264,0.0,0.0,1.0,1.0
0.0,-26.37627276557828,151.989477165396,0.0,0.0,1.0,1.0
0.0,1.4141218706815835,101.92183904926378,0.0,0.0,1.0,1.0
0.0,-27.154881561124967,104.8501646642842,0.0,0.0,1.0,1.0
0.0,-51.60844919420924,110.3792070939794,0.0,0.0,1.0,1.0
0.0,-35.72115901753887,146.6067123167743,0.0,0.0,1.0,1.0
0.0,-23.053282601295678,89.46015160242996,0.0,0.0,1.0,1.0
0.0,-38.254155798875445,98.30135506868487,0.0,0.0,1.0,1.0
0.0,-13.67676335534793,138.3174261201525,0.0,0.0,1.0,1.0
0.0,-4.087701600937635,182.96294678154413,0.0,0.0,1.0,1.0
0.0,-20.256596980563472,109.75932727133522,0.0,0.0,1.0,1.0
0.0,6.9911537816024065,102.26388748122804,0.0,0.0,1.0,1.0
0.0,-6.97918982806641,140.75037266859044,0.0,0.0,1.0,1.0
0.0,13.360056665650973,115.80972506336798,0.0,0.0,1.0,1.0
0.0,-17.200523618889292,83.27746826974158,0.0,0.0,1.0,1.0
0.0,-8.81781467196447,98.1123149684613,0.0,0.0,1.0,1.0
0.0,-5.247707761184984,113.29526145340196,0.0,0.0,1.0,1.0
0.0,-15.144499911027879,108.14229726841086,0.0,0.0,1.0,1.0
0.0,-45.04992161943892,162.32182055649832,0.0,0.0,1.0,1.0
0.0,-42.71871494433344,89.16060945197569,0.0,0.0,1.0,1.0
0.0,26.16686039772685,149.82723638817993,0.0,0.0,1.0,1.0
0.0,17.802583604307756,194.52940677706647,0.0,0.0,1.0,1.0
0.0,10.042900210190965,130.78200669177886,0.0,0.0,1.0,1.0
0.0,28.03183900070053,154.1417666695504,0.0,0.0,1.0,1.0
0.0,-0.44926401169027486,160.5652642170544,0.0,0.0,1.0,1.0
0.0,24.731025938604034,179.98627523303253,0.0,0.0,1.0,1.0
0.0,21.625694712229688,142.24499667812302,0.0,0.0,1.0,1.0
0.0,2.7818987085286153,159.38084974922435,0.0,0.0,1.0,1.0
0.0,9.425654516586519,163.45604046680137,0.0,0.0,1.0,1.0
0.0,19.74509882613711,208.75708778236094,0.0,0.0,1.0,1.0
0.0,-20.19316013252137,182.90898659410846,0.0,0.0,1.0,1.0
0.0,-2.1478481382066548,164.1891721699826,0.0,0.0,1.0,1.0
0.0,10.512876434295322,194.3153471681785,0.0,0.0,1.0,1.0
0.0,14.086991597882161,159.4202461449645,0.0,0.0,1.0,1.0
0.0,1.1470778602401879,182.98984538619652,0.0,0.0,1.0,1.0
0.0,23.725430003433075,189.4684688842317,0.0,0.0,1.0,1.0
0.0,5.6834601081195615,168.2376137233748,0.0,0.0,1.0,1.0
0.0,-5.780467852891206,199.35967883637363,0.0,0.0,1.0,1.0
0.0,-3.7490779347888292,177.26620543961758,0.0,0.0,1.0,1.0
0.0,10.989629656138959,134.99225825395024,0.0,0.0,1.0,1.0
0.0,3.56474900450894,146.57885928506653,0.0,0.0,1.0,1.0
0.0,-0.27245485868684227,196.08188535456338,0.0,0.0,1.0,1.0
0.0,7.082490714468349,167.83283695563114,0.0,0.0,1.0,1.0
0.0,13.987571132866151,146.61557558292247,0.0,0.0,1.0,1.0
0.0,-64.49976584300566,207.09072526394357,0.0,0.0,1.0,1.0
0.0,-0.0778823316065882,196.81079097311385,0.0,0.0,1.0,1.0
0.0,26.593185614197182,148.74003201925552,0.0,0.0,1.0,1.0
0.0,-30.665241445018182,177.2473791345367,0.0,0.0,1.0,1.0
0.0,3.2721480890763814,139.3769557051985,0.0,0.0,1.0,1.0
0.0,-6.198333877811592,161.87167326196027,0.0,0.0,1.0,1.0
0.0,11.550801373814238,167.9749012644197,0.0,0.0,1.0,1.0
0.0,-1.1427407264475278,155.43452922341044,0.0,0.0,1.0,1.0
0.0,17.346005593459267,161.58142728568941,0.0,0.0,1.0,1.0
0.0,25.760712571953718,167.51222916181814,0.0,0.0,1.0,1.0
0.0,41.90470535919553,176.71813534105513,0.0,0.0,1.0,1.0
0.0,4.680239184842549,138.28003481776227,0.0,0.0,1.0,1.0
0.0,12.552368014106378,138.06306436404066,0.0,0.0,1.0,1.0
0.0,8.995727751104823,167.34942087564946,0.0,0.0,1.0,1.0
0.0,7.576297970955693,184.86635301278807,0.0,0.0,1.0,1.0
0.0,-7.524024477812873,147.1129385031811,0.0,0.0,1.0,1.0
0.0,12.06620496060441,167.13879224309835,0.0,0.0,1.0,1.0
0.0,-3.8613253516696204,234.51440781227507,0.0,0.0,1.0,1.0
0.0,25.785991516077274,202.8595705647101,0.0,0.0,1.0,1.0
0.0,-58.80472553082927,193.58741460265537,0.0,0.0,1.0,1.0
0.0,-0.4437483109072673,180.12857296322568,0.0,0.0,1.0,1.0
0.0,-39.310682176904265,188.86573266500523,0.0,0.0,1.0,1.0
0.0,-2.1368791055397196,213.04448624155248,0.0,0.0,1.0,1.0
0.0,4.115957870086049,200.8383428707889,0.0,0.0,1.0,1.0
0.0,12.046773792524164,209.416670398125,0.0,0.0,1.0,1.0
0.0,-4.5473809176173745,227.41819640500898,0.0,0.0,1.0,1.0
0.0,-2.1056377976644853,206.84406800771285,0.0,0.0,1.0,1.0
0.0,-18.683775785075568,247.632289282687,0.0,0.0,1.0,1.0
0.0,-12.801682032561075,204.39902349658723,0.0,0.0,1.0,1.0
0.0,-19.79830742326635,222.9623089051454,0.0,0.0,1.0,1.0
0.0,-8.384630287983555,216.9392541482864,0.0,0.0,1.0,1.0
0.0,-55.57051801900889,237.7293401979698,0.0,0.0,1.0,1.0
0.0,-67.30499186113116,231.63459363279117,0.0,0.0,1.0,1.0
0.0,-68.11435161823965,227.92019174110487,0.0,0.0,1.0,1.0
0.0,-55.386382424801695,271.12540695494704,0.0,0.0,1.0,1.0
0.0,-55.83962211965763,253.00512104826544,0.0,0.0,1.0,1.0
0.0,-61.66966276884364,234.37605540722575,0.0,0.0,1.0,1.0
0.0,-56.21798005434903,267.75553179593317,0.0,0.0,1.0,1.0
0.0,-62.39073423209811,234.0947185841178,0.0,0.0,1.0,1.0
0.0,-55.92665229371369,235.04622318308566,0.0,0.0,1.0,1.0
0.0,-77.49562160617734,255.25826807809153,0.0,0.0,1.0,1.0
0.0,-58.28487001844951,222.37309287638027,0.0,0.0,1.0,1.0
0.0,-63.066419908582475,234.13932132261334,0.0,0.0,1.0,1.0
0.0,-60.20130197921344,212.05207500287088,0.0,0.0,1.0,1.0
0.0,-134.4524300976309,210.28174995241397,0.0,0.0,1.0,1.0
0.0,-115.44095165001454,231.54211356101973,0.0,0.0,1.0,1.0
0.0,-90.16691283153227,206.8374914990834,0.0,0.0,1.0,1.0
0.0,-102.76348541477887,215.95306923270095,0.0,0.0,1.0,1.0
0.0,-122.99552676321173,210.99236027025518,0.0,0.0,1.0,1.0
0.0,-128.8146745150616,238.30559954282148,0.0,0.0,1.0,1.0
0.0,-117.9231708940033,228.436307055385,0.0,0.0,1.0,1.0
0.0,-64.33278388084887,232.65023229256053,0.0,0.0,1.0,1.0
0.0,-117.82942801874015,225.930704143291,0.0,0.0,1.0,1.0
0.0,-82.75243421839491,233.5546463268313,0.0,0.0,1.0,1.0
0.0,-102.58909604336372,216.46844759043802,0.0,0.0,1.0,1.0
0.0,-97.18817164816664,231.07728941105552,0.0,0.0,1.0,1.0
0.0,-108.34328017399821,220.18597027102078,0.0,0.0,1.0,1.0
0.0,-116.04247708677667,222.74621347063703,0.0,0.0,1.0,1.0
0.0,-116.57418923798582,199.176897713141,0.0,0.0,1.0,1.0
0.0,-119.28052295705629,222.93048746872978,0.0,0.0,1.0,1.0
0.0,-136.3389106469756,202.87949548620418,0.0,0.0,1.0,1.0
0.0,-100.82032152832926,222.6712386531924,0.0,0.0,1.0,1.0
0.0,-94.43802469498132,180.78716374273836,0.0,0.0,1.0,1.0
0.0,-115.84016902789767,218.92387837585193,0.0,0.0,1.0,1.0
0.0,-112.92378243508483,218.57925598371594,0.0,0.0,1.0,1.0
0.0,-91.54205523153655,237.23224177130987,0.0,0.0,1.0,1.0
0.0,-126.22953275164036,210.73754734747263,0.0,0.0,1.0,1.0
0.0,-108.56620536370428,172.0538072684028,0.0,0.0,1.0,1.0
0.0,-134.98750718262863,218.0514388542024,0.0,0.0,1.0,1.0
0.0,-114.17805878172271,188.95705929220685,0.0,0.0,1.0,1.0
0.0,-104.61317273599047,214.78159553553837,0.0,0.0,1.0,1.0
0.0,-96.11854004615839,143.42468583626737,0.0,0.0,1.0,1.0
0.0,-91.71631749928974,225.20708339275393,0.0,0.0,1.0,1.0
0.0,-143.4882781274814,165.98454902583467,0.0,0.0,1.0,1.0
0.0,-81.65090328991982,176.35168530221563,0.0,0.0,1.0,1.0
0.0,-139.47492936611025,129.8075741747673,0.0,0.0,1.0,1.0
0.0,-117.06890682726248,188.86324332890968,0.0,0.0,1.0,1.0
0.0,-137.78181788674715,166.69966338640552,0.0,0.0,1.0,1.0
0.0,-107.1926458638759,185.21409338943477,0.0,0.0,1.0,1.0
0.0,-110.52399588201229,164.7513037235933,0.0,0.0,1.0,1.0
0.0,-127.55084772924943,163.24229811048212,0.0,0.0,1.0,1.0
0.0,-139.74489070178765,182.3949078316773,0.0,0.0,1.0,1.0
0.0,-136.0084422677512,190.98371785005725,0.0,0.0,1.0,1.0
0.0,-145.9025793047972,171.22432788427818,0.0,0.0,1.0,1.0
0.0,-134.43635267074205,133.87563169327132,0.0,0.0,1.0,1.0
0.0,-134.54187248970788,155.60093652128444,0.0,0.0,1.0,1.0
0.0,-158.81737690750333,181.3909986364788,0.0,0.0,1.0,1.0
0.0,-141.8799333309844,149.26551890373503,0.0,0.0,1.0,1.0
0.0,-148.676545251039,167.24480570856986,0.0,0.0,1.0,1.0
0.0,-147.91420955044737,177.31672463852556,0.0,0.0,1.0,1.0
0.0,-139.24905831869728,145.57818666745425,0.0,0.0,1.0,1.0
0.0,-153.59897387975116,164.0650573713508,0.0,0.0,1.0,1.0
0.0,-157.89493215210837,183.90370373543487,0.0,0.0,1.0,1.0
0.0,-139.88536468840448,166.672470427166,0.0,0.0,1.0,1.0
0.0,-142.23733497132844,138.26476536834025,0.0,0.0,1.0,1.0
0.0,-149.02553457411568,178.2833105090226,0.0,0.0,1.0,1.0
0.0,-153.6455646109291,190.88922375753623,0.0,0.0,1.0,1.0
0.0,-119.76478191289038,179.35717683519897,0.0,0.0,1.0,1.0
0.0,-144.81847058747599,170.51378098378564,0.0,0.0,1.0,1.0
0.0,-153.56425880016104,135.7445628339417,0.0,0.0,1.0,1.0
0.0,-94.97012645622772,139.41406271701044,0.0,0.0,1.0,1.0
0.0,-117.87033780989304,149.24820203664217,0.0,0.0,1.0,1.0
0.0,-117.01398954355932,181.71758282422638,0.0,0.0,1.0,1.0
0.0,-144.05883220058536,184.37069019746468,0.0,0.0,1.0,1.0
0.0,-165.34714675921032,180.90387376322565,0.0,0.0,1.0,1.0
0.0,172.7063165227462,165.16522695479307,0.0,0.0,1.0,2.0
0.0,165.40640728673475,158.72812015054296,0.0,0.0,1.0,2.0
0.0,160.5088577272827,227.24434515890016,0.0,0.0,1.0,2.0
0.0,197.73223031908242,232.74896915387512,0.0,0.0,1.0,2.0
0.0,172.31773561111663,234.2216003246383,0.0,0.0,1.0,2.0
0.0,150.55959282983918,218.54762859738275,0.0,0.0,1.0,2.0
0.0,171.80996614153787,201.02295276959035,0.0,0.0,1.0,2.0
0.0,140.9830055535008,162.93458696197126,0.0,0.0,1.0,2.0
0.0,172.08202763204736,240.70550112233536,0.0,0.0,1.0,2.0
0.0,166.27616986271323,224.57724711754145,0.0,0.0,1.0,2.0
0.0,182.46247770439072,236.24271245850855,0.0,0.0,1.0,2.0
0.0,141.04020394502209,228.25904765709447,0.0,0.0,1.0,2.0
0.0,167.78057544835838,257.077847935185,0.0,0.0,1.0,2.0
0.0,192.81736547482137,228.75400250906227,0.0,0.0,1.0,2.0
0.0,143.04025998658994,191.20212643219133,0.0,0.0,1.0,2.0
0.0,160.98587715993926,236.76373601799764,0.0,0.0,1.0,2.0
0.0,147.76494674315472,198.5877957219884,0.0,0.0,1.0,2.0
0.0,149.1333600818209,158.9476391622659,0.0,0.0,1.0,2.0
0.0,161.7249541073743,195.37321795053413,0.0,0.0,1.0,2.0
0.0,176.8273169407173,223.00539192806082,0.0,0.0,1.0,2.0
0.0,176.00630449447226,207.3416041910557,0.0,0.0,1.0,2.0
0.0,161.67438428381934,240.00494338694853,0.0,0.0,1.0,2.0
0.0,189.37211581770725,195.63409860351408,0.0,0.0,1.0,2.0
0.0,170.3980356203449,212.49833696869382,0.0,0.0,1.0,2.0
0.0,168.31289496621184,206.15080263965433,0.0,0.0,1.0,2.0
0.0,196.44894246282365,216.93249647658604,0.0,0.0,1.0,2.0
0.0,167.94152794215415,174.28974109702403,0.0,0.0,1.0,2.0
0.0,157.6093480158397,233.7602312097472,0.0,0.0,1.0,2.0
0.0,178.1763034697126,234.71529140599273,0.0,0.0,1.0,2.0
0.0,186.14093874720947,211.54967487694262,0.0,0.0,1.0,2.0
0.0,179.20869787331435,237.0667207511283,0.0,0.0,1.0,2.0
0.0,135.59195205471997,243.1143164405837,0.0,0.0,1.0,2.0
0.0,94.46941530828985,245.0995634533681,0.0,0.0,1.0,2.0
0.0,86.3817559117008,212.0132640044012,0.0,0.0,1.0,2.0
0.0,120.94512665731213,242.77804986442402,0.0,0.0,1.0,2.0
0.0,134.09783356413254,236.83182345356977,0.0,0.0,1.0,2.0
0.0,107.64629843916623,238.0866314083553,0.0,0.0,1.0,2.0
0.0,119.93004155781705,240.0457954130452,0.0,0.0,1.0,2.0
0.0,121.77100130260442,232.16759639623956,0.0,0.0,1.0,2.0
0.0,128.1000622011186,241.8812880445264,0.0,0.0,1.0,2.0
0.0,138.11230679472692,198.33199406485983,0.0,0.0,1.0,2.0
0.0,134.83424198588136,214.06620609511356,0.0,0.0,1.0,2.0
0.0,106.82497663236154,239.31117010934668,0.0,0.0,1.0,2.0
0.0,127.48615570325,243.86277470893947,0.0,0.0,1.0,2.0
0.0,115.01101068369007,232.48418292897668,0.0,0.0,1.0,2.0
0.0,136.44050116134258,237.40855162850107,0.0,0.0,1.0,2.0
0.0,88.95007616511771,232.21573949066783,0.0,0.0,1.0,2.0
0.0,108.70429454679424,223.72270005814175,0.0,0.0,1.0,2.0
0.0,93.62465765731304,237.16714577944595,0.0,0.0,1.0,2.0
0.0,122.2582771198704,239.62147787791423,0.0,0.0,1.0,2.0
0.0,138.88428181548556,235.73504918942672,0.0,0.0,1.0,2.0
0.0,124.28608330017687,243.63688124064765,0.0,0.0,1.0,2.0
0.0,141.4780625743747,216.55359379748666,0.0,0.0,1.0,2.0
0.0,101.30503480079324,219.24306168990665,0.0,0.0,1.0,2.0
0.0,119.810864387724,242.0368671080298,0.0,0.0,1.0,2.0
0.0,98.85780474685407,224.2227824615436,0.0,0.0,1.0,2.0
0.0,107.0512995297297,233.37143450451777,0.0,0.0,1.0,2.0
0.0,104.47639294994929,216.53309658516878,0.0,0.0,1.0,2.0
0.0,122.30057353335087,235.85782345540656,0.0,0.0,1.0,2.0
0.0,134.0285917339147,214.41261803850057,0.0,0.0,1.0,2.0
0.0,109.59940863312295,230.04167496498167,0.0,0.0,1.0,2.0
0.0,118.98829378672417,224.52480400522063,0.0,0.0,1.0,2.0
0.0,93.62997219004455,242.35192341071797,0.0,0.0,1.0,2.0
0.0,105.24973292234881,234.9640250652833,0.0,0.0,1.0,2.0
0.0,104.6321685183459,221.91746235007417,0.0,0.0,1.0,2.0
0.0,117.53707748921897,220.97692040913012,0.0,0.0,1.0,2.0
0.0,108.26802848019497,243.55517667871436,0.0,0.0,1.0,2.0
0.0,115.53264284729994,211.09726357766658,0.0,0.0,1.0,2.0
0.0,88.79627461997234,186.6469681697224,0.0,0.0,1.0,2.0
0.0,78.76194464264768,204.82328588196924,0.0,0.0,1.0,2.0
0.0,67.06563431007794,171.8884214429154,0.0,0.0,1.0,2.0
0.0,58.59109759102148,198.0367216960699,0.0,0.0,1.0,2.0
0.0,104.62654247454202,174.88296414028832,0.0,0.0,1.0,2.0
0.0,82.8678480781939,208.61643737485656,0.0,0.0,1.0,2.0
0.0,112.49135753357518,177.37411700045232,0.0,0.0,1.0,2.0
0.0,96.05734627627999,170.00769420618735,0.0,0.0,1.0,2.0
0.0,76.7321221323798,205.5190325199792,0.0,0.0,1.0,2.0
0.0,87.15748787009034,212.4274896022132,0.0,0.0,1.0,2.0
0.0,93.83114905037269,218.41739838118156,0.0,0.0,1.0,2.0
0.0,70.59367406025854,193.51138879426367,0.0,0.0,1.0,2.0
0.0,60.58996407463883,196.39544716758724,0.0,0.0,1.0,2.0
0.0,78.03898549277596,196.84857948405147,0.0,0.0,1.0,2.0
0.0,73.71878305021983,172.19146637814833,0.0,0.0,1.0,2.0
0.0,93.78171322960748,216.07757007669056,0.0,0.0,1.0,2.0
0.0,105.74961689284214,199.41951673694143,0.0,0.0,1.0,2.0
0.0,74.02126452653715,179.5518467116999,0.0,0.0,1.0,2.0
0.0,81.1433304009679,200.7034327053566,0.0,0.0,1.0,2.0
0.0,87.52705166602072,203.822250097684,0.0,0.0,1.0,2.0
0.0,73.41664534425627,196.31070699775228,0.0,0.0,1.0,2.0
0.0,82.87712117727415,183.4237905536861,0.0,0.0,1.0,2.0
0.0,76.33280068421118,217.85339469101586,0.0,0.0,1.0,2.0
0.0,97.27506751138003,185.29664286863567,0.0,0.0,1.0,2.0
0.0,68.75974785589779,218.29630804379144,0.0,0.0,1.0,2.0
0.0,58.12595470907627,196.30582378603322,0.0,0.0,1.0,2.0
0.0,83.9258440657145,191.9938236590856,0.0,0.0,1.0,2.0
0.0,87.56354072192858,184.49660737212685,0.0,0.0,1.0,2.0
0.0,54.68200068102192,187.00425117790792,0.0,0.0,1.0,2.0
0.0,94.3005665443593,134.62584111058118,0.0,0.0,1.0,2.0
0.0,73.48990471966817,112.19520443800548,0.0,0.0,1.0,2.0
0.0,65.37068042786404,129.3398177089798,0.0,0.0,1.0,2.0
0.0,124.1118270611189,180.0144698548297,0.0,0.0,1.0,2.0
0.0,66.14404410465295,152.6070220741874,0.0,0.0,1.0,2.0
0.0,62.795098729969595,135.60390375422412,0.0,0.0,1.0,2.0
0.0,92.37182838600734,164.99316235379388,0.0,0.0,1.0,2.0
0.0,84.56482695895988,163.1274745938922,0.0,0.0,1.0,2.0
0.0,72.57776956638236,173.74415942029555,0.0,0.0,1.0,2.0
0.0,59.32673376548655,177.6579306517906,0.0,0.0,1.0,2.0
0.0,95.9521633046927,130.39705144884806,0.0,0.0,1.0,2.0
0.0,118.59823634681311,146.1005540834717,0.0,0.0,1.0,2.0
0.0,124.47261518908203,140.38405755328176,0.0,0.0,1.0,2.0
0.0,63.578465801785114,153.0052068822522,0.0,0.0,1.0,2.0
0.0,75.30491017973463,143.43987184964953,0.0,0.0,1.0,2.0
0.0,89.19702764050999,155.42994450462834,0.0,0.0,1.0,2.0
0.0,68.36505149782533,133.44938206169763,0.0,0.0,1.0,2.0
0.0,66.1741258002719,131.5706536357161,0.0,0.0,1.0,2.0
0.0,88.23466540154413,122.41251152990799,0.0,0.0,1.0,2.0
0.0,74.50341335794565,130.05127686651804,0.0,0.0,1.0,2.0
0.0,85.12322489441999,141.4614817960728,0.0,0.0,1.0,2.0
0.0,75.07549643208063,111.02423906735066,0.0,0.0,1.0,2.0
0.0,120.85499452263139,167.43598470184702,0.0,0.0,1.0,2.0
0.0,46.871125429827316,134.6977394674659,0.0,0.0,1.0,2.0
0.0,70.21544925907892,139.37679272527112,0.0,0.0,1.0,2.0
0.0,86.69745974567945,141.5791274345106,0.0,0.0,1.0,2.0
0.0,67.63053216185722,126.37295973931805,0.0,0.0,1.0,2.0
0.0,91.08290594658433,115.61590729629529,0.0,0.0,1.0,2.0
0.0,64.0374205939188,118.5667442373649,0.0,0.0,1.0,2.0
0.0,61.794735528529145,150.1633851849415,0.0,0.0,1.0,2.0
0.0,49.75549524533244,147.9145641830046,0.0,0.0,1.0,2.0
0.0,71.79144435271542,135.65774558739372,0.0,0.0,1.0,2.0
0.0,65.11018733525339,173.7162737136439,0.0,0.0,1.0,2.0
0.0,92.8790446109424,99.39314578595258,0.0,0.0,1.0,2.0
0.0,123.26271808733827,96.33293402040704,0.0,0.0,1.0,2.0
0.0,158.4536548304875,136.52519995126067,0.0,0.0,1.0,2.0
0.0,137.56000554831576,94.74213945216229,0.0,0.0,1.0,2.0
0.0,121.78896006524315,95.06786842564838,0.0,0.0,1.0,2.0
0.0,105.1466562712651,130.09117922211522,0.0,0.0,1.0,2.0
0.0,103.28725704082808,122.41612675086753,0.0,0.0,1.0,2.0
0.0,88.42403081950965,109.51633079949079,0.0,0.0,1.0,2.0
0.0,108.83868726624769,100.14289136707157,0.0,0.0,1.0,2.0
0.0,101.00263410202797,104.48187325158165,0.0,0.0,1.0,2.0
0.0,90.72234775654306,93.23966699020889,0.0,0.0,1.0,2.0
0.0,117.53305693528682,110.33482606785469,0.0,0.0,1.0,2.0
0.0,156.544810849859,92.18611418084356,0.0,0.0,1.0,2.0
0.0,93.8707253809107,87.8743130836283,0.0,0.0,1.0,2.0
0.0,110.31367754827966,118.51868769670364,0.0,0.0,1.0,2.0
0.0,120.52663048851377,84.71554867510326,0.0,0.0,1.0,2.0
0.0,106.48035568758564,98.42143351499271,0.0,0.0,1.0,2.0
0.0,99.24856669210453,100.73237773822302,0.0,0.0,1.0,2.0
0.0,113.74722875787938,123.29873708851301,0.0,0.0,1.0,2.0
0.0,104.21725035374948,109.31423894571162,0.0,0.0,1.0,2.0
0.0,104.9324990950472,89.26876833225606,0.0,0.0,1.0,2.0
0.0,89.52243232886576,88.3844920315928,0.0,0.0,1.0,2.0
0.0,108.55221467722436,85.97374327614261,0.0,0.0,1.0,2.0
0.0,110.20591855558996,106.78131060184182,0.0,0.0,1.0,2.0
0.0,107.08063321037753,113.14039114999264,0.0,0.0,1.0,2.0
0.0,104.48146014945587,118.81414158034158,0.0,0.0,1.0,2.0
0.0,108.97441907492703,103.76344129404742,0.0,0.0,1.0,2.0
0.0,170.8234114897707,100.90728780000359,0.0,0.0,1.0,2.0
0.0,124.61614629931069,113.0468525462336,0.0,0.0,1.0,2.0
0.0,166.265958171477,100.14924909776778,0.0,0.0,1.0,2.0
0.0,176.290921651708,113.94049308786316,0.0,0.0,1.0,2.0
0.0,177.74607964604843,103.12445332782272,0.0,0.0,1.0,2.0
0.0,185.56089631962323,104.9694652663552,0.0,0.0,1.0,2.0
0.0,122.67245425866531,136.34278035300167,0.0,0.0,1.0,2.0
0.0,148.99896433041567,146.85822522254443,0.0,0.0,1.0,2.0
0.0,163.55200075652647,101.98908641249886,0.0,0.0,1.0,2.0
0.0,167.73769741033402,108.36435250416935,0.0,0.0,1.0,2.0
0.0,160.9972525380365,89.5076740319414,0.0,0.0,1.0,2.0
0.0,167.25254220515558,95.87989573002915,0.0,0.0,1.0,2.0
0.0,177.4915608789288,117.31253770519152,0.0,0.0,1.0,2.0
0.0,157.5317466451727,97.22024886698773,0.0,0.0,1.0,2.0
0.0,155.22403649534158,92.0486073601694,0.0,0.0,1.0,2.0
0.0,184.3867904959625,89.23312824217396,0.0,0.0,1.0,2.0
0.0,145.63281383503954,84.8128327675945,0.0,0.0,1.0,2.0
0.0,159.8827313153297,118.20662625566297,0.0,0.0,1.0,2.0
0.0,169.68877608483058,116.53151008136524,0.0,0.0,1.0,2.0
0.0,157.10671179408791,104.64363182749207,0.0,0.0,1.0,2.0
0.0,132.45222050451048,98.43258406181371,0.0,0.0,1.0,2.0
0.0,184.926331674553,90.80085843658003,0.0,0.0,1.0,2.0
0.0,200.2698868280636,162.8499575168221,0.0,0.0,1.0,2.0
0.0,149.59733985680805,85.79639979963417,0.0,0.0,1.0,2.0
0.0,152.09689988823516,122.60377290061342,0.0,0.0,1.0,2.0
0.0,180.8943338193003,69.25168543616564,0.0,0.0,1.0,2.0
0.0,157.4020130940164,85.59211860479945,0.0,0.0,1.0,2.0
0.0,166.6625143169074,112.69312781099006,0.0,0.0,1.0,2.0
0.0,162.47090057527225,112.71896885310139,0.0,0.0,1.0,2.0
0.0,188.83414131946756,117.26815778851847,0.0,0.0,1.0,2.0
0.0,174.7358769881373,104.47133580063996,0.0,0.0,1.0,2.0
0.0,199.58836233926831,125.27336318982861,0.0,0.0,1.0,2.0
0.0,175.44265556745154,102.12005860644013,0.0,0.0,1.0,2.0
0.0,151.70108534945302,93.75975302804295,0.0,0.0,1.0,2.0
0.0,148.1459516097732,86.43851327636798,0.0,0.0,1.0,2.0
0.0,164.96189249478152,88.04958596589586,0.0,0.0,1.0,2.0
0.0,213.85944494137607,117.08674507244268,0.0,0.0,1.0,2.0
0.0,221.57091281774933,172.04344719993446,0.0,0.0,1.0,2.0
0.0,185.2482018426324,111.26147585429408,0.0,0.0,1.0,2.0
0.0,217.70121784606408,124.34885413528627,0.0,0.0,1.0,2.0
0.0,186.1521373222513,148.3922789206331,0.0,0.0,1.0,2.0
0.0,203.3104936666782,131.9707300559321,0.0,0.0,1.0,2.0
0.0,180.80395378953426,107.9295126871225,0.0,0.0,1.0,2.0
0.0,194.22102053615777,137.39566084972557,0.0,0.0,1.0,2.0
0.0,151.47907005262937,160.45254862527509,0.0,0.0,1.0,2.0
0.0,184.03409308805567,137.7317238218227,0.0,0.0,1.0,2.0
0.0,191.12530969639488,109.4135934905969,0.0,0.0,1.0,2.0
0.0,182.76382309614996,151.78431989151272,0.0,0.0,1.0,2.0
0.0,205.27152625822282,115.55707989916709,0.0,0.0,1.0,2.0
0.0,224.36930868752688,153.0286959997402,0.0,0.0,1.0,2.0
0.0,228.37440235729673,137.85275732537048,0.0,0.0,1.0,2.0
0.0,141.03600415468122,212.96417551124023,0.0,0.0,1.0,2.0
0.0,190.48723093177182,123.106992003105,0.0,0.0,1.0,2.0
0.0,206.37511566273338,139.04394992297716,0.0,0.0,1.0,2.0
0.0,196.97647361495547,115.26806919260298,0.0,0.0,1.0,2.0
0.0,186.35703912365693,169.07036253565866,0.0,0.0,1.0,2.0
0.0,197.3741416266223,133.5416326002828,0.0,0.0,1.0,2.0
0.0,156.07818492434262,115.99476288168262,0.0,0.0,1.0,2.0
0.0,184.17014810490537,142.3778122552544,0.0,0.0,1.0,2.0
0.0,210.66893957748016,138.73429384724977,0.0,0.0,1.0,2.0
0.0,223.26424260821454,127.01089521893687,0.0,0.0,1.0,2.0
0.0,180.39701874485445,108.51993334947815,0.0,0.0,1.0,2.0
0.0,208.6474733054131,121.27162114160092,0.0,0.0,1.0,2.0
0.0,211.54766999914318,144.38890564727512,0.0,0.0,1.0,2.0
0.0,223.47756449299982,134.99017284142042,0.0,0.0,1.0,2.0
0.0,180.85593785948413,171.02213962423207,0.0,0.0,1.0,2.0
0.0,199.88883373343015,143.77938510989748,0.0,0.0,1.0,2.0
0.0,191.77575610965118,140.4704382466923,0.0,0.0,1.0,2.0
0.0,212.3667357028503,134.18266888360517,0.0,0.0,1.0,2.0
0.0,192.6252264389891,166.95971892912598,0.0,0.0,1.0,2.0
0.0,192.32933839579186,154.20355914525953,0.0,0.0,1.0,2.0
0.0,232.87917843245987,144.19848618072,0.0,0.0,1.0,2.0
0.0,235.31906264483382,129.34955582991938,0.0,0.0,1.0,2.0
0.0,158.79187953403198,153.38740025093534,0.0,0.0,1.0,2.0
0.0,198.88801178459016,134.87602856961325,0.0,0.0,1.0,2.0
0.0,184.26907009556635,138.33400054470167,0.0,0.0,1.0,2.0
0.0,185.94911522570033,145.23520807416162,0.0,0.0,1.0,2.0
0.0,192.8317068638023,181.5972053405119,0.0,0.0,1.0,2.0
0.0,168.95824931335096,193.9050894488339,0.0,0.0,1.0,2.0
0.0,177.6997825588703,187.30134503812474,0.0,0.0,1.0,2.0
0.0,211.96974666555207,133.90128136204635,0.0,0.0,1.0,2.0
0.0,75.99942237461505,17.40660871241539,0.0,0.0,1.0,3.0
0.0,63.48271698301642,7.518686602496018,0.0,0.0,1.0,3.0
0.0,111.8147679165968,22.081222314936213,0.0,0.0,1.0,3.0
0.0,97.46032738923577,-16.161050388958074,0.0,0.0,1.0,3.0
0.0,130.41757670566835,0.7535288717613184,0.0,0.0,1.0,3.0
0.0,96.43832416483065,15.042898301365312,0.0,0.0,1.0,3.0
0.0,105.85508766838711,9.7520088392057,0.0,0.0,1.0,3.0
0.0,75.16972376173521,19.231709207754648,0.0,0.0,1.0,3.0
0.0,97.78380098221783,24.904302893585054,0.0,0.0,1.0,3.0
0.0,105.52303670836864,38.63076678989273,0.0,0.0,1.0,3.0
0.0,105.0875836563207,12.779302615511597,0.0,0.0,1.0,3.0
0.0,120.69131100127129,13.83469922385143,0.0,0.0,1.0,3.0
0.0,123.94331739684503,13.091299296366742,0.0,0.0,1.0,3.0
0.0,82.11476494956673,-19.34633158936481,0.0,0.0,1.0,3.0
0.0,97.77452615720699,17.168189986363814,0.0,0.0,1.0,3.0
0.0,90.81598936847081,32.944988088965374,0.0,0.0,1.0,3.0
0.0,104.10572226237491,7.60368847844984,0.0,0.0,1.0,3.0
0.0,125.5534729123433,33.30331922564824,0.0,0.0,1.0,3.0
0.0,134.50404367025612,9.149005098444377,0.0,0.0,1.0,3.0
0.0,106.5677468805577,-0.2728127445732298,0.0,0.0,1.0,3.0
0.0,109.31702389646512,19.437726347230637,0.0,0.0,1.0,3.0
0.0,111.23867551639137,9.441611566304573,0.0,0.0,1.0,3.0
0.0,107.66402246342,7.87241813428227,0.0,0.0,1.0,3.0
0.0,75.50631658849761,22.787345494207557,0.0,0.0,1.0,3.0
0.0,109.82812828827787,40.53269714970429,0.0,0.0,1.0,3.0
0.0,106.66956816732795,17.900465527153074,0.0,0.0,1.0,3.0
0.0,97.20947248653852,25.79705156208138,0.0,0.0,1.0,3.0
0.0,58.053028634315524,22.58653176268831,0.0,0.0,1.0,3.0
0.0,85.44239902086406,8.205430777657966,0.0,0.0,1.0,3.0
0.0,63.708073153400846,0.7056932505074656,0.0,0.0,1.0,3.0
0.0,90.36925979411512,-9.018223119059257,0.0,0.0,1.0,3.0
0.0,80.72913099736252,4.615965893813154,0.0,0.0,1.0,3.0
0.0,74.13409467835095,52.75949510670239,0.0,0.0,1.0,3.0
0.0,65.20123264537551,44.57264879588956,0.0,0.0,1.0,3.0
0.0,84.59732045338797,26.044501541918635,0.0,0.0,1.0,3.0
0.0,83.44976847211115,36.92821812355146,0.0,0.0,1.0,3.0
0.0,54.480079358997045,65.16588435691142,0.0,0.0,1.0,3.0
0.0,60.591900413074654,45.35769418726454,0.0,0.0,1.0,3.0
0.0,97.7640288534767,54.46830061600804,0.0,0.0,1.0,3.0
0.0,36.41476353430903,16.150063775222634,0.0,0.0,1.0,3.0
0.0,74.28462617648665,51.83048231168755,0.0,0.0,1.0,3.0
0.0,58.302525410754924,2.1732956294040378,0.0,0.0,1.0,3.0
0.0,52.62912339412674,67.27419641597021,0.0,0.0,1.0,3.0
0.0,62.99520965672741,39.659971107975025,0.0,0.0,1.0,3.0
0.0,47.989993055153036,44.922719007666046,0.0,0.0,1.0,3.0
0.0,97.40258429864889,75.74254844041002,0.0,0.0,1.0,3.0
0.0,90.60214490420321,43.29221752360786,0.0,0.0,1.0,3.0
0.0,75.13010847558917,14.443116016746217,0.0,0.0,1.0,3.0
0.0,81.40288397560312,38.17712730078006,0.0,0.0,1.0,3.0
0.0,77.03557991404568,50.5171382344206,0.0,0.0,1.0,3.0
0.0,94.32901025808155,63.00611645940785,0.0,0.0,1.0,3.0
0.0,91.56210617059378,39.857483180967165,0.0,0.0,1.0,3.0
0.0,78.5917273698567,32.93038725143492,0.0,0.0,1.0,3.0
0.0,64.11645274841862,47.04778730133057,0.0,0.0,1.0,3.0
0.0,51.76298876469082,71.69347968097259,0.0,0.0,1.0,3.0
0.0,67.53292085289445,42.99097802343317,0.0,0.0,1.0,3.0
0.0,59.44712495855629,72.50971197293302,0.0,0.0,1.0,3.0
0.0,74.99348238304242,14.223532696066059,0.0,0.0,1.0,3.0
0.0,75.72884965074945,59.37706334594054,0.0,0.0,1.0,3.0
0.0,43.63667868554421,53.60459579872372,0.0,0.0,1.0,3.0
0.0,81.46406034179904,47.2395173040386,0.0,0.0,1.0,3.0
0.0,1.9233711980889439,69.2126781891925,0.0,0.0,1.0,3.0
0.0,27.281348798818954,42.26178939815327,0.0,0.0,1.0,3.0
0.0,5.661903443054598,56.12421164972375,0.0,0.0,1.0,3.0
0.0,40.71770073099469,68.89419358934447,0.0,0.0,1.0,3.0
0.0,45.91897252604849,72.62255777181531,0.0,0.0,1.0,3.0
0.0,28.07549644832534,58.57525599664109,0.0,0.0,1.0,3.0
0.0,4.922885260222756,59.69987391269615,0.0,0.0,1.0,3.0
0.0,5.0987832772359525,20.906763337135544,0.0,0.0,1.0,3.0
0.0,20.332891318802922,73.5783923317249,0.0,0.0,1.0,3.0
0.0,37.32015634671211,67.15224080325879,0.0,0.0,1.0,3.0
0.0,22.81424613418494,62.46502803683097,0.0,0.0,1.0,3.0
0.0,17.932654230238768,58.89360968647952,0.0,0.0,1.0,3.0
0.0,12.567993903405068,69.70991071760864,0.0,0.0,1.0,3.0
0.0,26.867517535952857,72.74277465019054,0.0,0.0,1.0,3.0
0.0,19.40720562070146,62.020532967994086,0.0,0.0,1.0,3.0
0.0,68.85542708189723,29.531724337050264,0.0,0.0,1.0,3.0
0.0,12.359295617868838,53.886975030728536,0.0,0.0,1.0,3.0
0.0,-31.255892201376128,26.95890014976999,0.0,0.0,1.0,3.0
0.0,-13.97592869902337,43.0187698554746,0.0,0.0,1.0,3.0
0.0,6.590508494996811,40.241102694945084,0.0,0.0,1.0,3.0
0.0,-29.37619581496142,41.07710499076211,0.0,0.0,1.0,3.0
0.0,-21.543056309089252,6.066259016908816,0.0,0.0,1.0,3.0
0.0,9.326110148893349,17.55950894763714,0.0,0.0,1.0,3.0
0.0,-9.34400281877538,27.525993671239576,0.0,0.0,1.0,3.0
0.0,-25.651128908223882,28.819381284025894,0.0,0.0,1.0,3.0
0.0,8.301683384468106,43.279932038487004,0.0,0.0,1.0,3.0
0.0,-27.936277533533485,26.416456969961928,0.0,0.0,1.0,3.0
0.0,23.810559257752175,25.920908447465763,0.0,0.0,1.0,3.0
0.0,-21.394518857494404,25.118669707250547,0.0,0.0,1.0,3.0
0.0,-34.49360301941829,67.02458740401994,0.0,0.0,1.0,3.0
0.0,-6.968797755090236,26.408783061962822,0.0,0.0,1.0,3.0
0.0,-37.094528045349534,13.284442665947836,0.0,0.0,1.0,3.0
0.0,-10.004621810133358,42.992803300862306,0.0,0.0,1.0,3.0
0.0,-22.767238352736513,51.971202949141116,0.0,0.0,1.0,3.0
0.0,-25.74668008670028,32.48168890822444,0.0,0.0,1.0,3.0
0.0,-17.76368673589195,10.99030783014905,0.0,0.0,1.0,3.0
0.0,-13.636327103729172,29.955486220091416,0.0,0.0,1.0,3.0
0.0,-37.037787081090755,12.716958645260775,0.0,0.0,1.0,3.0
0.0,-12.8407897096763,48.45933083028399,0.0,0.0,1.0,3.0
0.0,8.972906071407124,4.299823105506448,0.0,0.0,1.0,3.0
0.0,-5.359273257791756,20.311282821535542,0.0,0.0,1.0,3.0
0.0,-28.58664778663797,34.74642032010456,0.0,0.0,1.0,3.0
0.0,-16.310594718356924,51.98452753367724,0.0,0.0,1.0,3.0
0.0,-32.70419301385391,27.376852067302934,0.0,0.0,1.0,3.0
0.0,-21.8565073173761,31.02887811397386,0.0,0.0,1.0,3.0
0.0,-9.226135402326008,20.175385470993888,0.0,0.0,1.0,3.0
0.0,-0.6061777562440511,51.90255464283382,0.0,0.0,1.0,3.0
0.0,-44.55106386525404,-14.997925019442846,0.0,0.0,1.0,3.0
0.0,2.8294482293606507,-19.48608639504255,0.0,0.0,1.0,3.0
0.0,-28.267539793393325,-0.3400112249898939,0.0,0.0,1.0,3.0
0.0,-36.17107037824644,-11.900622343437135,0.0,0.0,1.0,3.0
0.0,-22.58761943097784,12.54680283147627,0.0,0.0,1.0,3.0
0.0,-49.92204839831129,10.071711593390091,0.0,0.0,1.0,3.0
0.0,-39.74517471107083,6.698038947499072,0.0,0.0,1.0,3.0
0.0,-17.509578855292375,-0.9252036487146142,0.0,0.0,1.0,3.0
0.0,-6.472277387326358,9.46013468979504,0.0,0.0,1.0,3.0
0.0,-14.190970467052011,-33.14271594844968,0.0,0.0,1.0,3.0
0.0,-1.5318477200573852,-49.14841429831313,0.0,0.0,1.0,3.0
0.0,-17.013087527039715,-29.270485163750664,0.0,0.0,1.0,3.0
0.0,-27.10020051839433,-10.362423853061955,0.0,0.0,1.0,3.0
0.0,24.776780139040284,-29.434871668286405,0.0,0.0,1.0,3.0
0.0,-41.29788879301873,-15.329754149098108,0.0,0.0,1.0,3.0
0.0,-31.920090263308794,19.584890556551727,0.0,0.0,1.0,3.0
0.0,-13.687530978463428,-13.032867026571921,0.0,0.0,1.0,3.0
0.0,-12.717908850244385,-11.502319591594187,0.0,0.0,1.0,3.0
0.0,-42.3878385207538,-12.563523319033948,0.0,0.0,1.0,3.0
0.0,-13.833451759839818,-14.189294599986624,0.0,0.0,1.0,3.0
0.0,-24.63417556014133,1.4002082714109747,0.0,0.0,1.0,3.0
0.0,-17.645151536058393,-32.29038731411879,0.0,0.0,1.0,3.0
0.0,-8.462364602356047,-60.41406013188521,0.0,0.0,1.0,3.0
0.0,6.628780394325759,-47.872731918241016,0.0,0.0,1.0,3.0
0.0,35.65935044738217,5.983121480480577,0.0,0.0,1.0,3.0
0.0,-16.085387608925885,-57.96577751744803,0.0,0.0,1.0,3.0
0.0,11.892633815846011,-62.597949885599974,0.0,0.0,1.0,3.0
0.0,30.908254823098332,-45.51513420113247,0.0,0.0,1.0,3.0
0.0,10.91679798156224,-68.13947122571517,0.0,0.0,1.0,3.0
0.0,17.814306185691294,-45.82156790112799,0.0,0.0,1.0,3.0
0.0,-14.351656322309282,-66.77516944564354,0.0,0.0,1.0,3.0
0.0,11.663737782816497,-52.70165746509883,0.0,0.0,1.0,3.0
0.0,23.106576594466333,-55.71090775809921,0.0,0.0,1.0,3.0
0.0,17.06463416590873,-68.94991165040756,0.0,0.0,1.0,3.0
0.0,32.92720927824894,-23.054521648488844,0.0,0.0,1.0,3.0
0.0,9.533353005186427,-80.2648279146606,0.0,0.0,1.0,3.0
0.0,-28.859434448374714,-60.036826401242706,0.0,0.0,1.0,3.0
0.0,-5.999787838197335,-77.94704623669622,0.0,0.0,1.0,3.0
0.0,27.8233197135753,-66.9895430834581,0.0,0.0,1.0,3.0
0.0,7.411913085355081,-39.85512762038229,0.0,0.0,1.0,3.0
0.0,9.62541564197727,-60.77881973437002,0.0,0.0,1.0,3.0
0.0,-7.785440462347651,-56.41707981660352,0.0,0.0,1.0,3.0
0.0,4.539178530072604,-39.79476234758545,0.0,0.0,1.0,3.0
0.0,8.083730344347487,-70.67184788181066,0.0,0.0,1.0,3.0
0.0,-0.8877965092701743,-28.967022215454108,0.0,0.0,1.0,3.0
0.0,-9.80153476513351,-44.522952797789685,0.0,0.0,1.0,3.0
0.0,20.6522161514431,-62.54869885094354,0.0,0.0,1.0,3.0
0.0,-3.3369462365938034,-65.42214385801799,0.0,0.0,1.0,3.0
0.0,23.610406152895393,-49.9604056036726,0.0,0.0,1.0,3.0
0.0,14.692825775710162,-46.04633468919087,0.0,0.0,1.0,3.0
0.0,57.19844830100669,-60.057226544059404,0.0,0.0,1.0,3.0
0.0,69.07985162835303,-13.125117880040534,0.0,0.0,1.0,3.0
0.0,67.45697612927574,-58.35671186983882,0.0,0.0,1.0,3.0
0.0,55.052772576599864,-56.36657412745876,0.0,0.0,1.0,3.0
0.0,41.1517472229325,-63.31334643147443,0.0,0.0,1.0,3.0
0.0,43.58821267969415,-21.10113522476763,0.0,0.0,1.0,3.0
0.0,40.9506213573311,-48.490260437441975,0.0,0.0,1.0,3.0
0.0,39.515780875737164,-58.251398896245064,0.0,0.0,1.0,3.0
0.0,64.30091280163697,-60.33920595975019,0.0,0.0,1.0,3.0
0.0,41.74732484208312,-50.872944285660196,0.0,0.0,1.0,3.0
0.0,28.559912608953937,-67.37965610659921,0.0,0.0,1.0,3.0
0.0,47.71461579853735,-46.48552675896258,0.0,0.0,1.0,3.0
0.0,77.06314244473833,-50.17729669338382,0.0,0.0,1.0,3.0
0.0,62.96211369826938,-80.97815446190066,0.0,0.0,1.0,3.0
0.0,76.57668389790729,-59.78110656757258,0.0,0.0,1.0,3.0
0.0,71.92949690039336,-12.249954376574124,0.0,0.0,1.0,3.0
0.0,56.770115117129535,-57.39651743075274,0.0,0.0,1.0,3.0
0.0,83.43707189037877,-43.07514678227585,0.0,0.0,1.0,3.0
0.0,24.3825093207015,-19.637588543457014,0.0,0.0,1.0,3.0
0.0,48.958292423294324,-65.41328750564162,0.0,0.0,1.0,3.0
0.0,22.743797354198477,-87.95553658654012,0.0,0.0,1.0,3.0
0.0,64.89037563597185,-79.15279212355358,0.0,0.0,1.0,3.0
0.0,58.952476023374174,-68.72380599667304,0.0,0.0,1.0,3.0
0.0,48.94634683380286,-66.7668509722107,0.0,0.0,1.0,3.0
0.0,55.68900326763742,-81.53530824727136,0.0,0.0,1.0,3.0
0.0,38.84095227473813,-82.7578238128342,0.0,0.0,1.0,3.0
0.0,20.87058817303432,-66.7499972321134,0.0,0.0,1.0,3.0
0.0,47.27481527890109,-55.50838214487953,0.0,0.0,1.0,3.0
0.0,42.03828825784399,-69.59737613924085,0.0,0.0,1.0,3.0
0.0,87.46223164781895,-45.148634460001176,0.0,0.0,1.0,3.0
0.0,95.66612864848821,-3.052530125275098,0.0,0.0,1.0,3.0
0.0,39.255730297084256,-29.723293393522454,0.0,0.0,1.0,3.0
0.0,94.85149428946283,-22.799497102362693,0.0,0.0,1.0,3.0
0.0,92.53451766744683,-22.49165721423742,0.0,0.0,1.0,3.0
0.0,85.79222548605344,-25.835009642560863,0.0,0.0,1.0,3.0
0.0,109.61433271565079,11.084479105020137,0.0,0.0,1.0,3.0
0.0,110.75494117723179,-41.90619805047277,0.0,0.0,1.0,3.0
0.0,88.2714908705941,-22.418381717726334,0.0,0.0,1.0,3.0
0.0,70.92943474565323,-39.416459488707005,0.0,0.0,1.0,3.0
0.0,61.76462538144324,-51.048975058739416,0.0,0.0,1.0,3.0
0.0,69.13251506575011,-1.8227485296747545,0.0,0.0,1.0,3.0
0.0,67.57877411297159,-64.56782346769296,0.0,0.0,1.0,3.0
0.0,99.77869325740585,-40.8892836211603,0.0,0.0,1.0,3.0
0.0,76.25634961826177,-22.43718061777031,0.0,0.0,1.0,3.0
0.0,84.6116692058747,-28.489977023440588,0.0,0.0,1.0,3.0
0.0,82.30860530966902,-28.517608328188317,0.0,0.0,1.0,3.0
0.0,87.84771698266923,-44.19125606187936,0.0,0.0,1.0,3.0
0.0,91.31652875625787,-40.677664515339075,0.0,0.0,1.0,3.0
0.0,94.51800100249966,-26.134062705060842,0.0,0.0,1.0,3.0
0.0,68.65282021274925,-42.464228569778925,0.0,0.0,1.0,3.0
0.0,87.21892041155616,-50.14560013778919,0.0,0.0,1.0,3.0
0.0,77.75337653862016,-43.218147733048454,0.0,0.0,1.0,3.0
0.0,88.70023483792056,-9.714718755064268,0.0,0.0,1.0,3.0
0.0,100.93147740771974,-34.45399720120031,0.0,0.0,1.0,3.0
0.0,91.59123006576692,-67.57109618264826,0.0,0.0,1.0,3.0
0.0,102.55147143343379,-44.53759139993258,0.0,0.0,1.0,3.0
0.0,39.527588468513386,-57.22237504224813,0.0,0.0,1.0,3.0
0.0,88.81087270767489,-25.830692902462943,0.0,0.0,1.0,3.0
0.0,102.16952706031907,-39.25622620772219,0.0,0.0,1.0,3.0
0.0,90.34355231126324,-24.332029397925226,0.0,0.0,1.0,3.0
0.0,78.93458657161068,-14.446408181819606,0.0,0.0,1.0,3.0
0.0,95.072889532923,-59.44987221431688,0.0,0.0,1.0,3.0
0.0,110.54516363574885,-33.428210423304336,0.0,0.0,1.0,3.0
0.0,104.29857214043568,-7.830732063532196,0.0,0.0,1.0,3.0
0.0,73.27203168781807,-10.589115698330716,0.0,0.0,1.0,3.0
0.0,83.44339781630174,-33.34157002979259,0.0,0.0,1.0,3.0
0.0,62.5599052894795,10.245055972431373,0.0,0.0,1.0,3.0
0.0,63.149224680796806,-21.726566345266292,0.0,0.0,1.0,3.0
0.0,73.11326458912549,-23.612572507431423,0.0,0.0,1.0,3.0
0.0,91.01215104231937,-34.052842291535626,0.0,0.0,1.0,3.0
0.0,88.82187030241084,-37.55183873769056,0.0,0.0,1.0,3.0
0.0,55.17442898012996,-28.25236253699427,0.0,0.0,1.0,3.0
0.0,-103.43108638727358,-21.443124766174606,0.0,0.0,1.0,4.0
0.0,-80.52372719415598,-27.43255547628314,0.0,0.0,1.0,4.0
0.0,-94.99249583569076,-24.975668232180624,0.0,0.0,1.0,4.0
0.0,-94.23515559102043,-34.661037818860905,0.0,0.0,1.0,4.0
0.0,-73.02664572369031,-5.739382155169778,0.0,0.0,1.0,4.0
0.0,-110.51273480412215,-13.382817023161351,0.0,0.0,1.0,4.0
0.0,-78.67460138974616,-1.7504942829177708,0.0,0.0,1.0,4.0
0.0,-143.40943843967443,2.138255487319384,0.0,0.0,1.0,4.0
0.0,-97.7588851591347,-44.54577483206549,0.0,0.0,1.0,4.0
0.0,-103.42913432211799,-10.662621584352564,0.0,0.0,1.0,4.0
0.0,-81.03899849687696,-17.54983573078175,0.0,0.0,1.0,4.0
0.0,-92.10139581165777,-30.052014370888628,0.0,0.0,1.0,4.0
0.0,-83.7894985153207,-11.782412815637826,0.0,0.0,1.0,4.0
0.0,-88.73106183802338,-36.65577019105035,0.0,0.0,1.0,4.0
0.0,-94.23909523105203,-0.563958736162931,0.0,0.0,1.0,4.0
0.0,-94.63190029420821,-33.06838736506984,0.0,0.0,1.0,4.0
0.0,-68.24831157920721,-22.639052721002827,0.0,0.0,1.0,4.0
0.0,-110.23505730939723,-16.29022841463575,0.0,0.0,1.0,4.0
0.0,-111.25724603871686,-21.246458060433042,0.0,0.0,1.0,4.0
0.0,-94.30435865622599,-51.733477747167626,0.0,0.0,1.0,4.0
0.0,-106.61329280685891,-33.30471928466295,0.0,0.0,1.0,4.0
0.0,-98.72060881755556,-22.053144133166825,0.0,0.0,1.0,4.0
0.0,-108.43032536035435,25.54484071358911,0.0,0.0,1.0,4.0
0.0,-88.93910299374784,22.78019684377182,0.0,0.0,1.0,4.0
0.0,-86.9553500254492,25.42173709951635,0.0,0.0,1.0,4.0
0.0,-98.4292391048441,11.674542718556722,0.0,0.0,1.0,4.0
0.0,-86.87387793996572,19.47072654972135,0.0,0.0,1.0,4.0
0.0,-106.1180229259578,28.466204466710906,0.0,0.0,1.0,4.0
0.0,-88.90122025221649,8.415028775791825,0.0,0.0,1.0,4.0
0.0,-115.27996483419906,31.851549545099488,0.0,0.0,1.0,4.0
0.0,-118.56731522556379,40.74569275513204,0.0,0.0,1.0,4.0
0.0,-107.91234278145657,28.895160996722552,0.0,0.0,1.0,4.0
0.0,-110.02492893978001,17.44186057024126,0.0,0.0,1.0,4.0
0.0,-109.06434128784258,6.682936943883078,0.0,0.0,1.0,4.0
0.0,-167.83675521819714,19.226813310625403,0.0,0.0,1.0,4.0
0.0,-80.59028583712461,21.948113422343795,0.0,0.0,1.0,4.0
0.0,-102.62919647137142,6.554017696088522,0.0,0.0,1.0,4.0
0.0,-93.6990609913014,15.644002879773325,0.0,0.0,1.0,4.0
0.0,-97.42798074464281,13.089654548464296,0.0,0.0,1.0,4.0
0.0,-86.24659723370246,-12.619214233633329,0.0,0.0,1.0,4.0
0.0,-108.34128005001776,49.285472809171324,0.0,0.0,1.0,4.0
0.0,-102.2719593273739,11.749186664977287,0.0,0.0,1.0,4.0
0.0,-95.74499671095441,0.920557635408386,0.0,0.0,1.0,4.0
0.0,-106.07288116365544,-11.811869652539826,0.0,0.0,1.0,4.0
0.0,-106.49944506393922,12.025515529259565,0.0,0.0,1.0,4.0
0.0,-84.31549341934078,23.211725237296378,0.0,0.0,1.0,4.0
0.0,-92.85118361613331,6.8082555820899415,0.0,0.0,1.0,4.0
0.0,-93.0464019780743,16.108757724998668,0.0,0.0,1.0,4.0
0.0,-103.36829631477576,10.645338856439366,0.0,0.0,1.0,4.0
0.0,-111.12215614408251,16.928174582332304,0.0,0.0,1.0,4.0
0.0,-80.51329244539875,18.74962066642547,0.0,0.0,1.0,4.0
0.0,-117.12987987444103,11.342872459677437,0.0,0.0,1.0,4.0
0.0,-121.72314195481272,21.35241917223925,0.0,0.0,1.0,4.0
0.0,-107.01629327704063,6.278056753265901,0.0,0.0,1.0,4.0
0.0,-102.78589596304823,37.54585508289256,0.0,0.0,1.0,4.0
0.0,-108.0004103606525,26.630393181067575,0.0,0.0,1.0,4.0
0.0,-94.67870591008432,40.012701217187214,0.0,0.0,1.0,4.0
0.0,-86.29415147551981,2.4271577270026228,0.0,0.0,1.0,4.0
0.0,-91.21767751824086,1.921049513558728,0.0,0.0,1.0,4.0
0.0,-88.87930957359913,4.492606128404077,0.0,0.0,1.0,4.0
0.0,-121.17909522898299,60.155923573219525,0.0,0.0,1.0,4.0
0.0,-111.50412123222486,-10.08323863623059,0.0,0.0,1.0,4.0
0.0,-88.28624294811198,45.16551826075056,0.0,0.0,1.0,4.0
0.0,-112.10656653004457,44.279117171636926,0.0,0.0,1.0,4.0
0.0,-136.55460546840777,11.120816011943589,0.0,0.0,1.0,4.0
0.0,-115.852480439386,12.23069180393918,0.0,0.0,1.0,4.0
0.0,-137.57893623121936,66.01148718336572,0.0,0.0,1.0,4.0
0.0,-179.22537784886958,19.33411802637056,0.0,0.0,1.0,4.0
0.0,-141.8971572218254,16.991119532344555,0.0,0.0,1.0,4.0
0.0,-172.73089754840885,9.849215372465778,0.0,0.0,1.0,4.0
0.0,-136.74657312511863,-2.226602198529008,0.0,0.0,1.0,4.0
0.0,-143.8097872155697,61.99790156893573,0.0,0.0,1.0,4.0
0.0,-162.4606693576195,15.357118741513887,0.0,0.0,1.0,4.0
0.0,-141.64332760259094,62.92169333559468,0.0,0.0,1.0,4.0
0.0,-116.98372824941043,15.532363186325483,0.0,0.0,1.0,4.0
0.0,-102.46806023589556,32.31497658987996,0.0,0.0,1.0,4.0
0.0,-116.32998436481353,32.9756706847827,0.0,0.0,1.0,4.0
0.0,-144.8426977339791,49.53147028541866,0.0,0.0,1.0,4.0
0.0,-133.97015977605474,58.8248542243698,0.0,0.0,1.0,4.0
0.0,-146.57267563088476,5.514511821988663,0.0,0.0,1.0,4.0
0.0,-122.73890007107047,59.00442503315617,0.0,0.0,1.0,4.0
0.0,-128.7202791644031,61.18220942026892,0.0,0.0,1.0,4.0
0.0,-129.78894838196084,52.43713259610104,0.0,0.0,1.0,4.0
0.0,-131.68493921982122,37.158570372641634,0.0,0.0,1.0,4.0
0.0,-116.979526866691,64.27570455482214,0.0,0.0,1.0,4.0
0.0,-124.18684029625524,59.16111076062839,0.0,0.0,1.0,4.0
0.0,-108.42607952326671,39.82327401318935,0.0,0.0,1.0,4.0
0.0,-126.1061934982306,51.59422986731738,0.0,0.0,1.0,4.0
0.0,-143.23896719752747,58.65212678978105,0.0,0.0,1.0,4.0
0.0,-134.01667752662092,13.026941660856892,0.0,0.0,1.0,4.0
0.0,-134.8641900159214,49.75441612431109,0.0,0.0,1.0,4.0
0.0,-128.4477573155641,36.10026509088357,0.0,0.0,1.0,4.0
0.0,-133.01984158547975,54.13122452879861,0.0,0.0,1.0,4.0
0.0,-176.20054296450826,19.589329050369543,0.0,0.0,1.0,4.0
0.0,-150.83872714132167,52.87744483559004,0.0,0.0,1.0,4.0
0.0,-142.0240949778772,30.472282192429248,0.0,0.0,1.0,4.0
0.0,-162.4022174162717,50.06231429992408,0.0,0.0,1.0,4.0
0.0,-132.67731317531025,22.342412221741142,0.0,0.0,1.0,4.0
0.0,-175.54554157084,34.214983422712976,0.0,0.0,1.0,4.0
0.0,-176.63829502716817,-20.519202784485515,0.0,0.0,1.0,4.0
0.0,-118.96515728898657,44.40652379169023,0.0,0.0,1.0,4.0
0.0,-131.1032003093776,53.26716265139157,0.0,0.0,1.0,4.0
0.0,-169.4344343503144,-2.3846773529051006,0.0,0.0,1.0,4.0
0.0,-141.46908045309988,45.03441411767494,0.0,0.0,1.0,4.0
0.0,-118.87991765000288,43.29279815584505,0.0,0.0,1.0,4.0
0.0,-191.35806510750263,-0.18209044072841607,0.0,0.0,1.0,4.0
0.0,-192.10505477561424,-2.517697852313404,0.0,0.0,1.0,4.0
0.0,-208.56939863154594,27.7060926747572,0.0,0.0,1.0,4.0
0.0,-142.16841897353697,1.0500725218676052,0.0,0.0,1.0,4.0
0.0,-217.74559463927812,-7.303581982903324,0.0,0.0,1.0,4.0
0.0,-187.39879884032007,11.819548538183426,0.0,0.0,1.0,4.0
0.0,-236.31484956761938,16.59285643794101,0.0,0.0,1.0,4.0
0.0,-194.29492262556641,2.216803778488611,0.0,0.0,1.0,4.0
0.0,-211.37564754340883,11.496108744416006,0.0,0.0,1.0,4.0
0.0,-227.93070809117967,9.36813409544493,0.0,0.0,1.0,4.0
0.0,-185.1213551608057,13.793336606013327,0.0,0.0,1.0,4.0
0.0,-164.5948226907558,9.585172482185726,0.0,0.0,1.0,4.0
0.0,-225.56778467484446,-27.64948972234356,0.0,0.0,1.0,4.0
0.0,-204.78363008441852,19.615226444087966,0.0,0.0,1.0,4.0
0.0,-185.21004881303543,44.26079520920439,0.0,0.0,1.0,4.0
0.0,-207.33988409282324,-8.330101936721803,0.0,0.0,1.0,4.0
0.0,-205.84274229093944,4.143527314711264,0.0,0.0,1.0,4.0
0.0,-220.03078213239314,6.4316113640543335,0.0,0.0,1.0,4.0
0.0,-184.81550707438532,31.114117417560465,0.0,0.0,1.0,4.0
0.0,-225.76742464460517,8.549449105852545,0.0,0.0,1.0,4.0
0.0,-214.09912993694752,33.73456986315523,0.0,0.0,1.0,4.0
0.0,-199.33360748630525,6.87006504542228,0.0,0.0,1.0,4.0
0.0,-220.94341034158379,6.2239155724637385,0.0,0.0,1.0,4.0
0.0,-190.37663290339788,-11.803157471841587,0.0,0.0,1.0,4.0
0.0,-209.91385570195553,53.17676935430245,0.0,0.0,1.0,4.0
0.0,-218.30438865009364,29.09907060375076,0.0,0.0,1.0,4.0
0.0,-185.91252245393184,-4.138573293873151,0.0,0.0,1.0,4.0
0.0,-188.07484502464854,9.950936479953498,0.0,0.0,1.0,4.0
0.0,-195.49281248907346,15.794723862001547,0.0,0.0,1.0,4.0
0.0,-188.45422590430576,13.84015589697583,0.0,0.0,1.0,4.0
0.0,-188.78867146547964,25.992540161511442,0.0,0.0,1.0,4.0
0.0,-186.3665756896362,12.408251731604423,0.0,0.0,1.0,4.0
0.0,-209.65602423456266,1.9542165414211468,0.0,0.0,1.0,4.0
0.0,-208.58590549008136,-28.50993523641796,0.0,0.0,1.0,4.0
0.0,-218.18112810895263,28.507396832210816,0.0,0.0,1.0,4.0
0.0,-150.09237661693578,-66.72875390190484,0.0,0.0,1.0,4.0
0.0,-173.65231095689387,-37.76378388098192,0.0,0.0,1.0,4.0
0.0,-197.97911116433716,-22.846757268996043,0.0,0.0,1.0,4.0
0.0,-181.98066168328933,-35.453880553099,0.0,0.0,1.0,4.0
0.0,-200.25307621353795,-24.315288142930513,0.0,0.0,1.0,4.0
0.0,-201.01993875238395,-53.39587028942128,0.0,0.0,1.0,4.0
0.0,-205.81694053752676,-28.941634162849596,0.0,0.0,1.0,4.0
0.0,-233.22068001500293,-39.69982196648243,0.0,0.0,1.0,4.0
0.0,-190.36528122980894,-48.76164871126048,0.0,0.0,1.0,4.0
0.0,-185.44630539540026,4.598969188356023,0.0,0.0,1.0,4.0
0.0,-199.18431694059973,-17.54275904079691,0.0,0.0,1.0,4.0
0.0,-164.43647846819408,-59.580585291630996,0.0,0.0,1.0,4.0
0.0,-181.52287272111448,-17.763741134272323,0.0,0.0,1.0,4.0
0.0,-195.50535053944077,-47.63688635842982,0.0,0.0,1.0,4.0
0.0,-202.49678010389653,-20.580041347510132,0.0,0.0,1.0,4.0
0.0,-225.42921353017528,-14.465559977536941,0.0,0.0,1.0,4.0
0.0,-190.1920562315663,-25.928081215767634,0.0,0.0,1.0,4.0
0.0,-185.57065200062266,-18.976767638401952,0.0,0.0,1.0,4.0
0.0,-194.12206016797109,-20.87019244754447,0.0,0.0,1.0,4.0
0.0,-221.9699753022037,-47.39102813607474,0.0,0.0,1.0,4.0
0.0,-196.04666277825004,-62.38989387605352,0.0,0.0,1.0,4.0
0.0,-195.64241320819588,-38.811105262431965,0.0,0.0,1.0,4.0
0.0,-199.11085378832877,-52.66529383136435,0.0,0.0,1.0,4.0
0.0,-216.8961559475547,-13.759630170138962,0.0,0.0,1.0,4.0
0.0,-197.98217037937093,-43.45090617810229,0.0,0.0,1.0,4.0
0.0,-205.03002611964735,-58.528477101400995,0.0,0.0,1.0,4.0
0.0,-200.57218126793305,-46.27663220803538,0.0,0.0,1.0,4.0
0.0,-188.619622418973,-41.39169275691097,0.0,0.0,1.0,4.0
0.0,-153.71098708141471,-20.641039125028556,0.0,0.0,1.0,4.0
0.0,-212.7052985018563,-37.863952484425,0.0,0.0,1.0,4.0
0.0,-220.33712367342127,-22.7742671625208,0.0,0.0,1.0,4.0
0.0,-135.41298883729883,-8.046012948212137,0.0,0.0,1.0,4.0
0.0,-203.0259187452366,-46.699685790290005,0.0,0.0,1.0,4.0
0.0,-206.97042357074156,-31.981876951979984,0.0,0.0,1.0,4.0
0.0,-169.23434761519343,-73.83861478433141,0.0,0.0,1.0,4.0
0.0,-201.65262063907676,-58.261960938636776,0.0,0.0,1.0,4.0
0.0,-169.79227707821633,-80.61902459200701,0.0,0.0,1.0,4.0
0.0,-169.27981724096526,-67.15975436321423,0.0,0.0,1.0,4.0
0.0,-170.94798627754244,-90.22144789433446,0.0,0.0,1.0,4.0
0.0,-148.2924249568482,-85.10012238858644,0.0,0.0,1.0,4.0
0.0,-172.928249925586,-63.18771085558387,0.0,0.0,1.0,4.0
0.0,-172.29252578608384,-46.735870110016094,0.0,0.0,1.0,4.0
0.0,-166.5993065590112,-72.49566474778067,0.0,0.0,1.0,4.0
0.0,-148.91446121603008,-57.140043535201585,0.0,0.0,1.0,4.0
0.0,-166.88826747275016,-52.21653853872749,0.0,0.0,1.0,4.0
0.0,-169.49246936296208,-30.54178824197811,0.0,0.0,1.0,4.0
0.0,-180.63286953038119,-35.642513982861146,0.0,0.0,1.0,4.0
0.0,-177.2377543405321,-40.675035567471014,0.0,0.0,1.0,4.0
0.0,-178.70732723449237,-83.01410678758339,0.0,0.0,1.0,4.0
0.0,-146.95245616244551,-55.57290045602076,0.0,0.0,1.0,4.0
0.0,-213.49035873443177,-29.7043580125262,0.0,0.0,1.0,4.0
0.0,-166.34917052590322,-47.20481629920732,0.0,0.0,1.0,4.0
0.0,-141.96648334600104,-70.04444185579132,0.0,0.0,1.0,4.0
0.0,-166.454009889781,-51.875725963471496,0.0,0.0,1.0,4.0
0.0,-166.56767959947183,-93.04664979899735,0.0,0.0,1.0,4.0
0.0,-177.92275422510443,-44.20616424986156,0.0,0.0,1.0,4.0
0.0,-180.31930453204996,-67.44025232037416,0.0,0.0,1.0,4.0
0.0,-125.0865071556359,-36.06017384936058,0.0,0.0,1.0,4.0
0.0,-163.07195082758426,-56.38560703726807,0.0,0.0,1.0,4.0
0.0,-163.9659620762916,-27.688815996148605,0.0,0.0,1.0,4.0
0.0,-184.08165253802326,-79.040493286122,0.0,0.0,1.0,4.0
0.0,-133.157852235272,-50.988701828477815,0.0,0.0,1.0,4.0
0.0,-146.72474441697454,-41.14641631535892,0.0,0.0,1.0,4.0
0.0,-142.58310924297075,-76.13673900967115,0.0,0.0,1.0,4.0
0.0,-158.52599898958442,-65.35951446876311,0.0,0.0,1.0,4.0
0.0,-116.97473081282055,-85.22178429004225,0.0,0.0,1.0,4.0
0.0,-127.78625344815055,-69.42809178098923,0.0,0.0,1.0,4.0
0.0,-112.84382165988427,-69.63687465019007,0.0,0.0,1.0,4.0
0.0,-122.70258560910929,-70.44915180364228,0.0,0.0,1.0,4.0
0.0,-123.50569534482065,-40.228510462133045,0.0,0.0,1.0,4.0
0.0,-143.60070268382992,-52.469126869502816,0.0,0.0,1.0,4.0
0.0,-129.58843437420524,-47.21362268955386,0.0,0.0,1.0,4.0
0.0,-99.55907582438294,-78.51674618784568,0.0,0.0,1.0,4.0
0.0,-98.71293032201265,-80.88189915297335,0.0,0.0,1.0,4.0
0.0,-155.42762185261518,-57.45890321325578,0.0,0.0,1.0,4.0
0.0,-149.1630160322236,-90.75404990084417,0.0,0.0,1.0,4.0
0.0,-158.48853768824733,-39.71408596813376,0.0,0.0,1.0,4.0
0.0,-123.14997054087462,-58.17922254511632,0.0,0.0,1.0,4.0
0.0,-105.87458373460822,-62.98186908003754,0.0,0.0,1.0,4.0
0.0,-76.23741193543492,-62.6673520625086,0.0,0.0,1.0,4.0
0.0,-106.51540398929092,-63.63726146484373,0.0,0.0,1.0,4.0
0.0,-95.91229490253181,-73.26805904892126,0.0,0.0,1.0,4.0
0.0,-146.13334140780307,-26.02957402826064,0.0,0.0,1.0,4.0
0.0,-120.24073371177315,-75.06431963206569,0.0,0.0,1.0,4.0
0.0,-122.6442803998957,-65.10281434810213,0.0,0.0,1.0,4.0
0.0,-144.34713401571025,-27.61367542834796,0.0,0.0,1.0,4.0
0.0,-115.04923626564641,-86.81002151782377,0.0,0.0,1.0,4.0
0.0,-180.04585446661326,-57.40000897780783,0.0,0.0,1.0,4.0
0.0,-149.1594504378893,-55.46481823923182,0.0,0.0,1.0,4.0
0.0,-91.3608626357327,-23.66265106711876,0.0,0.0,1.0,4.0
0.0,-120.77552554748218,-68.42041220197507,0.0,0.0,1.0,4.0
0.0,-110.098374687964,-77.51597212628371,0.0,0.0,1.0,4.0
0.0,-96.22470239356403,-82.13361817622831,0.0,0.0,1.0,4.0
0.0,-138.60365644633544,-74.13793411197094,0.0,0.0,1.0,4.0
0.0,-129.56829660946642,-75.45775677082133,0.0,0.0,1.0,4.0
0.0,-123.28546595683906,-65.12482555500014,0.0,0.0,1.0,4.0
0.0,-127.27949928430667,-70.15468871989106,0.0,0.0,1.0,4.0
0.0,-96.04097959897626,-57.92882271908479,0.0,0.0,1.0,4.0
0.0,-124.24772962353973,-30.57977197393211,0.0,0.0,1.0,4.0
0.0,-108.63654843098698,-28.814578041600953,0.0,0.0,1.0,4.0
0.0,-116.16798019327712,-47.901712902977806,0.0,0.0,1.0,4.0
0.0,-124.74536376990568,-68.48935705080453,0.0,0.0,1.0,4.0
0.0,-123.58129125829441,-79.52638061263019,0.0,0.0,1.0,4.0
0.0,-118.01835490349936,-16.01137292225644,0.0,0.0,1.0,4.0
0.0,-2.1995965987832733,-84.92992774912523,0.0,0.0,1.0,5.0
0.0,-32.228511370066144,-103.95369083223045,0.0,0.0,1.0,5.0
0.0,-13.994875868142344,-95.70977877499126,0.0,0.0,1.0,5.0
0.0,-20.770771571122395,-63.4836490251746,0.0,0.0,1.0,5.0
0.0,-0.14967767160737822,-113.39101560953736,0.0,0.0,1.0,5.0
0.0,-12.05167895598629,-150.93070522638254,0.0,0.0,1.0,5.0
0.0,-58.569859902213466,-111.26035118119012,0.0,0.0,1.0,5.0
0.0,-11.387109601965676,-87.34278273383097,0.0,0.0,1.0,5.0
0.0,-34.67124631053798,-140.4413205235037,0.0,0.0,1.0,5.0
0.0,6.787118148876289,-119.89183978288838,0.0,0.0,1.0,5.0
0.0,-22.13737467494252,-139.4447620318806,0.0,0.0,1.0,5.0
0.0,-31.63963376485208,-115.91391323274888,0.0,0.0,1.0,5.0
0.0,-0.3559510686277463,-95.07678634914623,0.0,0.0,1.0,5.0
0.0,-18.356018340429046,-124.9278260342362,0.0,0.0,1.0,5.0
0.0,-42.20215175361864,-103.0981411672667,0.0,0.0,1.0,5.0
0.0,-12.794590526724278,-114.22133011939036,0.0,0.0,1.0,5.0
0.0,-13.362267762807505,-123.84185179964538,0.0,0.0,1.0,5.0
0.0,-1.4791367450316102,-130.44672368732654,0.0,0.0,1.0,5.0
0.0,-30.03971526127998,-139.06957660404987,0.0,0.0,1.0,5.0
0.0,-30.92461574082654,-112.30815619884561,0.0,0.0,1.0,5.0
0.0,-20.662750679855662,-117.1102129968449,0.0,0.0,1.0,5.0
0.0,-18.698116180677744,-100.53072274976626,0.0,0.0,1.0,5.0
0.0,3.318015234660834,-105.77393173515816,0.0,0.0,1.0,5.0
0.0,-115.78136400533458,-224.17819422837192,0.0,0.0,1.0,5.0
0.0,-77.51451340527456,-95.66156968064251,0.0,0.0,1.0,5.0
0.0,-80.40754430491052,-88.19637847671493,0.0,0.0,1.0,5.0
0.0,-69.27247276483013,-121.8954932784045,0.0,0.0,1.0,5.0
0.0,-56.705505522807016,-135.3818127910381,0.0,0.0,1.0,5.0
0.0,-34.20415876475636,-104.69319217798011,0.0,0.0,1.0,5.0
0.0,-72.56521136396555,-109.49489845673816,0.0,0.0,1.0,5.0
0.0,-55.06072109989077,-117.81538627194345,0.0,0.0,1.0,5.0
0.0,-60.81160021783717,-73.12805975359925,0.0,0.0,1.0,5.0
0.0,-66.7490279303513,-103.91184159378736,0.0,0.0,1.0,5.0
0.0,-60.04259196498174,-96.03302287219594,0.0,0.0,1.0,5.0
0.0,-77.99567943404327,-102.33814077122247,0.0,0.0,1.0,5.0
0.0,-56.15449265409893,-117.36509909129404,0.0,0.0,1.0,5.0
0.0,-59.05117875124938,-178.93582880145254,0.0,0.0,1.0,5.0
0.0,-66.62051696465414,-128.2916164816811,0.0,0.0,1.0,5.0
0.0,-51.89631633088197,-79.99775988841839,0.0,0.0,1.0,5.0
0.0,-70.87573555279118,-95.57144832982408,0.0,0.0,1.0,5.0
0.0,-92.31417326985365,-92.79563002346663,0.0,0.0,1.0,5.0
0.0,-87.85434930383053,-115.3475924083425,0.0,0.0,1.0,5.0
0.0,-80.47607065757802,-106.97302148942026,0.0,0.0,1.0,5.0
0.0,-74.67440671544955,-112.564607571235,0.0,0.0,1.0,5.0
0.0,-51.61968709300186,-109.43095811620424,0.0,0.0,1.0,5.0
0.0,-139.26980104609515,-147.57076253117611,0.0,0.0,1.0,5.0
0.0,-82.080553909223,-100.65541101024314,0.0,0.0,1.0,5.0
0.0,-53.44862002711284,-110.76154229659596,0.0,0.0,1.0,5.0
0.0,-71.03731137083287,-91.52097374820391,0.0,0.0,1.0,5.0
0.0,-87.40645074366876,-86.03301597842346,0.0,0.0,1.0,5.0
0.0,-74.4677819813046,-104.99228561511268,0.0,0.0,1.0,5.0
0.0,-50.381331442697046,-109.59823933902703,0.0,0.0,1.0,5.0
0.0,-55.81605238166435,-74.57509468016247,0.0,0.0,1.0,5.0
0.0,-28.381774093906415,-223.37651564839507,0.0,0.0,1.0,5.0
0.0,-141.6644039093212,-209.42560395715236,0.0,0.0,1.0,5.0
0.0,-111.25389646455551,-189.86964084658416,0.0,0.0,1.0,5.0
0.0,-97.80774011842323,-150.75227081279377,0.0,0.0,1.0,5.0
0.0,-109.13279769345695,-203.06551735023504,0.0,0.0,1.0,5.0
0.0,-83.14048663801532,-187.61861017610636,0.0,0.0,1.0,5.0
0.0,-70.785968374925,-182.9566726318476,0.0,0.0,1.0,5.0
0.0,-124.23743528155865,-170.90131392196008,0.0,0.0,1.0,5.0
0.0,-141.30965061524057,-196.18455444987853,0.0,0.0,1.0,5.0
0.0,-103.13810127740385,-171.89201763023198,0.0,0.0,1.0,5.0
0.0,-133.4237294010295,-196.62052692623092,0.0,0.0,1.0,5.0
0.0,-131.82327215366058,-168.93665378015385,0.0,0.0,1.0,5.0
0.0,-100.64184600974158,-121.38280275303259,0.0,0.0,1.0,5.0
0.0,-141.21563451069505,-202.55183831172258,0.0,0.0,1.0,5.0
0.0,-77.64613797901575,-223.14559616579754,0.0,0.0,1.0,5.0
0.0,-125.14351720391369,-202.03514709838123,0.0,0.0,1.0,5.0
0.0,-125.04597018919571,-152.8758410862181,0.0,0.0,1.0,5.0
0.0,-144.7183262842707,-194.3368503874717,0.0,0.0,1.0,5.0
0.0,-113.93599395721003,-134.23195564045477,0.0,0.0,1.0,5.0
0.0,-89.12820964627372,-234.39320877406408,0.0,0.0,1.0,5.0
0.0,-130.91465214383857,-197.65174350095208,0.0,0.0,1.0,5.0
0.0,-141.89919856649362,-177.78008712894302,0.0,0.0,1.0,5.0
0.0,-104.3661023113591,-160.96546584814723,0.0,0.0,1.0,5.0
0.0,-128.75927047523373,-173.60400000553,0.0,0.0,1.0,5.0
0.0,-161.04336261652065,-192.52759914671424,0.0,0.0,1.0,5.0
0.0,-43.88676700030419,-174.9869978675465,0.0,0.0,1.0,5.0
0.0,-144.101746819033,-190.45100891723519,0.0,0.0,1.0,5.0
0.0,-93.07132412504393,-231.49868251234943,0.0,0.0,1.0,5.0
0.0,-124.51391077727135,-196.2962341431553,0.0,0.0,1.0,5.0
0.0,-142.68213454840202,-188.85097978381327,0.0,0.0,1.0,5.0
0.0,-125.59496064287714,-172.84686240966948,0.0,0.0,1.0,5.0
0.0,-108.9613126323843,-204.83752517623475,0.0,0.0,1.0,5.0
0.0,-148.5459411976251,-203.3339848523956,0.0,0.0,1.0,5.0
0.0,-70.98949927013632,-238.29875583958642,0.0,0.0,1.0,5.0
0.0,-32.700681754783545,-262.45669183540645,0.0,0.0,1.0,5.0
0.0,-39.22101375439911,-277.26014590420755,0.0,0.0,1.0,5.0
0.0,-39.061693320010136,-187.48362437241576,0.0,0.0,1.0,5.0
0.0,-66.79291850322579,-285.6226994700248,0.0,0.0,1.0,5.0
0.0,-43.4727084022752,-259.5231781488819,0.0,0.0,1.0,5.0
0.0,-50.01420904482211,-244.14358489466463,0.0,0.0,1.0,5.0
0.0,-31.242668702613855,-224.25113865947537,0.0,0.0,1.0,5.0
0.0,-49.24480795800628,-246.22473951958068,0.0,0.0,1.0,5.0
0.0,-25.596318301075826,-276.7426169776004,0.0,0.0,1.0,5.0
0.0,-31.646541827648434,-264.8041547063583,0.0,0.0,1.0,5.0
0.0,-46.72352431561012,-252.91508255162648,0.0,0.0,1.0,5.0
0.0,-55.19040320748945,-270.4048623191861,0.0,0.0,1.0,5.0
0.0,-43.95403835977959,-247.56782858369206,0.0,0.0,1.0,5.0
0.0,-24.32536150225951,-256.2560162120012,0.0,0.0,1.0,5.0
0.0,4.227968082429925,-225.40666374598118,0.0,0.0,1.0,5.0
0.0,9.426191456791457,-235.2995454830334,0.0,0.0,1.0,5.0
0.0,-12.320104316440393,-161.2073094693851,0.0,0.0,1.0,5.0
0.0,18.222822680743775,-245.8497824309136,0.0,0.0,1.0,5.0
0.0,19.424129892045812,-191.3496664331783,0.0,0.0,1.0,5.0
0.0,-17.4262599706517,-188.57645362132735,0.0,0.0,1.0,5.0
0.0,31.74237767768591,-231.44560293912673,0.0,0.0,1.0,5.0
0.0,-5.1968215050987965,-216.35865772907437,0.0,0.0,1.0,5.0
0.0,26.55369832931933,-235.93137907695336,0.0,0.0,1.0,5.0
0.0,-78.19503745048542,-222.09908171481447,0.0,0.0,1.0,5.0
0.0,20.24067256994499,-220.23855206352687,0.0,0.0,1.0,5.0
0.0,12.715778018157152,-205.43355242663574,0.0,0.0,1.0,5.0
0.0,-4.172616839384318,-237.0439163208116,0.0,0.0,1.0,5.0
0.0,10.227040690989725,-223.76458727222075,0.0,0.0,1.0,5.0
0.0,39.62341325547618,-205.61743508872974,0.0,0.0,1.0,5.0
0.0,14.551988360068208,-242.88882757779425,0.0,0.0,1.0,5.0
0.0,-7.490876178988174,-251.82710702709005,0.0,0.0,1.0,5.0
0.0,6.722869071533978,-233.7473969216087,0.0,0.0,1.0,5.0
0.0,-3.0877318370953617,-138.54617785408527,0.0,0.0,1.0,5.0
0.0,27.37772856015522,-205.77821056563243,0.0,0.0,1.0,5.0
0.0,21.51414325234714,-219.17625440683992,0.0,0.0,1.0,5.0
0.0,-4.181435378268816,-158.94731604713138,0.0,0.0,1.0,5.0
0.0,22.314285574890846,-203.8082572626688,0.0,0.0,1.0,5.0
0.0,2.3427216006080016,-215.7013110345024,0.0,0.0,1.0,5.0
0.0,4.345983912415022,-210.27433017987823,0.0,0.0,1.0,5.0
0.0,10.984915058500746,-167.5925378347374,0.0,0.0,1.0,5.0
0.0,4.19897740066267,-204.5165904315836,0.0,0.0,1.0,5.0
0.0,-26.235293549122616,-249.37557234027213,0.0,0.0,1.0,5.0
0.0,21.763292939981966,-191.3533512368815,0.0,0.0,1.0,5.0
0.0,228.20926781573417,71.2381568951821,0.0,0.0,1.0,6.0
0.0,201.15881186147612,71.04908104312517,0.0,0.0,1.0,6.0
0.0,248.85421302853115,73.43648603203201,0.0,0.0,1.0,6.0
0.0,237.63880333081443,68.89994822585209,0.0,0.0,1.0,6.0
0.0,229.73267100131943,86.02901373192913,0.0,0.0,1.0,6.0
0.0,209.84202308338536,45.11150604207887,0.0,0.0,1.0,6.0
0.0,223.77501823057605,60.892015278513554,0.0,0.0,1.0,6.0
0.0,250.16846393278456,17.139692987875378,0.0,0.0,1.0,6.0
0.0,208.2007669937741,70.58061804706631,0.0,0.0,1.0,6.0
0.0,267.33240660586307,35.19120631677447,0.0,0.0,1.0,6.0
0.0,239.12469336109461,46.03743741046742,0.0,0.0,1.0,6.0
0.0,269.40883274855105,49.45512915616132,0.0,0.0,1.0,6.0
0.0,259.3599396530549,60.87880957240577,0.0,0.0,1.0,6.0
0.0,209.17455430826408,49.56278345619512,0.0,0.0,1.0,6.0
0.0,195.7176833595165,89.17382512301356,0.0,0.0,1.0,6.0
0.0,211.64481633242713,77.08746953277796,0.0,0.0,1.0,6.0
0.0,270.7182310975013,72.30338542557729,0.0,0.0,1.0,6.0
0.0,236.6267852914741,60.02728840229611,0.0,0.0,1.0,6.0
0.0,265.9467618254005,-11.991197434769447,0.0,0.0,1.0,6.0
0.0,224.50456918183068,68.64266191086767,0.0,0.0,1.0,6.0
0.0,249.96546163210337,49.360963179173496,0.0,0.0,1.0,6.0
0.0,205.49581765603875,66.1854973438792,0.0,0.0,1.0,6.0
0.0,236.10623303696707,64.74988319723138,0.0,0.0,1.0,6.0
0.0,220.71271379701307,63.614724948409275,0.0,0.0,1.0,6.0
0.0,215.4455334343936,58.999593192306975,0.0,0.0,1.0,6.0
0.0,257.98004560386926,93.16965676987024,0.0,0.0,1.0,6.0
0.0,233.294847773431,34.52927607316792,0.0,0.0,1.0,6.0
0.0,226.9153474631737,68.30404172310227,0.0,0.0,1.0,6.0
0.0,266.69323008631136,21.29129918580543,0.0,0.0,1.0,6.0
0.0,260.47523914330964,14.892425733141863,0.0,0.0,1.0,6.0
0.0,216.4163505531983,83.57743673533241,0.0,0.0,1.0,6.0
0.0,246.32918525053447,63.1535196302691,0.0,0.0,1.0,6.0
0.0,221.4701734384837,75.00865840205597,0.0,0.0,1.0,6.0
0.0,275.1486032758978,49.927036545578176,0.0,0.0,1.0,6.0
0.0,211.69266894248494,13.34618256887461,0.0,0.0,1.0,6.0
0.0,258.4916565294484,93.3701104313468,0.0,0.0,1.0,6.0
0.0,242.1209823808283,45.54162801625557,0.0,0.0,1.0,6.0
0.0,217.39373750899017,34.260956144486045,0.0,0.0,1.0,6.0
0.0,229.6953286231976,-3.3491955524323203,0.0,0.0,1.0,6.0
0.0,209.20270948300413,-30.918952763451216,0.0,0.0,1.0,6.0
0.0,200.00574194461524,18.207720207781676,0.0,0.0,1.0,6.0
0.0,206.86065771484414,6.432923151279056,0.0,0.0,1.0,6.0
0.0,191.71868941536513,20.923855339649663,0.0,0.0,1.0,6.0
0.0,208.1467359604394,13.461150845125303,0.0,0.0,1.0,6.0
0.0,197.32971325688914,34.07169771277108,0.0,0.0,1.0,6.0
0.0,210.04837461867282,-12.684257580466465,0.0,0.0,1.0,6.0
0.0,253.4391633037967,7.7947155899623795,0.0,0.0,1.0,6.0
0.0,204.47183766372063,56.54651325898226,0.0,0.0,1.0,6.0
0.0,185.14974142704796,2.4120815702692653,0.0,0.0,1.0,6.0
0.0,230.32026314500376,10.1880938239251,0.0,0.0,1.0,6.0
0.0,212.79200448004121,-4.12520460508631,0.0,0.0,1.0,6.0
0.0,259.92271272656876,-6.485735877916795,0.0,0.0,1.0,6.0
0.0,210.63168716821497,-3.557962024416156,0.0,0.0,1.0,6.0
0.0,195.73742872909975,1.5455466007190353,0.0,0.0,1.0,6.0
0.0,190.86422804171525,10.356194476955125,0.0,0.0,1.0,6.0
0.0,217.08488587291095,41.70134938447109,0.0,0.0,1.0,6.0
0.0,252.16391805720104,6.8966213357252855,0.0,0.0,1.0,6.0
0.0,189.06526911564674,2.8270890880933166,0.0,0.0,1.0,6.0
0.0,213.1366845536993,2.610579321668638,0.0,0.0,1.0,6.0
0.0,227.79485829432224,26.76780224061531,0.0,0.0,1.0,6.0
0.0,239.9111047366805,-5.514280818473253,0.0,0.0,1.0,6.0
0.0,190.36036587308786,-5.032250809627612,0.0,0.0,1.0,6.0
0.0,180.73416069508198,5.4100020902969845,0.0,0.0,1.0,6.0
0.0,282.7383395755444,33.207902473947115,0.0,0.0,1.0,6.0
0.0,235.2291079895872,36.357272472868544,0.0,0.0,1.0,6.0
0.0,235.29803457031971,7.658395867108766,0.0,0.0,1.0,6.0
0.0,209.65147759799083,-32.63936778031916,0.0,0.0,1.0,6.0
0.0,222.72118285917895,-11.75740321693388,0.0,0.0,1.0,6.0
0.0,192.35087362078912,10.914926251685529,0.0,0.0,1.0,6.0
0.0,217.7907030038973,-62.627549595498294,0.0,0.0,1.0,6.0
0.0,208.54340927156863,-25.74902530557938,0.0,0.0,1.0,6.0
0.0,217.70127151346787,-23.24090003447941,0.0,0.0,1.0,6.0
0.0,224.58245890492708,-25.193634562859415,0.0,0.0,1.0,6.0
0.0,222.6024082658089,-59.12595248979392,0.0,0.0,1.0,6.0
0.0,242.38931999013607,-38.72693386637752,0.0,0.0,1.0,6.0
0.0,206.9069871728143,-39.97575990866176,0.0,0.0,1.0,6.0
0.0,229.08332124442404,-65.43765533345027,0.0,0.0,1.0,6.0
0.0,210.60481226434467,-42.242376487290585,0.0,0.0,1.0,6.0
0.0,247.43742133560272,-62.05124627865189,0.0,0.0,1.0,6.0
0.0,227.9197536203062,-45.13291062899384,0.0,0.0,1.0,6.0
0.0,254.39450805640809,-65.63934443231528,0.0,0.0,1.0,6.0
0.0,219.49036147779066,-55.12846248190067,0.0,0.0,1.0,6.0
0.0,218.38746215829383,-64.3883607274854,0.0,0.0,1.0,6.0
0.0,236.48292205968232,-29.760855196738703,0.0,0.0,1.0,6.0
0.0,246.5882466198227,-53.219149726687874,0.0,0.0,1.0,6.0
0.0,242.68386684062853,-47.095607129865584,0.0,0.0,1.0,6.0
0.0,228.80677203613755,-65.31776445873538,0.0,0.0,1.0,6.0
0.0,234.91378101102282,-54.56542874922911,0.0,0.0,1.0,6.0
0.0,210.27252572124894,-52.403242960377156,0.0,0.0,1.0,6.0
0.0,281.17630047601824,-71.21067372140601,0.0,0.0,1.0,6.0
0.0,323.90748202859277,-31.568514706818178,0.0,0.0,1.0,6.0
0.0,272.42153998425374,-78.96171833784001,0.0,0.0,1.0,6.0
0.0,281.17819073555734,-49.45498062581578,0.0,0.0,1.0,6.0
0.0,276.99922954123076,-76.75304767394891,0.0,0.0,1.0,6.0
0.0,313.9642813854548,-44.149046405831996,0.0,0.0,1.0,6.0
0.0,267.5358973476475,-73.9385566603944,0.0,0.0,1.0,6.0
0.0,315.16552296347936,-72.90043886449621,0.0,0.0,1.0,6.0
0.0,292.45217691038374,-72.86651562976317,0.0,0.0,1.0,6.0
0.0,282.0512849217944,-91.99098881243003,0.0,0.0,1.0,6.0
0.0,287.9902311859196,-95.26071182313194,0.0,0.0,1.0,6.0
0.0,275.6126889126472,-72.54280879788598,0.0,0.0,1.0,6.0
0.0,290.48025985024856,-76.59565454515769,0.0,0.0,1.0,6.0
0.0,296.71057657689107,-85.17561629599322,0.0,0.0,1.0,6.0
0.0,260.12767466339983,-91.90763702698814,0.0,0.0,1.0,6.0
0.0,256.9884307237926,-6.108438276831066,0.0,0.0,1.0,6.0
0.0,239.42086838856812,-40.581702439649234,0.0,0.0,1.0,6.0
0.0,306.8320147933273,-69.5188435607065,0.0,0.0,1.0,6.0
0.0,307.1868126316531,-77.37900169949876,0.0,0.0,1.0,6.0
0.0,282.2379729291356,-81.45776203447099,0.0,0.0,1.0,6.0
0.0,280.1827670725447,-67.62752400374438,0.0,0.0,1.0,6.0
0.0,361.2074421975226,17.938065261622796,0.0,0.0,1.0,6.0
0.0,367.17350763352124,33.5772884726523,0.0,0.0,1.0,6.0
0.0,370.68780285552884,22.40395381543999,0.0,0.0,1.0,6.0
0.0,377.5210806783766,19.48986257126944,0.0,0.0,1.0,6.0
0.0,361.26205096223816,9.23861698069959,0.0,0.0,1.0,6.0
0.0,313.753899554059,14.125051544359621,0.0,0.0,1.0,6.0
0.0,287.5254213179919,23.706916676265564,0.0,0.0,1.0,6.0
0.0,358.2198708175981,27.50611926542888,0.0,0.0,1.0,6.0
0.0,377.7435069533785,14.586150142004499,0.0,0.0,1.0,6.0
0.0,359.7998883983523,10.636135856938836,0.0,0.0,1.0,6.0
0.0,354.86618715274017,19.079542831176695,0.0,0.0,1.0,6.0
0.0,316.4317602983331,-1.005708992967584,0.0,0.0,1.0,6.0
0.0,299.2387243816154,-17.623608471652233,0.0,0.0,1.0,6.0
0.0,343.6541808569832,4.348471835756982,0.0,0.0,1.0,6.0
0.0,312.8935659596734,-23.526203205808088,0.0,0.0,1.0,6.0
0.0,350.6452211435328,13.353925263046904,0.0,0.0,1.0,6.0
0.0,359.6682242240613,13.907696474279874,0.0,0.0,1.0,6.0
0.0,363.24317811195897,19.0651960887908,0.0,0.0,1.0,6.0
0.0,377.6753275110441,-14.220025222798768,0.0,0.0,1.0,6.0
0.0,327.25692244574043,-4.176169520981148,0.0,0.0,1.0,6.0
0.0,285.79737546433034,3.93089456495386,0.0,0.0,1.0,6.0
0.0,291.41108238718834,93.12572355821408,0.0,0.0,1.0,6.0
0.0,289.7225758831805,98.58309919603903,0.0,0.0,1.0,6.0
0.0,239.44868755657967,76.63485157315426,0.0,0.0,1.0,6.0
0.0,284.1924862798371,104.5664293465868,0.0,0.0,1.0,6.0
0.0,291.0345136156725,66.07225695212264,0.0,0.0,1.0,6.0
0.0,291.02273546131323,83.88486552524705,0.0,0.0,1.0,6.0
0.0,254.5144747874151,77.46005755175838,0.0,0.0,1.0,6.0
0.0,284.8537803280956,97.12307054991425,0.0,0.0,1.0,6.0
0.0,264.61295510168566,86.57950538749992,0.0,0.0,1.0,6.0
0.0,329.0590184212258,32.91230309894445,0.0,0.0,1.0,6.0
0.0,278.33355667147384,77.45544394421609,0.0,0.0,1.0,6.0
0.0,252.51305146262666,68.00798052434197,0.0,0.0,1.0,6.0
0.0,286.6127387807335,97.56973364643363,0.0,0.0,1.0,6.0
0.0,242.69534758956706,61.44894491003174,0.0,0.0,1.0,6.0
0.0,310.59229613342245,278.9111421789073,0.0,0.0,1.0,7.0
0.0,311.7442479695251,277.5419142062974,0.0,0.0,1.0,7.0
0.0,304.09981209799435,272.41341503128797,0.0,0.0,1.0,7.0
0.0,300.2271999029763,271.5968854316486,0.0,0.0,1.0,7.0
0.0,269.3757542713688,264.071343347239,0.0,0.0,1.0,7.0
0.0,302.2951164834876,290.9311908099937,0.0,0.0,1.0,7.0
0.0,310.74488056280916,310.91540424538925,0.0,0.0,1.0,7.0
0.0,307.6692715914178,281.54570195539054,0.0,0.0,1.0,7.0
0.0,274.0828848169074,266.2283089129096,0.0,0.0,1.0,7.0
0.0,276.5076013447583,283.2364530785378,0.0,0.0,1.0,7.0
0.0,311.03052287762534,277.016077324874,0.0,0.0,1.0,7.0
0.0,363.48129951737974,259.8869599514103,0.0,0.0,1.0,7.0
0.0,312.66087443804645,299.8648147164604,0.0,0.0,1.0,7.0
0.0,294.4046809143499,278.9846378252473,0.0,0.0,1.0,7.0
0.0,314.4135543851203,255.10080090952806,0.0,0.0,1.0,7.0
0.0,287.9649558941353,251.2590437227475,0.0,0.0,1.0,7.0
0.0,329.2970233908786,274.8952925332128,0.0,0.0,1.0,7.0
0.0,299.30680787479673,268.5619689938078,0.0,0.0,1.0,7.0
0.0,277.5907784246683,272.16690303382734,0.0,0.0,1.0,7.0
0.0,293.1209022701553,265.59581043775984,0.0,0.0,1.0,7.0
0.0,282.75923008485734,276.38574664837097,0.0,0.0,1.0,7.0
0.0,320.5464821601481,278.3689435370163,0.0,0.0,1.0,7.0
0.0,311.6927963886262,286.0458005636924,0.0,0.0,1.0,7.0
0.0,302.5776082531049,271.27012408419705,0.0,0.0,1.0,7.0
0.0,316.35313507897627,265.6840714429063,0.0,0.0,1.0,7.0
0.0,299.05375653626015,273.97337546322797,0.0,0.0,1.0,7.0
0.0,340.03884633279927,268.68059620820304,0.0,0.0,1.0,7.0
0.0,308.4277587379938,268.66139233432887,0.0,0.0,1.0,7.0
0.0,294.6289240547867,269.1299782495437,0.0,0.0,1.0,7.0
0.0,299.84398239552274,284.4660023305371,0.0,0.0,1.0,7.0
0.0,294.86075301565006,268.2395977534254,0.0,0.0,1.0,7.0
0.0,306.29906248564976,281.18309511344705,0.0,0.0,1.0,7.0
0.0,322.74787000270203,273.95686771180453,0.0,0.0,1.0,7.0
0.0,304.6292447277683,283.02271836335035,0.0,0.0,1.0,7.0
0.0,291.72135089908124,269.9310515680636,0.0,0.0,1.0,7.0
0.0,297.1388172881634,259.4671349180462,0.0,0.0,1.0,7.0
0.0,301.2133264502156,286.5917111186502,0.0,0.0,1.0,7.0
0.0,313.86071343172944,287.45379642994817,0.0,0.0,1.0,7.0
0.0,317.8385472956684,266.8937352832004,0.0,0.0,1.0,7.0
0.0,320.86314012800744,285.32350790939677,0.0,0.0,1.0,7.0
0.0,293.42362939491227,254.30531679313935,0.0,0.0,1.0,7.0
0.0,255.31587243078616,223.57283272835525,0.0,0.0,1.0,7.0
0.0,283.5867365847696,247.54278763574916,0.0,0.0,1.0,7.0
0.0,265.4409946042508,251.6937399320716,0.0,0.0,1.0,7.0
0.0,275.5937492156777,248.6582892940164,0.0,0.0,1.0,7.0
0.0,283.8750238427119,223.40026459697538,0.0,0.0,1.0,7.0
0.0,303.2708510551138,247.6340451913809,0.0,0.0,1.0,7.0
0.0,295.14860380193045,221.6193027197021,0.0,0.0,1.0,7.0
0.0,269.1443906696086,224.53073783674563,0.0,0.0,1.0,7.0
0.0,286.6788332559895,233.81147073801662,0.0,0.0,1.0,7.0
0.0,283.3225753410479,256.84959303354276,0.0,0.0,1.0,7.0
0.0,247.01950251423318,227.74905891629487,0.0,0.0,1.0,7.0
0.0,264.60616398569186,235.84086692337132,0.0,0.0,1.0,7.0
0.0,289.48901031030323,202.31481039731807,0.0,0.0,1.0,7.0
0.0,267.32106903870476,247.00595790374246,0.0,0.0,1.0,7.0
0.0,283.6236326046687,271.53887802402005,0.0,0.0,1.0,7.0
0.0,281.51090546405385,244.64287926598354,0.0,0.0,1.0,7.0
0.0,268.2237119397744,247.91944069623605,0.0,0.0,1.0,7.0
0.0,263.9294714126913,238.70048601556687,0.0,0.0,1.0,7.0
0.0,280.46332566928186,243.6168140592381,0.0,0.0,1.0,7.0
0.0,276.46308287273064,258.92958784934194,0.0,0.0,1.0,7.0
0.0,281.3152995811963,218.67327289321133,0.0,0.0,1.0,7.0
0.0,245.16121131710156,247.43105029065055,0.0,0.0,1.0,7.0
0.0,270.2484099610663,233.86225364675465,0.0,0.0,1.0,7.0
0.0,278.4845804063177,228.73179418232849,0.0,0.0,1.0,7.0
0.0,269.95997502200726,238.46091818350533,0.0,0.0,1.0,7.0
0.0,350.03330415842606,253.22315808070653,0.0,0.0,1.0,7.0
0.0,284.5674423877133,247.11589973410378,0.0,0.0,1.0,7.0
0.0,256.28741756008844,227.77108591189563,0.0,0.0,1.0,7.0
0.0,260.14078420461965,252.90574161838526,0.0,0.0,1.0,7.0
0.0,274.37108016559114,237.91748905946815,0.0,0.0,1.0,7.0
0.0,277.1082530305539,234.09754415760835,0.0,0.0,1.0,7.0
0.0,248.72378276898962,242.734082959739,0.0,0.0,1.0,7.0
0.0,323.26244074271744,228.63305949015057,0.0,0.0,1.0,7.0
0.0,280.0682059232968,229.48279160216316,0.0,0.0,1.0,7.0
0.0,312.24670081588533,229.24626650343066,0.0,0.0,1.0,7.0
0.0,293.0382869878317,237.93725995001978,0.0,0.0,1.0,7.0
0.0,301.03459614132316,228.6866046100879,0.0,0.0,1.0,7.0
0.0,297.6901007085303,245.17995670133246,0.0,0.0,1.0,7.0
0.0,272.6402513566891,219.6866989469827,0.0,0.0,1.0,7.0
0.0,286.3269658982324,254.517757407697,0.0,0.0,1.0,7.0
0.0,255.29278196599512,247.55066461922615,0.0,0.0,1.0,7.0
0.0,260.1071010997882,238.83850721127033,0.0,0.0,1.0,7.0
0.0,300.75621050417385,225.55304279814777,0.0,0.0,1.0,7.0
0.0,285.99614395641015,258.0390000627033,0.0,0.0,1.0,7.0
0.0,256.49010243211046,180.13182885411084,0.0,0.0,1.0,7.0
0.0,256.5593638199357,199.5301370199777,0.0,0.0,1.0,7.0
0.0,280.5401562199713,207.15707722123216,0.0,0.0,1.0,7.0
0.0,266.5146796936572,212.54559933748328,0.0,0.0,1.0,7.0
0.0,279.2532757745289,190.17776871731394,0.0,0.0,1.0,7.0
0.0,276.5953518202655,171.0102410418158,0.0,0.0,1.0,7.0
0.0,294.08463100927816,208.6786471405885,0.0,0.0,1.0,7.0
0.0,287.8359963326486,194.87363632629672,0.0,0.0,1.0,7.0
0.0,277.72106722360877,206.31424139022624,0.0,0.0,1.0,7.0
0.0,260.8815073793812,207.13840395387433,0.0,0.0,1.0,7.0
0.0,267.6770630151741,155.4344492069772,0.0,0.0,1.0,7.0
0.0,283.72462011433845,191.66149430049268,0.0,0.0,1.0,7.0
0.0,277.5635334976423,182.48838834343474,0.0,0.0,1.0,7.0
0.0,312.9834090930458,208.5580043838179,0.0,0.0,1.0,7.0
0.0,288.62196687136793,181.5536425077853,0.0,0.0,1.0,7.0
0.0,267.0453975496664,168.38649796819936,0.0,0.0,1.0,7.0
0.0,267.8765016571915,158.55810205504645,0.0,0.0,1.0,7.0
0.0,281.0028216150083,200.10592959444807,0.0,0.0,1.0,7.0
0.0,268.4458717032485,161.98720784992838,0.0,0.0,1.0,7.0
0.0,270.53638314618684,194.66671016982036,0.0,0.0,1.0,7.0
0.0,276.6019406796531,207.8094642222352,0.0,0.0,1.0,7.0
0.0,308.7964307942909,172.15210729850833,0.0,0.0,1.0,7.0
0.0,301.2003818069529,148.54711415307816,0.0,0.0,1.0,7.0
0.0,273.72065988110603,172.56137700576483,0.0,0.0,1.0,7.0
0.0,255.86637261867872,218.65846960228896,0.0,0.0,1.0,7.0
0.0,310.14226564212186,199.15656316805917,0.0,0.0,1.0,7.0
0.0,277.91157585965834,194.75793886242423,0.0,0.0,1.0,7.0
0.0,273.1693621655677,159.25105003029648,0.0,0.0,1.0,7.0
0.0,323.88574475992573,207.88539835259394,0.0,0.0,1.0,7.0
0.0,297.80769372819486,192.34089451085265,0.0,0.0,1.0,7.0
0.0,265.9984943646584,153.30298255986668,0.0,0.0,1.0,7.0
0.0,271.2995802179978,176.93946778219902,0.0,0.0,1.0,7.0
0.0,282.44257582948194,146.2992304078623,0.0,0.0,1.0,7.0
0.0,298.63410592724085,175.30940188662817,0.0,0.0,1.0,7.0
0.0,280.0579714001217,172.33555559013212,0.0,0.0,1.0,7.0
0.0,336.52435190632696,153.9683393759849,0.0,0.0,1.0,7.0
0.0,344.92712721214457,135.29893454978537,0.0,0.0,1.0,7.0
0.0,288.92732241830186,162.31176146872804,0.0,0.0,1.0,7.0
0.0,330.20705148400157,148.7647844058081,0.0,0.0,1.0,7.0
0.0,377.8359083977771,162.39591819801058,0.0,0.0,1.0,7.0
0.0,319.28717457133007,141.33548740299284,0.0,0.0,1.0,7.0
0.0,322.0593432999924,161.2914314996856,0.0,0.0,1.0,7.0
0.0,292.6068752373126,182.17737093942628,0.0,0.0,1.0,7.0
0.0,319.5803184085821,163.4311234494503,0.0,0.0,1.0,7.0
0.0,298.7285561848057,166.69153243208166,0.0,0.0,1.0,7.0
0.0,337.0712991300263,130.6508522436336,0.0,0.0,1.0,7.0
0.0,268.65974504427186,168.0236923643031,0.0,0.0,1.0,7.0
0.0,313.49694569347275,171.2279023360893,0.0,0.0,1.0,7.0
0.0,338.824560059395,147.48316500890837,0.0,0.0,1.0,7.0
0.0,321.30612962488044,166.63785628601113,0.0,0.0,1.0,7.0
0.0,346.3253379236198,165.0138664782612,0.0,0.0,1.0,7.0
0.0,382.69906482240003,176.70858200337034,0.0,0.0,1.0,7.0
0.0,385.5399991242689,145.1501837284236,0.0,0.0,1.0,7.0
0.0,374.969297384876,168.18173486150795,0.0,0.0,1.0,7.0
0.0,379.81269494303046,193.28566918901492,0.0,0.0,1.0,7.0
0.0,367.9532646547134,166.9816402821075,0.0,0.0,1.0,7.0
0.0,417.0517361181578,160.98462803511006,0.0,0.0,1.0,7.0
0.0,364.73160133589386,148.14969233069633,0.0,0.0,1.0,7.0
0.0,391.3946497702095,155.8357727769196,0.0,0.0,1.0,7.0
0.0,368.8612666496979,178.1018116405569,0.0,0.0,1.0,7.0
0.0,392.77298086827113,188.0757075410545,0.0,0.0,1.0,7.0
0.0,403.02898839757086,177.09728626058018,0.0,0.0,1.0,7.0
0.0,335.17707922651925,155.4698871820292,0.0,0.0,1.0,7.0
0.0,384.39070550172255,173.78767650406348,0.0,0.0,1.0,7.0
0.0,349.2298804192603,154.626589518439,0.0,0.0,1.0,7.0
0.0,363.4084987602896,133.10123502366355,0.0,0.0,1.0,7.0
0.0,328.02299582713476,155.94568939136207,0.0,0.0,1.0,7.0
0.0,359.57704075095535,181.32352954647968,0.0,0.0,1.0,7.0
0.0,370.3022271455045,167.26445443369403,0.0,0.0,1.0,7.0
0.0,352.98828803351034,137.56030327825852,0.0,0.0,1.0,7.0
0.0,380.507955412505,157.40862972825494,0.0,0.0,1.0,7.0
0.0,376.1984209383952,162.55335928419504,0.0,0.0,1.0,7.0
0.0,355.3655518613864,136.34011324826724,0.0,0.0,1.0,7.0
0.0,371.8250186062735,163.9871890103443,0.0,0.0,1.0,7.0
0.0,377.12115553604235,161.85120672317453,0.0,0.0,1.0,7.0
0.0,387.1211493855549,150.5401493142415,0.0,0.0,1.0,7.0
0.0,402.4523644135961,212.20607258464656,0.0,0.0,1.0,7.0
0.0,407.455313455775,197.61723550447027,0.0,0.0,1.0,7.0
0.0,392.22005745797424,154.22538294140213,0.0,0.0,1.0,7.0
0.0,405.43788538267586,210.62134941149384,0.0,0.0,1.0,7.0
0.0,409.40485051708333,198.24864542262776,0.0,0.0,1.0,7.0
0.0,395.0044909766052,193.21808554138534,0.0,0.0,1.0,7.0
0.0,410.5238397486412,198.37277326875733,0.0,0.0,1.0,7.0
0.0,350.1845047611971,212.13200698068067,0.0,0.0,1.0,7.0
0.0,434.16523582408263,229.78953164883706,0.0,0.0,1.0,7.0
0.0,424.09851893532027,192.92258272355707,0.0,0.0,1.0,7.0
0.0,410.01713266474644,203.51581381652045,0.0,0.0,1.0,7.0
0.0,413.533759367881,208.87761441696352,0.0,0.0,1.0,7.0
0.0,446.3039234964092,199.44971109945595,0.0,0.0,1.0,7.0
0.0,343.0565288837961,232.44954152425612,0.0,0.0,1.0,7.0
0.0,410.93700795574637,189.9967506113196,0.0,0.0,1.0,7.0
0.0,422.4023151840456,188.7831793174712,0.0,0.0,1.0,7.0
0.0,386.50449380631244,177.2773630893389,0.0,0.0,1.0,7.0
0.0,402.5037303601307,212.12537157070074,0.0,0.0,1.0,7.0
0.0,424.7488360079842,208.2561017938831,0.0,0.0,1.0,7.0
0.0,420.9780558774455,213.19961559019976,0.0,0.0,1.0,7.0
0.0,398.2678184787867,214.71845680449474,0.0,0.0,1.0,7.0
0.0,415.5365553207416,170.43978728713978,0.0,0.0,1.0,7.0
0.0,415.60806021972417,188.6799602749859,0.0,0.0,1.0,7.0
0.0,413.8656748307469,191.09743335676694,0.0,0.0,1.0,7.0
0.0,385.6700476115759,216.75130251654537,0.0,0.0,1.0,7.0
0.0,412.22567039327487,218.7259157913163,0.0,0.0,1.0,7.0
0.0,397.765772800115,193.55974937379574,0.0,0.0,1.0,7.0
0.0,403.2804910696775,185.7583631908767,0.0,0.0,1.0,7.0
0.0,407.0626555942622,194.64538278287068,0.0,0.0,1.0,7.0
0.0,407.25449906050494,178.9591543581132,0.0,0.0,1.0,7.0
0.0,342.5243074679488,189.97437472596562,0.0,0.0,1.0,7.0
0.0,401.1991782139453,169.4804593983747,0.0,0.0,1.0,7.0
0.0,399.2295618076255,187.00004676915523,0.0,0.0,1.0,7.0
0.0,399.4792917435816,197.68998870532505,0.0,0.0,1.0,7.0
0.0,403.3626817106474,203.3856853821303,0.0,0.0,1.0,7.0
0.0,424.05407301893797,192.19930135954428,0.0,0.0,1.0,7.0
0.0,404.8943421977938,182.6387089739444,0.0,0.0,1.0,7.0
0.0,394.6172128871442,172.88566558929801,0.0,0.0,1.0,7.0
0.0,424.288853882563,190.71819880389216,0.0,0.0,1.0,7.0
0.0,406.2392530256652,188.18916947497655,0.0,0.0,1.0,7.0
0.0,403.23639026490537,210.5390625464047,0.0,0.0,1.0,7.0
0.0,406.2352442649178,214.24746333758912,0.0,0.0,1.0,7.0
0.0,398.82308724937207,189.23846047747884,0.0,0.0,1.0,7.0
0.0,393.15185787494465,185.97097461572298,0.0,0.0,1.0,7.0
0.0,424.2351486923112,216.7733932591284,0.0,0.0,1.0,7.0
0.0,397.43919048730186,226.1101602436038,0.0,0.0,1.0,7.0
0.0,406.8147006754143,245.61746224656463,0.0,0.0,1.0,7.0
0.0,408.2376161742502,244.16580763711136,0.0,0.0,1.0,7.0
0.0,391.8681649728221,237.1803517360454,0.0,0.0,1.0,7.0
0.0,421.63644924024015,261.3156122390137,0.0,0.0,1.0,7.0
0.0,385.127559512521,230.9049543470769,0.0,0.0,1.0,7.0
0.0,416.56830980670475,240.1759036244173,0.0,0.0,1.0,7.0
0.0,383.89154837250453,262.981070523806,0.0,0.0,1.0,7.0
0.0,355.719764506935,258.81314171613417,0.0,0.0,1.0,7.0
0.0,369.2545550120092,256.86504081870794,0.0,0.0,1.0,7.0
0.0,386.5911497333241,260.4497290430147,0.0,0.0,1.0,7.0
0.0,404.8343171596973,267.7758483256953,0.0,0.0,1.0,7.0
0.0,416.5449923168244,231.61224765502243,0.0,0.0,1.0,7.0
0.0,333.6374380974362,272.26662295906044,0.0,0.0,1.0,7.0
0.0,340.38983500485574,287.029948373234,0.0,0.0,1.0,7.0
0.0,393.7599877031273,260.821998258391,0.0,0.0,1.0,7.0
0.0,375.7080047959057,250.77997633632663,0.0,0.0,1.0,7.0
0.0,414.2199560521685,245.78676156338338,0.0,0.0,1.0,7.0
0.0,396.7831089272638,242.31761245571215,0.0,0.0,1.0,7.0
0.0,405.4005133169453,243.6593297806969,0.0,0.0,1.0,7.0
0.0,403.33986714023285,237.49073600325323,0.0,0.0,1.0,7.0
0.0,383.5045200698719,248.7789051020909,0.0,0.0,1.0,7.0
0.0,397.8890910303835,285.19956309150643,0.0,0.0,1.0,7.0
0.0,393.394342298355,269.75732024803347,0.0,0.0,1.0,7.0
0.0,364.36481843242814,260.87821350661375,0.0,0.0,1.0,7.0
0.0,388.6025027688313,239.6756606005656,0.0,0.0,1.0,7.0
0.0,393.89339968467243,247.32882615485732,0.0,0.0,1.0,7.0
0.0,375.77391569413317,239.58093322951663,0.0,0.0,1.0,7.0
0.0,375.94664420947424,250.19035590019325,0.0,0.0,1.0,7.0
0.0,406.94920762528955,236.91936560238014,0.0,0.0,1.0,7.0
0.0,392.12703867483924,255.75829971901658,0.0,0.0,1.0,7.0
0.0,403.97114632668104,250.58759108054574,0.0,0.0,1.0,7.0
0.0,422.2735540178096,239.42841547968442,0.0,0.0,1.0,7.0
0.0,387.7305840616043,289.55960277970007,0.0,0.0,1.0,7.0
0.0,401.2418999301515,257.2047956816632,0.0,0.0,1.0,7.0
0.0,391.02307981172567,246.3846996561017,0.0,0.0,1.0,7.0
0.0,425.01434364572924,251.96264170358472,0.0,0.0,1.0,7.0
0.0,399.269948089207,262.95626990507685,0.0,0.0,1.0,7.0
0.0,420.2778924997324,250.49738134616882,0.0,0.0,1.0,7.0
0.0,358.5859319700053,252.9217115257229,0.0,0.0,1.0,7.0
0.0,402.4408467873586,258.3259826754097,0.0,0.0,1.0,7.0
0.0,371.7410805663669,270.5175164346631,0.0,0.0,1.0,7.0
0.0,365.567580784382,273.8870454793937,0.0,0.0,1.0,7.0
0.0,356.0502627127157,288.6952414929085,0.0,0.0,1.0,7.0
0.0,340.2561125442594,311.9193820679973,0.0,0.0,1.0,7.0
0.0,386.6941758901635,252.4629309796003,0.0,0.0,1.0,7.0
0.0,357.14086653050254,270.1364048614971,0.0,0.0,1.0,7.0
0.0,354.03107263173524,271.08959935165285,0.0,0.0,1.0,7.0
0.0,362.6975918262169,280.0975516668375,0.0,0.0,1.0,7.0
0.0,337.86821220795264,285.99025478201384,0.0,0.0,1.0,7.0
0.0,348.30519229985543,276.3877378294417,0.0,0.0,1.0,7.0
0.0,364.52766112425115,291.4233482537279,0.0,0.0,1.0,7.0
0.0,355.6736418292048,278.3201573002807,0.0,0.0,1.0,7.0
0.0,351.3806119618239,261.0279867515428,0.0,0.0,1.0,7.0
0.0,350.925202925785,288.84101788886005,0.0,0.0,1.0,7.0
0.0,343.8212516197591,281.92374775581425,0.0,0.0,1.0,7.0
0.0,389.9049492776303,296.95301461305735,0.0,0.0,1.0,7.0
0.0,367.3506306642871,265.2397307447245,0.0,0.0,1.0,7.0
0.0,344.61621530752063,297.9260405457892,0.0,0.0,1.0,7.0
0.0,381.4356016601955,282.2079508335364,0.0,0.0,1.0,7.0
0.0,338.70836718920077,265.4827275420771,0.0,0.0,1.0,7.0
0.0,356.25596051180514,263.80528950400253,0.0,0.0,1.0,7.0
0.0,352.76128444980077,297.4434008852022,0.0,0.0,1.0,7.0
0.0,346.69275800236096,272.97408610790717,0.0,0.0,1.0,7.0
0.0,360.7300796258389,297.81445277625016,0.0,0.0,1.0,7.0
0.0,351.81656280523043,269.12525994613634,0.0,0.0,1.0,7.0
0.0,338.7660558788846,276.9126285652733,0.0,0.0,1.0,7.0
0.0,382.71944573810197,279.2769713401169,0.0,0.0,1.0,7.0
0.0,406.5148136132482,280.08059330349397,0.0,0.0,1.0,7.0
0.0,218.93850996889432,426.0894124640297,0.0,0.0,1.0,8.0
0.0,237.57112513466404,398.677920027809,0.0,0.0,1.0,8.0
0.0,233.34380025780752,444.7815266034854,0.0,0.0,1.0,8.0
0.0,242.76387179277435,410.77793838856405,0.0,0.0,1.0,8.0
0.0,274.2882357849671,398.072908017557,0.0,0.0,1.0,8.0
0.0,235.02432521159562,397.11139607069526,0.0,0.0,1.0,8.0
0.0,244.6326131311041,385.8236682670556,0.0,0.0,1.0,8.0
0.0,246.19772134899722,424.401331548753,0.0,0.0,1.0,8.0
0.0,265.0763253979635,373.27378946576687,0.0,0.0,1.0,8.0
0.0,247.11084399829906,405.494677976149,0.0,0.0,1.0,8.0
0.0,277.17832895544666,429.77383113688984,0.0,0.0,1.0,8.0
0.0,251.0661064789449,416.62588231484506,0.0,0.0,1.0,8.0
0.0,227.41604287624364,417.1300458411388,0.0,0.0,1.0,8.0
0.0,249.84641906633738,418.41689477800423,0.0,0.0,1.0,8.0
0.0,262.3714095159137,429.61192816013886,0.0,0.0,1.0,8.0
0.0,252.4647933817132,404.84212966712585,0.0,0.0,1.0,8.0
0.0,246.64263168680714,428.14613310141294,0.0,0.0,1.0,8.0
0.0,265.9662201063959,396.53750713926115,0.0,0.0,1.0,8.0
0.0,208.848728885853,407.2462902823654,0.0,0.0,1.0,8.0
0.0,264.2007745580911,404.32360233138934,0.0,0.0,1.0,8.0
0.0,235.6066685906028,410.9521273318703,0.0,0.0,1.0,8.0
0.0,246.27269297324688,408.8513310396215,0.0,0.0,1.0,8.0
0.0,261.35261860838614,367.1605289991128,0.0,0.0,1.0,8.0
0.0,179.4650955404013,386.7941909031881,0.0,0.0,1.0,8.0
0.0,237.15531062911623,406.3773450792364,0.0,0.0,1.0,8.0
0.0,256.4288576593708,403.298940270196,0.0,0.0,1.0,8.0
0.0,247.7582572798458,392.77799483225067,0.0,0.0,1.0,8.0
0.0,213.89275616077884,391.14088109193517,0.0,0.0,1.0,8.0
0.0,222.53184883491554,417.6980632769955,0.0,0.0,1.0,8.0
0.0,253.8851338692118,380.6729923087878,0.0,0.0,1.0,8.0
0.0,257.9077569741139,390.66053402501643,0.0,0.0,1.0,8.0
0.0,246.62668298777317,407.69016000303736,0.0,0.0,1.0,8.0
0.0,223.00582553013305,425.4263257828509,0.0,0.0,1.0,8.0
0.0,219.20306954205512,422.8352664001768,0.0,0.0,1.0,8.0
0.0,240.61910721591266,438.6747668555297,0.0,0.0,1.0,8.0
0.0,235.46141642560906,419.211936369195,0.0,0.0,1.0,8.0
0.0,258.78918012933946,403.7551901610177,0.0,0.0,1.0,8.0
0.0,230.6992981192261,414.3848869629169,0.0,0.0,1.0,8.0
0.0,234.5796897099783,419.10953230635187,0.0,0.0,1.0,8.0
0.0,261.28118522619934,417.2692294761382,0.0,0.0,1.0,8.0
0.0,198.86841153474688,444.9020690828638,0.0,0.0,1.0,8.0
0.0,128.2529250342925,398.6757655032927,0.0,0.0,1.0,8.0
0.0,196.22416467477228,367.5388100026944,0.0,0.0,1.0,8.0
0.0,188.70826906768207,418.79904618904925,0.0,0.0,1.0,8.0
0.0,217.21933969049655,429.64999685973,0.0,0.0,1.0,8.0
0.0,195.1098254298072,428.9264819717614,0.0,0.0,1.0,8.0
0.0,206.31185826575552,442.7408390519406,0.0,0.0,1.0,8.0
0.0,173.52845202944263,430.44636820181177,0.0,0.0,1.0,8.0
0.0,194.41549282654432,423.83804604334364,0.0,0.0,1.0,8.0
0.0,211.53868992676553,425.0680283655256,0.0,0.0,1.0,8.0
0.0,209.66323774910052,438.9706685421668,0.0,0.0,1.0,8.0
0.0,205.32686327816464,453.3812569731449,0.0,0.0,1.0,8.0
0.0,176.14377025845397,398.22246625471007,0.0,0.0,1.0,8.0
0.0,170.67744169144157,431.4268265362598,0.0,0.0,1.0,8.0
0.0,165.08216544666243,377.8292652163327,0.0,0.0,1.0,8.0
0.0,207.04430358976924,424.8416376210671,0.0,0.0,1.0,8.0
0.0,183.2229958585242,432.7183043207742,0.0,0.0,1.0,8.0
0.0,211.62201173504855,372.9650077675042,0.0,0.0,1.0,8.0
0.0,206.80454989166492,379.5616787279373,0.0,0.0,1.0,8.0
0.0,159.36914352346867,364.7309183581326,0.0,0.0,1.0,8.0
0.0,154.82523735274754,425.7053002434218,0.0,0.0,1.0,8.0
0.0,178.99307179933635,342.09216936298776,0.0,0.0,1.0,8.0
0.0,155.77975065472856,418.36763838104844,0.0,0.0,1.0,8.0
0.0,141.00094873445255,436.55660119220465,0.0,0.0,1.0,8.0
0.0,135.32710470228403,415.23007193528656,0.0,0.0,1.0,8.0
0.0,160.778970461914,434.12076188584933,0.0,0.0,1.0,8.0
0.0,158.16771750822295,419.80302440050355,0.0,0.0,1.0,8.0
0.0,154.27742383173313,365.9886706100715,0.0,0.0,1.0,8.0
0.0,145.25092455563345,418.62180500106774,0.0,0.0,1.0,8.0
0.0,106.47618628114901,433.46379015405137,0.0,0.0,1.0,8.0
0.0,126.7703538266087,379.5325357831116,0.0,0.0,1.0,8.0
0.0,149.11040895449378,381.9635021205802,0.0,0.0,1.0,8.0
0.0,197.93420058244237,410.4040301726841,0.0,0.0,1.0,8.0
0.0,161.05768147453318,420.67596208856594,0.0,0.0,1.0,8.0
0.0,153.40280921885437,406.17707891988107,0.0,0.0,1.0,8.0
0.0,163.56129289802107,417.24450954479516,0.0,0.0,1.0,8.0
0.0,136.61334734955904,409.68083622015115,0.0,0.0,1.0,8.0
0.0,148.93719865798062,407.420151443682,0.0,0.0,1.0,8.0
0.0,178.89601011832428,366.18864970661366,0.0,0.0,1.0,8.0
0.0,142.6050550992802,369.69222220890356,0.0,0.0,1.0,8.0
0.0,151.27609204587907,332.2861923518917,0.0,0.0,1.0,8.0
0.0,132.07096751787753,362.21135848822223,0.0,0.0,1.0,8.0
0.0,152.74365887186173,368.4625932503343,0.0,0.0,1.0,8.0
0.0,96.43138421429762,380.2318630825116,0.0,0.0,1.0,8.0
0.0,118.13457551897591,342.7398390758633,0.0,0.0,1.0,8.0
0.0,127.18213814120804,378.2581049928351,0.0,0.0,1.0,8.0
0.0,133.1412951259074,378.6882886834669,0.0,0.0,1.0,8.0
0.0,154.5974697480758,373.4566758808339,0.0,0.0,1.0,8.0
0.0,119.54837429807685,355.7808218961759,0.0,0.0,1.0,8.0
0.0,107.83253398238912,396.28279916991323,0.0,0.0,1.0,8.0
0.0,127.54090250644049,378.68331855557244,0.0,0.0,1.0,8.0
0.0,126.3643048097565,375.570092817587,0.0,0.0,1.0,8.0
0.0,148.77717807621116,354.8834936322228,0.0,0.0,1.0,8.0
0.0,148.68273051658753,345.17890187970715,0.0,0.0,1.0,8.0
0.0,106.93260024458846,375.4217102367338,0.0,0.0,1.0,8.0
0.0,103.93255451197183,349.3070656278635,0.0,0.0,1.0,8.0
0.0,191.04594702944974,409.6229239906943,0.0,0.0,1.0,8.0
0.0,150.75533581893296,375.08480418785416,0.0,0.0,1.0,8.0
0.0,124.74749771098323,346.7907325963124,0.0,0.0,1.0,8.0
0.0,91.95876504831313,372.8887541618742,0.0,0.0,1.0,8.0
0.0,116.95693152101967,357.9416547347305,0.0,0.0,1.0,8.0
0.0,140.38064557347843,299.6735553840565,0.0,0.0,1.0,8.0
0.0,125.628852035514,307.64465839672243,0.0,0.0,1.0,8.0
0.0,133.8846258509859,278.5437041182663,0.0,0.0,1.0,8.0
0.0,170.15395523208122,313.24974471866835,0.0,0.0,1.0,8.0
0.0,142.82814995179479,298.55067628287065,0.0,0.0,1.0,8.0
0.0,160.46799083641554,323.32260351211744,0.0,0.0,1.0,8.0
0.0,164.11315038120233,279.13672871446397,0.0,0.0,1.0,8.0
0.0,148.3298783265875,337.63026102046047,0.0,0.0,1.0,8.0
0.0,152.30969413664366,309.96167373777394,0.0,0.0,1.0,8.0
0.0,125.44311465228475,307.58425465979917,0.0,0.0,1.0,8.0
0.0,127.78247458148417,270.71492805775415,0.0,0.0,1.0,8.0
0.0,116.34167192252426,321.8790683795178,0.0,0.0,1.0,8.0
0.0,135.43287254369898,285.2528078025555,0.0,0.0,1.0,8.0
0.0,113.21644842024966,294.5427139328049,0.0,0.0,1.0,8.0
0.0,177.06381952620495,295.0098546402696,0.0,0.0,1.0,8.0
0.0,120.83254447332456,311.85578712832876,0.0,0.0,1.0,8.0
0.0,141.45563841817147,292.1948263431593,0.0,0.0,1.0,8.0
0.0,140.4374218568546,297.1725630550825,0.0,0.0,1.0,8.0
0.0,134.95371658203885,308.9107308720518,0.0,0.0,1.0,8.0
0.0,130.16379276316866,322.08714955758205,0.0,0.0,1.0,8.0
0.0,141.08112370037497,351.8666775770464,0.0,0.0,1.0,8.0
0.0,126.67463290233582,352.5417093827857,0.0,0.0,1.0,8.0
0.0,135.96113954138832,296.0079826554347,0.0,0.0,1.0,8.0
0.0,187.68905162006376,287.35066093707155,0.0,0.0,1.0,8.0
0.0,199.81137514520083,281.2130112373934,0.0,0.0,1.0,8.0
0.0,186.19547121442451,305.2000158515798,0.0,0.0,1.0,8.0
0.0,213.4890760143221,269.864426405263,0.0,0.0,1.0,8.0
0.0,205.44937071850404,303.64106511678347,0.0,0.0,1.0,8.0
0.0,216.56112919496672,302.0304320387402,0.0,0.0,1.0,8.0
0.0,199.49484610273112,267.8971546650039,0.0,0.0,1.0,8.0
0.0,196.5422685474398,328.19786619031447,0.0,0.0,1.0,8.0
0.0,195.03402432269536,281.72618749126786,0.0,0.0,1.0,8.0
0.0,193.80455685700304,271.3249387472256,0.0,0.0,1.0,8.0
0.0,189.6635828424744,276.941193397829,0.0,0.0,1.0,8.0
0.0,201.21912617261728,278.2996748765527,0.0,0.0,1.0,8.0
0.0,200.25424097528094,287.5147814491784,0.0,0.0,1.0,8.0
0.0,196.81472753266598,285.5563975347611,0.0,0.0,1.0,8.0
0.0,162.4260406624669,263.1430435684549,0.0,0.0,1.0,8.0
0.0,178.2519522969676,295.72829545925015,0.0,0.0,1.0,8.0
0.0,181.78626732393536,319.79497883949375,0.0,0.0,1.0,8.0
0.0,170.57068598300657,304.75260897381304,0.0,0.0,1.0,8.0
0.0,211.08455617436266,297.3835888115236,0.0,0.0,1.0,8.0
0.0,205.4863428208521,284.4804145795267,0.0,0.0,1.0,8.0
0.0,174.56397772488504,284.0241720795432,0.0,0.0,1.0,8.0
0.0,184.1463084177817,300.76949340641704,0.0,0.0,1.0,8.0
0.0,168.82016545593228,289.51271325468474,0.0,0.0,1.0,8.0
0.0,156.4156113912145,298.78110555695616,0.0,0.0,1.0,8.0
0.0,195.77428498704762,291.91477137055426,0.0,0.0,1.0,8.0
0.0,168.85378674719846,299.45805413101834,0.0,0.0,1.0,8.0
0.0,212.19262307617032,298.5610367799279,0.0,0.0,1.0,8.0
0.0,203.6084717423123,295.90869865819127,0.0,0.0,1.0,8.0
0.0,239.51372911251678,297.3489546518497,0.0,0.0,1.0,8.0
0.0,242.63256470866713,316.5256717544753,0.0,0.0,1.0,8.0
0.0,268.5168974863552,311.3526730764943,0.0,0.0,1.0,8.0
0.0,254.2646967128037,283.4672003911355,0.0,0.0,1.0,8.0
0.0,236.20258588397746,298.89662280693983,0.0,0.0,1.0,8.0
0.0,250.44966463736705,353.0695443845116,0.0,0.0,1.0,8.0
0.0,193.40622540012941,341.27113755500886,0.0,0.0,1.0,8.0
0.0,254.29968897554454,343.9743100605597,0.0,0.0,1.0,8.0
0.0,241.965473929881,307.50274964190135,0.0,0.0,1.0,8.0
0.0,189.93135693521845,327.54366688448386,0.0,0.0,1.0,8.0
0.0,234.30816328177457,308.88141163012847,0.0,0.0,1.0,8.0
0.0,230.0977530866371,291.316935958851,0.0,0.0,1.0,8.0
0.0,241.79313426317594,342.2908328432411,0.0,0.0,1.0,8.0
0.0,244.60597716373604,315.33095906355015,0.0,0.0,1.0,8.0
0.0,233.0450742138073,284.90709104286,0.0,0.0,1.0,8.0
0.0,245.6791071390919,280.8788424203335,0.0,0.0,1.0,8.0
0.0,233.00928114673843,293.68391631402073,0.0,0.0,1.0,8.0
0.0,250.06549887485426,306.7251384827764,0.0,0.0,1.0,8.0
0.0,265.1058612740335,322.8959603215121,0.0,0.0,1.0,8.0
0.0,284.3867417350616,379.4061554877419,0.0,0.0,1.0,8.0
0.0,274.22625599856156,335.2053731948913,0.0,0.0,1.0,8.0
0.0,259.7144990302727,421.11589434626285,0.0,0.0,1.0,8.0
0.0,254.82312125217618,343.92310718941394,0.0,0.0,1.0,8.0
0.0,226.79446893597492,336.62004244034097,0.0,0.0,1.0,8.0
0.0,242.21029966740025,362.4056097671714,0.0,0.0,1.0,8.0
0.0,277.6562152621734,365.0079881975157,0.0,0.0,1.0,8.0
0.0,271.74583974879965,314.22170588992026,0.0,0.0,1.0,8.0
0.0,276.05993895861457,353.5848859201351,0.0,0.0,1.0,8.0
0.0,217.9249052023547,307.0391539326715,0.0,0.0,1.0,8.0
0.0,247.09716746499862,391.7388506030686,0.0,0.0,1.0,8.0
0.0,244.1566581907232,347.888277408834,0.0,0.0,1.0,8.0
0.0,254.03039513178442,374.4544718714992,0.0,0.0,1.0,8.0
0.0,267.05683225280063,340.42204174098424,0.0,0.0,1.0,8.0
0.0,271.52903155618765,326.0034503555171,0.0,0.0,1.0,8.0
0.0,291.4612948097863,353.60263567439597,0.0,0.0,1.0,8.0
0.0,285.28310962276464,366.5658085091736,0.0,0.0,1.0,8.0
0.0,264.3566688117919,394.25950013098964,0.0,0.0,1.0,8.0
0.0,296.30017138662265,369.6352919385092,0.0,0.0,1.0,8.0
0.0,230.46990713971627,318.6673518162281,0.0,0.0,1.0,8.0
0.0,275.10613729288366,346.1167117669918,0.0,0.0,1.0,8.0
0.0,248.5213453253059,350.3744211994658,0.0,0.0,1.0,8.0
0.0,276.3841099589338,337.66991922027273,0.0,0.0,1.0,8.0
0.0,198.94171176716918,409.39962746285096,0.0,0.0,1.0,8.0
0.0,270.29150807234805,349.4249531431808,0.0,0.0,1.0,8.0
0.0,218.81539061676858,417.2213352516319,0.0,0.0,1.0,8.0
0.0,246.74049902166144,404.5922417910497,0.0,0.0,1.0,8.0
0.0,266.87493443529866,393.1147324523322,0.0,0.0,1.0,8.0
0.0,-67.72694459032459,390.2664320030476,0.0,0.0,1.0,9.0
0.0,-57.28812495974171,342.9530331418787,0.0,0.0,1.0,9.0
0.0,-79.38692981601321,363.2382088501347,0.0,0.0,1.0,9.0
0.0,-63.90171631991757,350.13598197384954,0.0,0.0,1.0,9.0
0.0,-80.30153652695049,377.8478091607401,0.0,0.0,1.0,9.0
0.0,-66.57651524644871,378.9170453094964,0.0,0.0,1.0,9.0
0.0,-89.88847056754958,374.20896451278713,0.0,0.0,1.0,9.0
0.0,-91.25490213091393,382.46226447735035,0.0,0.0,1.0,9.0
0.0,-83.18728099880809,383.88135390652815,0.0,0.0,1.0,9.0
0.0,-77.7946061209077,354.9554833326181,0.0,0.0,1.0,9.0
0.0,-84.77761197498239,375.9002636525172,0.0,0.0,1.0,9.0
0.0,-73.55992952080055,373.25650445175825,0.0,0.0,1.0,9.0
0.0,-58.44613140719707,389.73013876423784,0.0,0.0,1.0,9.0
0.0,-58.50458913061129,368.0523961762001,0.0,0.0,1.0,9.0
0.0,-63.27396574989734,384.4986979419673,0.0,0.0,1.0,9.0
0.0,-81.63117858553665,372.0918754475633,0.0,0.0,1.0,9.0
0.0,-93.43371564432982,373.125778305435,0.0,0.0,1.0,9.0
0.0,-61.908665292410205,373.98532743633405,0.0,0.0,1.0,9.0
0.0,-84.04537127646745,368.6627800197498,0.0,0.0,1.0,9.0
0.0,-47.92326013950901,328.0061395434245,0.0,0.0,1.0,9.0
0.0,-85.96282598956282,377.7500909415048,0.0,0.0,1.0,9.0
0.0,-85.81553858731831,350.00238747040726,0.0,0.0,1.0,9.0
0.0,-78.23769881526118,371.42488081582496,0.0,0.0,1.0,9.0
0.0,-103.27354459077833,394.8449198874339,0.0,0.0,1.0,9.0
0.0,-59.92556685435443,361.307646566627,0.0,0.0,1.0,9.0
0.0,-82.72069779120807,383.3830300064478,0.0,0.0,1.0,9.0
0.0,-73.23197913246554,359.94660814409417,0.0,0.0,1.0,9.0
0.0,-80.5104551320253,356.6256184636686,0.0,0.0,1.0,9.0
0.0,-54.19429511810745,365.6602299480985,0.0,0.0,1.0,9.0
0.0,-48.97721091992457,360.09546323692985,0.0,0.0,1.0,9.0
0.0,-67.55062319781882,392.0391668480572,0.0,0.0,1.0,9.0
0.0,-56.955817777661196,387.4085745222221,0.0,0.0,1.0,9.0
0.0,-86.61818659748064,372.93326248928497,0.0,0.0,1.0,9.0
0.0,-81.73873274999869,388.55710849803086,0.0,0.0,1.0,9.0
0.0,-80.7233745346432,363.64526584941405,0.0,0.0,1.0,9.0
0.0,-63.149782474579524,350.4838084506641,0.0,0.0,1.0,9.0
0.0,-87.15818893217761,347.0588645097639,0.0,0.0,1.0,9.0
0.0,-0.6037765523449252,363.88922435632117,0.0,0.0,1.0,9.0
0.0,-67.03391716437955,410.89484836949714,0.0,0.0,1.0,9.0
0.0,-4.395334635387371,310.4043575248718,0.0,0.0,1.0,9.0
0.0,-33.86010074082333,288.73243122527697,0.0,0.0,1.0,9.0
0.0,-37.97453161157409,306.06923683903983,0.0,0.0,1.0,9.0
0.0,2.564854959648983,283.97896851233645,0.0,0.0,1.0,9.0
0.0,-29.52257708078946,300.73179303162374,0.0,0.0,1.0,9.0
0.0,-19.661885861904693,279.2036552281727,0.0,0.0,1.0,9.0
0.0,-38.39874429060592,302.0255448172138,0.0,0.0,1.0,9.0
0.0,-41.3490468079699,312.87142931752123,0.0,0.0,1.0,9.0
0.0,-69.09699638838174,340.74779276872596,0.0,0.0,1.0,9.0
0.0,-18.656570631755812,327.04710193427763,0.0,0.0,1.0,9.0
0.0,-34.58800991647831,334.640279982382,0.0,0.0,1.0,9.0
0.0,-25.24904714667241,306.7883921184839,0.0,0.0,1.0,9.0
0.0,-19.930069831653327,367.0148609060129,0.0,0.0,1.0,9.0
0.0,-22.1449759568859,269.8064254491735,0.0,0.0,1.0,9.0
0.0,-35.24262536563833,282.41741499340446,0.0,0.0,1.0,9.0
0.0,-33.363032639667836,274.22836753194315,0.0,0.0,1.0,9.0
0.0,-13.56078752449389,284.3501710558619,0.0,0.0,1.0,9.0
0.0,-30.082034657909162,267.04803183461513,0.0,0.0,1.0,9.0
0.0,-54.86582504217222,308.889137314721,0.0,0.0,1.0,9.0
0.0,-3.5994641074660194,305.7603676349004,0.0,0.0,1.0,9.0
0.0,-28.159753327293856,307.8633684150759,0.0,0.0,1.0,9.0
0.0,-49.25479099692052,325.0446866269908,0.0,0.0,1.0,9.0
0.0,-60.500725764088884,335.6047107547845,0.0,0.0,1.0,9.0
0.0,-9.334050126180955,291.01527699766234,0.0,0.0,1.0,9.0
0.0,-35.255570838110316,306.85128146603756,0.0,0.0,1.0,9.0
0.0,-19.35711976250309,304.1505801592007,0.0,0.0,1.0,9.0
0.0,-52.622574930003566,311.5510873416449,0.0,0.0,1.0,9.0
0.0,-15.254446317250085,354.2721333426621,0.0,0.0,1.0,9.0
0.0,-27.990158545807844,281.8487600280257,0.0,0.0,1.0,9.0
0.0,-8.12842462200365,353.2867182819148,0.0,0.0,1.0,9.0
0.0,-11.698000673586876,310.74968973822433,0.0,0.0,1.0,9.0
0.0,-3.3726539029871674,316.6148302546578,0.0,0.0,1.0,9.0
0.0,-7.7528152714724,301.0661941304411,0.0,0.0,1.0,9.0
0.0,-33.87402057516715,393.3734473139323,0.0,0.0,1.0,9.0
0.0,-77.28838855268668,296.50683795138957,0.0,0.0,1.0,9.0
0.0,-27.139605486430582,283.61521608125736,0.0,0.0,1.0,9.0
0.0,-21.35164619034481,344.17293117062354,0.0,0.0,1.0,9.0
0.0,24.636723856029676,369.33590497535306,0.0,0.0,1.0,9.0
0.0,-3.13117156721205,369.26467065906763,0.0,0.0,1.0,9.0
0.0,32.33764288193106,296.22701487792415,0.0,0.0,1.0,9.0
0.0,30.96320415157811,311.00674118910297,0.0,0.0,1.0,9.0
0.0,45.15184096066446,327.43917016709906,0.0,0.0,1.0,9.0
0.0,24.416746590801267,356.1437188047746,0.0,0.0,1.0,9.0
0.0,15.863848905436043,329.5273905695976,0.0,0.0,1.0,9.0
0.0,40.888213758690654,328.3159249998521,0.0,0.0,1.0,9.0
0.0,41.62810024695182,307.13570561154893,0.0,0.0,1.0,9.0
0.0,25.876216421761228,336.9813429916462,0.0,0.0,1.0,9.0
0.0,42.767388264354395,302.9963379133542,0.0,0.0,1.0,9.0
0.0,45.71368242530616,297.49546703244687,0.0,0.0,1.0,9.0
0.0,40.51742239566943,328.58381738162234,0.0,0.0,1.0,9.0
0.0,36.297494384368974,298.1025818089033,0.0,0.0,1.0,9.0
0.0,34.99021499549849,306.20496559442427,0.0,0.0,1.0,9.0
0.0,28.966512038944757,313.48305123753016,0.0,0.0,1.0,9.0
0.0,44.070959028621246,306.0316998674489,0.0,0.0,1.0,9.0
0.0,26.035168775501916,307.19139483640447,0.0,0.0,1.0,9.0
0.0,32.343582570332046,310.4151018044515,0.0,0.0,1.0,9.0
0.0,20.67224067548591,334.1468942714396,0.0,0.0,1.0,9.0
0.0,24.642775295148567,288.3189099528345,0.0,0.0,1.0,9.0
0.0,28.58320972160891,293.8472180936801,0.0,0.0,1.0,9.0
0.0,15.519859153817379,332.1038055593265,0.0,0.0,1.0,9.0
0.0,21.705467245168393,307.0093274556609,0.0,0.0,1.0,9.0
0.0,14.094155461103355,303.90839343760695,0.0,0.0,1.0,9.0
0.0,32.05739964385157,280.65980197937483,0.0,0.0,1.0,9.0
0.0,61.896771578673224,403.3639133910451,0.0,0.0,1.0,9.0
0.0,61.769433071534195,400.4139698407678,0.0,0.0,1.0,9.0
0.0,38.90920842295873,387.194831297772,0.0,0.0,1.0,9.0
0.0,51.70774218732481,409.7002484072125,0.0,0.0,1.0,9.0
0.0,47.01138511841009,391.03159328017955,0.0,0.0,1.0,9.0
0.0,55.72246759821155,410.61123289534044,0.0,0.0,1.0,9.0
0.0,59.92586485251968,346.34989731316455,0.0,0.0,1.0,9.0
0.0,29.75158558142948,376.6580286316673,0.0,0.0,1.0,9.0
0.0,44.41366761022505,423.8721189027342,0.0,0.0,1.0,9.0
0.0,52.70413201201495,406.8548727317375,0.0,0.0,1.0,9.0
0.0,55.93642999180997,410.7194082151793,0.0,0.0,1.0,9.0
0.0,77.43804971985764,404.9025051197632,0.0,0.0,1.0,9.0
0.0,54.44768248536525,413.9692450878297,0.0,0.0,1.0,9.0
0.0,37.39486925906954,405.7050645404179,0.0,0.0,1.0,9.0
0.0,-2.1632044456566746,367.4718872844785,0.0,0.0,1.0,9.0
0.0,48.30037867835381,403.5656828163055,0.0,0.0,1.0,9.0
0.0,54.744826627969815,385.080735434861,0.0,0.0,1.0,9.0
0.0,-16.648782562314864,433.8716325098044,0.0,0.0,1.0,9.0
0.0,27.492977130176087,420.58271925781514,0.0,0.0,1.0,9.0
0.0,37.934722986304905,411.7271595409179,0.0,0.0,1.0,9.0
0.0,54.600017815229876,419.6285846267426,0.0,0.0,1.0,9.0
0.0,46.82382266696186,408.5813391405911,0.0,0.0,1.0,9.0
0.0,24.633332396266496,394.57966716680016,0.0,0.0,1.0,9.0
0.0,44.52818919586889,404.8731857109758,0.0,0.0,1.0,9.0
0.0,37.10146252169011,400.87042349771605,0.0,0.0,1.0,9.0
0.0,-11.17396218046315,414.41963149964977,0.0,0.0,1.0,9.0
0.0,68.34186472448732,393.9473244537644,0.0,0.0,1.0,9.0
0.0,47.78145987937751,355.08276037217365,0.0,0.0,1.0,9.0
0.0,55.51047762695339,406.3526253400862,0.0,0.0,1.0,9.0
0.0,25.927822700246452,424.28026236175583,0.0,0.0,1.0,9.0
0.0,48.748851283946124,332.6593644857271,0.0,0.0,1.0,9.0
0.0,39.23153323353631,403.90547703910033,0.0,0.0,1.0,9.0
0.0,47.86855985036118,422.81375200220486,0.0,0.0,1.0,9.0
0.0,50.6818395371879,387.89154339835477,0.0,0.0,1.0,9.0
0.0,57.88328219764571,405.73279664794154,0.0,0.0,1.0,9.0
0.0,49.848939379299054,422.2390543535889,0.0,0.0,1.0,9.0
0.0,62.53296494752499,411.37050577221635,0.0,0.0,1.0,9.0
0.0,27.36635818376635,424.79990657685676,0.0,0.0,1.0,9.0
0.0,56.76019391163095,431.8946824613927,0.0,0.0,1.0,9.0
0.0,15.670646317257706,417.21783130227277,0.0,0.0,1.0,9.0
0.0,13.252943221892792,424.8889883397055,0.0,0.0,1.0,9.0
0.0,3.8090284293268724,435.6882895855083,0.0,0.0,1.0,9.0
0.0,1.5300544773247111,422.31801411707556,0.0,0.0,1.0,9.0
0.0,-4.749177043101781,429.2112300600238,0.0,0.0,1.0,9.0
0.0,-44.09117400268315,388.8918362472832,0.0,0.0,1.0,9.0
0.0,-16.863006381096966,421.7751775218899,0.0,0.0,1.0,9.0
0.0,14.046073973962393,454.89174270715966,0.0,0.0,1.0,9.0
0.0,1.36715162442556,445.0040335116721,0.0,0.0,1.0,9.0
0.0,-5.196341083625384,421.5092560023529,0.0,0.0,1.0,9.0
0.0,-0.6402022311563087,434.419339165727,0.0,0.0,1.0,9.0
0.0,-19.97014097331521,424.2399359038204,0.0,0.0,1.0,9.0
0.0,-17.97138073958172,433.5419673301876,0.0,0.0,1.0,9.0
0.0,-7.537925676983605,427.73825809036043,0.0,0.0,1.0,9.0
0.0,9.606476021608614,414.3327195257923,0.0,0.0,1.0,9.0
0.0,10.384408307347258,442.6788539396073,0.0,0.0,1.0,9.0
0.0,28.645473153884495,442.17378301300914,0.0,0.0,1.0,9.0
0.0,22.048479076690455,448.8048266436824,0.0,0.0,1.0,9.0
0.0,6.801287932282776,440.71081581744147,0.0,0.0,1.0,9.0
0.0,-7.537330655286269,435.952600447175,0.0,0.0,1.0,9.0
0.0,28.121205574291707,399.8974203872194,0.0,0.0,1.0,9.0
0.0,7.696668660466912,435.8706295652089,0.0,0.0,1.0,9.0
0.0,-19.63570328204969,431.0014651762517,0.0,0.0,1.0,9.0
0.0,-11.495073490431878,450.5951002959275,0.0,0.0,1.0,9.0
0.0,7.963582799454571,439.84237853876107,0.0,0.0,1.0,9.0
0.0,-28.663166553898918,439.3497585780233,0.0,0.0,1.0,9.0
0.0,-5.011684298796126,432.4254091535795,0.0,0.0,1.0,9.0
0.0,22.917668687314972,428.1279679720508,0.0,0.0,1.0,9.0
0.0,25.083327893683872,375.1039336419419,0.0,0.0,1.0,9.0
0.0,-24.895046953929068,445.32497812575957,0.0,0.0,1.0,9.0
0.0,2.038493065314924,434.15492942169385,0.0,0.0,1.0,9.0
0.0,9.168655027620844,422.67385759588797,0.0,0.0,1.0,9.0
0.0,-7.2163721410597645,471.08177860383057,0.0,0.0,1.0,9.0
0.0,-28.83397814739419,422.0359783772792,0.0,0.0,1.0,9.0
0.0,19.042247660416706,435.10607697623504,0.0,0.0,1.0,9.0
0.0,-3.869117839181854,411.20662717508367,0.0,0.0,1.0,9.0
0.0,-11.113235917999873,443.610613721497,0.0,0.0,1.0,9.0
0.0,-40.79870560078416,412.11332350166845,0.0,0.0,1.0,9.0
0.0,-32.99368964498717,404.8413851627529,0.0,0.0,1.0,9.0
0.0,-68.59965573646696,426.7754598840436,0.0,0.0,1.0,9.0
0.0,-29.837220593277834,431.02769708832534,0.0,0.0,1.0,9.0
0.0,-43.68492806516065,399.40648659208614,0.0,0.0,1.0,9.0
0.0,-68.84561946157442,420.1715392038536,0.0,0.0,1.0,9.0
0.0,-27.996371234809885,401.35404162655595,0.0,0.0,1.0,9.0
0.0,-69.94211388197778,436.57258764558014,0.0,0.0,1.0,9.0
0.0,-61.623531447628466,447.3001862984877,0.0,0.0,1.0,9.0
0.0,-50.9745576194739,419.70041970928105,0.0,0.0,1.0,9.0
0.0,-48.450784556516055,451.1689477430052,0.0,0.0,1.0,9.0
0.0,-71.42337287806572,413.5022320588105,0.0,0.0,1.0,9.0
0.0,-50.53168585633853,434.0721103521041,0.0,0.0,1.0,9.0
0.0,-55.43397020870816,416.31936934448254,0.0,0.0,1.0,9.0
0.0,-47.078692038552845,435.3455309283231,0.0,0.0,1.0,9.0
0.0,-38.431368849321416,440.12267412088954,0.0,0.0,1.0,9.0
0.0,-45.48165830986136,438.04384197211425,0.0,0.0,1.0,9.0
0.0,-24.25051740207141,428.41845596900134,0.0,0.0,1.0,9.0
0.0,-34.05670754354469,414.4273110836889,0.0,0.0,1.0,9.0
0.0,-61.3309019645817,437.4886709599009,0.0,0.0,1.0,9.0
0.0,-65.31123711970258,418.8663275227982,0.0,0.0,1.0,9.0
0.0,-50.18891633090084,418.4911016854744,0.0,0.0,1.0,9.0
0.0,-45.71697271319704,430.59434195209633,0.0,0.0,1.0,9.0
0.0,-25.470833529492438,376.7711069949246,0.0,0.0,1.0,9.0
0.0,-46.82583749280275,457.0470336678327,0.0,0.0,1.0,9.0
0.0,-64.97698438254656,403.5208378759453,0.0,0.0,1.0,9.0
0.0,-46.73028851122717,401.49155060463045,0.0,0.0,1.0,9.0
0.0,-34.25874345430702,411.9245089738961,0.0,0.0,1.0,9.0
0.0,-51.24118350428603,401.9378330832983,0.0,0.0,1.0,9.0
0.0,-61.97610788916336,426.4987229101009,0.0,0.0,1.0,9.0
0.0,-44.21955690407049,412.2843948794375,0.0,0.0,1.0,9.0
0.0,-52.53095330527799,424.9049243074362,0.0,0.0,1.0,9.0
0.0,-54.08667164098779,415.3370225590836,0.0,0.0,1.0,9.0
0.0,-175.58204982663256,380.94459667235515,0.0,0.0,1.0,10.0
0.0,-163.16266649643399,391.62085559531533,0.0,0.0,1.0,10.0
0.0,-169.09138417794247,371.5805863230655,0.0,0.0,1.0,10.0
0.0,-177.55062212589655,369.01185040375685,0.0,0.0,1.0,10.0
0.0,-187.59180617406946,368.0050352583489,0.0,0.0,1.0,10.0
0.0,-177.92330142504602,387.60280763362994,0.0,0.0,1.0,10.0
0.0,-212.11657277171207,364.2844983111861,0.0,0.0,1.0,10.0
0.0,-179.47944612317474,357.74600920668036,0.0,0.0,1.0,10.0
0.0,-172.1877125928429,388.9120829589906,0.0,0.0,1.0,10.0
0.0,-159.14843101371412,385.2561888298428,0.0,0.0,1.0,10.0
0.0,-167.7016586461109,369.8154266203071,0.0,0.0,1.0,10.0
0.0,-201.28669189350694,369.89484737728117,0.0,0.0,1.0,10.0
0.0,-180.46821300637475,292.9514143437452,0.0,0.0,1.0,10.0
0.0,-171.25648362525453,373.20455597789237,0.0,0.0,1.0,10.0
0.0,-155.88627187696034,353.1311556812941,0.0,0.0,1.0,10.0
0.0,-170.52092993946962,380.2343861019681,0.0,0.0,1.0,10.0
0.0,-185.0325600499241,366.5826596878437,0.0,0.0,1.0,10.0
0.0,-175.3087936090103,388.2075969438654,0.0,0.0,1.0,10.0
0.0,-187.98647037361434,372.2998822110062,0.0,0.0,1.0,10.0
0.0,-166.7182231377119,373.20651304804096,0.0,0.0,1.0,10.0
0.0,-168.8603013967322,346.82133028183716,0.0,0.0,1.0,10.0
0.0,-195.02882321468132,371.92331870822795,0.0,0.0,1.0,10.0
0.0,-174.57697198424103,379.23014884246913,0.0,0.0,1.0,10.0
0.0,-199.2698492176503,379.46510858712554,0.0,0.0,1.0,10.0
0.0,-203.3203169996566,341.75113784284645,0.0,0.0,1.0,10.0
0.0,-182.45070189689068,367.4450192937268,0.0,0.0,1.0,10.0
0.0,-185.6834332018268,390.1551409900785,0.0,0.0,1.0,10.0
0.0,-212.92611867295432,388.7342993261648,0.0,0.0,1.0,10.0
0.0,-175.85595825390988,386.05462538680536,0.0,0.0,1.0,10.0
0.0,-175.64160265683518,348.8831012934952,0.0,0.0,1.0,10.0
0.0,-160.35805620392784,366.70417696141135,0.0,0.0,1.0,10.0
0.0,-152.1032355615946,386.20469948443656,0.0,0.0,1.0,10.0
0.0,-243.06603175135592,363.7480088787813,0.0,0.0,1.0,10.0
0.0,-256.01684473777095,397.43903771498367,0.0,0.0,1.0,10.0
0.0,-266.00862659074573,356.6652843894458,0.0,0.0,1.0,10.0
0.0,-224.63243176222977,379.3087875778242,0.0,0.0,1.0,10.0
0.0,-233.61605751877596,385.61853072881786,0.0,0.0,1.0,10.0
0.0,-249.93408711007328,385.9475204209691,0.0,0.0,1.0,10.0
0.0,-260.4198566061175,387.12767798811956,0.0,0.0,1.0,10.0
0.0,-257.2009506427462,397.65532150312356,0.0,0.0,1.0,10.0
0.0,-215.96900809852536,382.12165089158907,0.0,0.0,1.0,10.0
0.0,-242.46741414218218,351.54251552612163,0.0,0.0,1.0,10.0
0.0,-241.68823929067707,379.31495708171974,0.0,0.0,1.0,10.0
0.0,-219.86167812079452,389.8065209408112,0.0,0.0,1.0,10.0
0.0,-244.09251275263796,392.7562357280817,0.0,0.0,1.0,10.0
0.0,-247.12980196022454,354.42138478050515,0.0,0.0,1.0,10.0
0.0,-254.66442121356386,369.3767594360527,0.0,0.0,1.0,10.0
0.0,-227.49286601174526,374.0337490334782,0.0,0.0,1.0,10.0
0.0,-218.11871464533624,377.075323538817,0.0,0.0,1.0,10.0
0.0,-201.3652719123711,387.8113550534197,0.0,0.0,1.0,10.0
0.0,-240.08754260285468,417.1776365174328,0.0,0.0,1.0,10.0
0.0,-223.51900723743188,368.80297878537203,0.0,0.0,1.0,10.0
0.0,-232.25820669631594,364.8968619842592,0.0,0.0,1.0,10.0
0.0,-248.2560666159875,367.3638890325158,0.0,0.0,1.0,10.0
0.0,-206.32819238260072,396.6222849521648,0.0,0.0,1.0,10.0
0.0,-225.13343533028683,397.87857776555165,0.0,0.0,1.0,10.0
0.0,-233.40205101668585,391.87248914679185,0.0,0.0,1.0,10.0
0.0,-212.67169286483863,372.04290286322407,0.0,0.0,1.0,10.0
0.0,-220.54070567577287,373.1997911256267,0.0,0.0,1.0,10.0
0.0,-220.47090423355462,386.57810993857584,0.0,0.0,1.0,10.0
0.0,-222.7309329416048,385.7994174933078,0.0,0.0,1.0,10.0
0.0,-218.5424077949615,397.0356597095856,0.0,0.0,1.0,10.0
0.0,-223.2174856163083,364.611670942038,0.0,0.0,1.0,10.0
0.0,-219.2315182854395,392.75645349980164,0.0,0.0,1.0,10.0
0.0,-238.90045345754243,265.61505811283996,0.0,0.0,1.0,10.0
0.0,-262.37759449805026,335.89241849458995,0.0,0.0,1.0,10.0
0.0,-250.50335111892127,343.60345756592596,0.0,0.0,1.0,10.0
0.0,-301.1205099282188,314.02124817134836,0.0,0.0,1.0,10.0
0.0,-246.97599216892218,353.7171035490928,0.0,0.0,1.0,10.0
0.0,-261.5491635596727,354.49167966240634,0.0,0.0,1.0,10.0
0.0,-282.94616276780266,362.1025682503696,0.0,0.0,1.0,10.0
0.0,-266.2413125623657,342.6987619716847,0.0,0.0,1.0,10.0
0.0,-239.58811669379384,307.0514352331561,0.0,0.0,1.0,10.0
0.0,-272.37077939169967,307.678183271586,0.0,0.0,1.0,10.0
0.0,-254.874478984166,338.7304482393147,0.0,0.0,1.0,10.0
0.0,-237.89980495515806,342.6441954356617,0.0,0.0,1.0,10.0
0.0,-259.65074634664916,335.2023814136385,0.0,0.0,1.0,10.0
0.0,-273.92323515274893,340.5477065947862,0.0,0.0,1.0,10.0
0.0,-300.334063603035,363.8209311701412,0.0,0.0,1.0,10.0
0.0,-198.60105680124684,331.4936037051625,0.0,0.0,1.0,10.0
0.0,-261.97607737782937,334.1969605108791,0.0,0.0,1.0,10.0
0.0,-289.01315009413975,340.83892355332455,0.0,0.0,1.0,10.0
0.0,-265.52652176997935,322.33867223387665,0.0,0.0,1.0,10.0
0.0,-286.24447494598144,362.63282895350494,0.0,0.0,1.0,10.0
0.0,-270.07753471342426,326.17088451089876,0.0,0.0,1.0,10.0
0.0,-297.7152037246635,339.2832652398956,0.0,0.0,1.0,10.0
0.0,-250.79879419710983,347.41651068307806,0.0,0.0,1.0,10.0
0.0,-289.8846946643789,348.8864553134997,0.0,0.0,1.0,10.0
0.0,-222.75727309289528,278.05181667336365,0.0,0.0,1.0,10.0
0.0,-272.46938406136496,285.1864897839014,0.0,0.0,1.0,10.0
0.0,-224.66431825952145,298.26786168463696,0.0,0.0,1.0,10.0
0.0,-230.58995380417446,268.33048808928606,0.0,0.0,1.0,10.0
0.0,-295.0203717195311,276.716020826683,0.0,0.0,1.0,10.0
0.0,-250.85200001218482,281.23353099086034,0.0,0.0,1.0,10.0
0.0,-290.71069055919065,307.28923087068233,0.0,0.0,1.0,10.0
0.0,-272.73466559864937,298.36269732557616,0.0,0.0,1.0,10.0
0.0,-265.45064669955605,287.77642376754284,0.0,0.0,1.0,10.0
0.0,-270.5910884642294,295.61494307244766,0.0,0.0,1.0,10.0
0.0,-273.5458281476515,255.8493092235301,0.0,0.0,1.0,10.0
0.0,-251.6884256747494,302.1340202992492,0.0,0.0,1.0,10.0
0.0,-257.16037782881426,281.8164436629577,0.0,0.0,1.0,10.0
0.0,-288.52139424641587,306.46147361607154,0.0,0.0,1.0,10.0
0.0,-284.1365809434924,281.5152928738826,0.0,0.0,1.0,10.0
0.0,-258.5203136425257,268.23927266173837,0.0,0.0,1.0,10.0
0.0,-276.5196575737434,256.4029481657467,0.0,0.0,1.0,10.0
0.0,-273.92034648386107,255.33948277982176,0.0,0.0,1.0,10.0
0.0,-249.89017588793104,264.3863118441491,0.0,0.0,1.0,10.0
0.0,-274.82790003068385,304.81137701017724,0.0,0.0,1.0,10.0
0.0,-307.2499097332136,271.48719241080084,0.0,0.0,1.0,10.0
0.0,-214.56956781041208,302.3505575447334,0.0,0.0,1.0,10.0
0.0,-267.0793531140289,344.67813180670964,0.0,0.0,1.0,10.0
0.0,-287.5125706944791,293.05415759040125,0.0,0.0,1.0,10.0
0.0,-259.7899573469881,293.46706751855527,0.0,0.0,1.0,10.0
0.0,-252.36010937408219,290.03254398860145,0.0,0.0,1.0,10.0
0.0,-273.82790184761984,262.82587072274055,0.0,0.0,1.0,10.0
0.0,-257.48312286440705,291.02964133227147,0.0,0.0,1.0,10.0
0.0,-272.18970524581823,285.8762999009343,0.0,0.0,1.0,10.0
0.0,-255.40851592308877,269.7664007968608,0.0,0.0,1.0,10.0
0.0,-278.80892425165257,289.07252028368794,0.0,0.0,1.0,10.0
0.0,-283.7757044748889,305.222962221178,0.0,0.0,1.0,10.0
0.0,-294.01009026806423,281.15573324998536,0.0,0.0,1.0,10.0
0.0,-224.33686484391728,252.31910221265844,0.0,0.0,1.0,10.0
0.0,-248.61934562659417,255.1524043901834,0.0,0.0,1.0,10.0
0.0,-235.11069732839428,234.05058085543646,0.0,0.0,1.0,10.0
0.0,-263.1930729237429,277.09924406634764,0.0,0.0,1.0,10.0
0.0,-244.72721058755792,219.618424259706,0.0,0.0,1.0,10.0
0.0,-233.25820477353477,266.1678819728702,0.0,0.0,1.0,10.0
0.0,-246.7427379083506,240.31529102981926,0.0,0.0,1.0,10.0
0.0,-237.73945770090018,241.65715816695,0.0,0.0,1.0,10.0
0.0,-264.8860286714096,241.62566464769952,0.0,0.0,1.0,10.0
0.0,-241.95383712078115,251.9428692715137,0.0,0.0,1.0,10.0
0.0,-239.8231453725241,245.2033265377329,0.0,0.0,1.0,10.0
0.0,-233.18797811580407,246.3964210614679,0.0,0.0,1.0,10.0
0.0,-240.58564256984255,257.8062272786351,0.0,0.0,1.0,10.0
0.0,-231.47806782616044,267.8340042528969,0.0,0.0,1.0,10.0
0.0,-255.80528871405227,251.85150483993357,0.0,0.0,1.0,10.0
0.0,-225.05007008912457,219.7724226466305,0.0,0.0,1.0,10.0
0.0,-226.60849679950775,220.3957287903611,0.0,0.0,1.0,10.0
0.0,-184.0803256372924,274.8239007238226,0.0,0.0,1.0,10.0
0.0,-181.15972546604416,258.65172639800494,0.0,0.0,1.0,10.0
0.0,-191.6303087192489,248.57617311958347,0.0,0.0,1.0,10.0
0.0,-186.13281949457723,226.35361579673236,0.0,0.0,1.0,10.0
0.0,-204.4022391516046,217.14399155627825,0.0,0.0,1.0,10.0
0.0,-196.86433608989296,253.3889892850707,0.0,0.0,1.0,10.0
0.0,-204.56369815982407,232.1698140710862,0.0,0.0,1.0,10.0
0.0,-176.7669011741334,233.3345016667588,0.0,0.0,1.0,10.0
0.0,-172.70247609838884,267.34729566371493,0.0,0.0,1.0,10.0
0.0,-191.30133511817644,251.51242965189385,0.0,0.0,1.0,10.0
0.0,-192.5357216535515,217.9973268580593,0.0,0.0,1.0,10.0
0.0,-201.4904719827323,208.23691311727998,0.0,0.0,1.0,10.0
0.0,-216.85796218554196,261.1658291883923,0.0,0.0,1.0,10.0
0.0,-191.03315340727113,259.43318597000257,0.0,0.0,1.0,10.0
0.0,-196.09975163530544,244.9881890535728,0.0,0.0,1.0,10.0
0.0,-189.55595298849016,285.6901506850754,0.0,0.0,1.0,10.0
0.0,-221.02872898513033,272.2198148808461,0.0,0.0,1.0,10.0
0.0,-186.30249459270226,280.19227354412146,0.0,0.0,1.0,10.0
0.0,-179.9343653163237,225.15061401767798,0.0,0.0,1.0,10.0
0.0,-179.3283187994923,262.4995652552384,0.0,0.0,1.0,10.0
0.0,-192.25865634409297,236.38220849956906,0.0,0.0,1.0,10.0
0.0,-218.52143050575933,229.94912507736217,0.0,0.0,1.0,10.0
0.0,-181.04432208264006,251.97661538087027,0.0,0.0,1.0,10.0
0.0,-218.3250790722857,229.49282460631252,0.0,0.0,1.0,10.0
0.0,-207.86595637270375,239.88451835335718,0.0,0.0,1.0,10.0
0.0,-168.09604701399735,266.4260523280882,0.0,0.0,1.0,10.0
0.0,-181.5491870687688,217.70898702782733,0.0,0.0,1.0,10.0
0.0,-209.76135933973842,258.46068633634786,0.0,0.0,1.0,10.0
0.0,-200.45580153298738,228.7702407591155,0.0,0.0,1.0,10.0
0.0,-143.25523681293225,301.68775781363547,0.0,0.0,1.0,10.0
0.0,-168.26865221527305,270.0960062040988,0.0,0.0,1.0,10.0
0.0,-127.96992848111358,291.9192125276909,0.0,0.0,1.0,10.0
0.0,-153.28796739102563,308.5545899050321,0.0,0.0,1.0,10.0
0.0,-185.3043153666274,321.27379653506796,0.0,0.0,1.0,10.0
0.0,-168.30292821219996,240.4315364458239,0.0,0.0,1.0,10.0
0.0,-137.3073639756608,279.05922562096157,0.0,0.0,1.0,10.0
0.0,-143.02768000957917,343.3519137190849,0.0,0.0,1.0,10.0
0.0,-135.83841060180794,328.9375156267422,0.0,0.0,1.0,10.0
0.0,-118.25713370785206,335.3053187151031,0.0,0.0,1.0,10.0
0.0,-134.02383539297398,338.45791073925284,0.0,0.0,1.0,10.0
0.0,-163.9863723414885,338.485058780107,0.0,0.0,1.0,10.0
0.0,-147.5932820129633,313.00849068771595,0.0,0.0,1.0,10.0
0.0,-133.68109439310524,325.0407108554757,0.0,0.0,1.0,10.0
0.0,-143.381047246236,342.85589289211384,0.0,0.0,1.0,10.0
0.0,-175.5819878050786,349.62960830910765,0.0,0.0,1.0,10.0
0.0,-135.43607463882904,317.180340856788,0.0,0.0,1.0,10.0
0.0,-153.75887176233527,351.5697902659456,0.0,0.0,1.0,10.0
0.0,-148.86119221236277,256.59502817976886,0.0,0.0,1.0,10.0
0.0,-173.15816988318875,293.3193638283435,0.0,0.0,1.0,10.0
0.0,-146.31716874439417,330.28010663381383,0.0,0.0,1.0,10.0
0.0,-130.71071128801896,320.22878007685154,0.0,0.0,1.0,10.0
0.0,-147.22034324936953,312.0351623891954,0.0,0.0,1.0,10.0
0.0,-144.9893001492103,328.9634576308524,0.0,0.0,1.0,10.0
0.0,-131.92516412732834,336.5205655226425,0.0,0.0,1.0,10.0
0.0,-147.2864727737997,317.67954956919243,0.0,0.0,1.0,10.0
0.0,-116.55401549084718,350.28521823065626,0.0,0.0,1.0,10.0
0.0,-128.978360259277,329.4884592833628,0.0,0.0,1.0,10.0
0.0,-187.82829929371792,344.08782862865314,0.0,0.0,1.0,10.0
0.0,-123.04491392745763,330.15625526167923,0.0,0.0,1.0,10.0
0.0,-137.81454725797812,314.47474828479153,0.0,0.0,1.0,10.0
0.0,-137.02783806170373,347.23637836437047,0.0,0.0,1.0,10.0
0.0,-133.00829885546523,348.94866607486733,0.0,0.0,1.0,10.0
0.0,-118.52061425951865,318.8914092144496,0.0,0.0,1.0,10.0
0.0,-146.0201877707309,330.4046453048943,0.0,0.0,1.0,10.0
0.0,-144.34591955477708,335.6267512972113,0.0,0.0,1.0,10.0
0.0,-132.05668163870587,331.2598852816393,0.0,0.0,1.0,10.0
0.0,-135.1039997846342,333.5489442240646,0.0,0.0,1.0,10.0
0.0,-187.96166289189705,324.90813540694853,0.0,0.0,1.0,10.0
0.0,-361.1352942096547,114.3745058643376,0.0,0.0,1.0,11.0
0.0,-388.384872849731,134.71929493194807,0.0,0.0,1.0,11.0
0.0,-369.984214017092,100.40636763675798,0.0,0.0,1.0,11.0
0.0,-387.68696699276745,112.40026870506267,0.0,0.0,1.0,11.0
0.0,-380.5712023309562,115.9699236834274,0.0,0.0,1.0,11.0
0.0,-380.81707894329884,112.94865467562477,0.0,0.0,1.0,11.0
0.0,-369.90321195773026,98.45365968795318,0.0,0.0,1.0,11.0
0.0,-358.41355989738304,104.10108073124502,0.0,0.0,1.0,11.0
0.0,-379.1711335759985,93.77820151634728,0.0,0.0,1.0,11.0
0.0,-352.5477007207037,89.50137310495802,0.0,0.0,1.0,11.0
0.0,-369.54120139970723,106.62258228561473,0.0,0.0,1.0,11.0
0.0,-391.3278438460941,115.3008305519727,0.0,0.0,1.0,11.0
0.0,-352.7913048057576,105.59160555819426,0.0,0.0,1.0,11.0
0.0,-296.22419658513695,150.53801213629254,0.0,0.0,1.0,11.0
0.0,-347.31767940383224,151.8705400709173,0.0,0.0,1.0,11.0
0.0,-366.30056299996613,72.17473404315683,0.0,0.0,1.0,11.0
0.0,-367.81662598745334,99.10342148125847,0.0,0.0,1.0,11.0
0.0,-323.6503821061244,102.0386019130251,0.0,0.0,1.0,11.0
0.0,-381.48163887701674,98.85811629861246,0.0,0.0,1.0,11.0
0.0,-358.74085503357105,116.75253436562684,0.0,0.0,1.0,11.0
0.0,-360.62233163584983,103.13460131882357,0.0,0.0,1.0,11.0
0.0,-306.189741456232,139.6136972224624,0.0,0.0,1.0,11.0
0.0,-393.3796757088662,105.4897464283622,0.0,0.0,1.0,11.0
0.0,-350.52221798179676,95.99809644687434,0.0,0.0,1.0,11.0
0.0,-358.27841946819933,128.9904507062481,0.0,0.0,1.0,11.0
0.0,-357.386679132763,107.90367945987191,0.0,0.0,1.0,11.0
0.0,-359.3203505662681,134.8754692726652,0.0,0.0,1.0,11.0
0.0,-348.2201477557164,75.30090644611914,0.0,0.0,1.0,11.0
0.0,-363.39553391453603,104.71801370377443,0.0,0.0,1.0,11.0
0.0,-379.0399914607027,115.74653411314102,0.0,0.0,1.0,11.0
0.0,-394.57289036837665,102.43589101722,0.0,0.0,1.0,11.0
0.0,-378.39299669158913,129.73030940819717,0.0,0.0,1.0,11.0
0.0,-388.8485463281902,113.26457717122344,0.0,0.0,1.0,11.0
0.0,-381.5637332242752,102.34077992118546,0.0,0.0,1.0,11.0
0.0,-354.0933809941987,83.64975556872764,0.0,0.0,1.0,11.0
0.0,-348.4711430946596,125.05135348222848,0.0,0.0,1.0,11.0
0.0,-353.34170545476286,92.95176197217165,0.0,0.0,1.0,11.0
0.0,-372.30094179774994,104.56115016424451,0.0,0.0,1.0,11.0
0.0,-376.152884913604,101.60683833383882,0.0,0.0,1.0,11.0
0.0,-356.68921264001415,81.15382735873914,0.0,0.0,1.0,11.0
0.0,-384.1789730548021,99.05222290642155,0.0,0.0,1.0,11.0
0.0,-312.78149325504774,156.00851435705977,0.0,0.0,1.0,11.0
0.0,-372.55061885729833,93.45438817203762,0.0,0.0,1.0,11.0
0.0,-322.6039849192655,113.09983408511471,0.0,0.0,1.0,11.0
0.0,-371.43150168663965,88.2001727479983,0.0,0.0,1.0,11.0
0.0,-374.10217305424294,95.59421396893708,0.0,0.0,1.0,11.0
0.0,-347.32922116844384,65.47530160888937,0.0,0.0,1.0,11.0
0.0,-362.22440905062103,96.49715084025024,0.0,0.0,1.0,11.0
0.0,-365.6571300695016,110.13909992213917,0.0,0.0,1.0,11.0
0.0,-377.86828936847223,132.71852363240168,0.0,0.0,1.0,11.0
0.0,-318.3348256390659,96.51337735609604,0.0,0.0,1.0,11.0
0.0,-343.3147551110112,70.54359863799914,0.0,0.0,1.0,11.0
0.0,-329.25173331510996,110.01791381368503,0.0,0.0,1.0,11.0
0.0,-344.03888195903664,59.752251595704365,0.0,0.0,1.0,11.0
0.0,-349.80741692100605,40.88860318045408,0.0,0.0,1.0,11.0
0.0,-343.81187260181,49.41977215448196,0.0,0.0,1.0,11.0
0.0,-343.7209328103045,55.66803950089047,0.0,0.0,1.0,11.0
0.0,-337.0598211370352,28.373660179045828,0.0,0.0,1.0,11.0
0.0,-359.4204452943409,70.82137939991821,0.0,0.0,1.0,11.0
0.0,-315.25951581602953,75.83226819840911,0.0,0.0,1.0,11.0
0.0,-357.7129283102545,64.96410514966192,0.0,0.0,1.0,11.0
0.0,-334.9050259305059,54.639549910424876,0.0,0.0,1.0,11.0
0.0,-359.69616011426865,54.644950919612484,0.0,0.0,1.0,11.0
0.0,-368.29276639369846,92.08959995139685,0.0,0.0,1.0,11.0
0.0,-327.2356533174177,59.729035103766364,0.0,0.0,1.0,11.0
0.0,-335.9452646713934,62.06477756530853,0.0,0.0,1.0,11.0
0.0,-326.1825129236854,71.63978101452267,0.0,0.0,1.0,11.0
0.0,-346.1522129819476,120.24248034252378,0.0,0.0,1.0,11.0
0.0,-347.76739262693854,59.51955833558441,0.0,0.0,1.0,11.0
0.0,-316.2145729455874,78.33289039482361,0.0,0.0,1.0,11.0
0.0,-328.2583203012391,63.75280591472233,0.0,0.0,1.0,11.0
0.0,-306.80418796287313,43.755218379899816,0.0,0.0,1.0,11.0
0.0,-330.5287823797031,60.746263710166204,0.0,0.0,1.0,11.0
0.0,-310.59114041140447,109.92069586154025,0.0,0.0,1.0,11.0
0.0,-351.8104280564744,53.09469910521739,0.0,0.0,1.0,11.0
0.0,-349.626495139825,56.51932189130025,0.0,0.0,1.0,11.0
0.0,-313.95924143963293,24.462288073635136,0.0,0.0,1.0,11.0
0.0,-356.8628629287891,63.925291559985,0.0,0.0,1.0,11.0
0.0,-300.2259410750007,56.62113997764823,0.0,0.0,1.0,11.0
0.0,-293.1712331423207,29.53994833712386,0.0,0.0,1.0,11.0
0.0,-275.99245556227675,52.90033347403369,0.0,0.0,1.0,11.0
0.0,-293.4063778167117,71.28170742705788,0.0,0.0,1.0,11.0
0.0,-259.09912104158593,50.61816098263944,0.0,0.0,1.0,11.0
0.0,-268.7950370301469,40.75083427057098,0.0,0.0,1.0,11.0
0.0,-320.4597148822668,41.250348246148405,0.0,0.0,1.0,11.0
0.0,-288.13321077205865,32.68787344149587,0.0,0.0,1.0,11.0
0.0,-279.3950475331185,47.20871986950465,0.0,0.0,1.0,11.0
0.0,-281.3815396194002,41.69392317483607,0.0,0.0,1.0,11.0
0.0,-290.0786395131822,50.3682180876167,0.0,0.0,1.0,11.0
0.0,-255.42401481011666,61.796016590601766,0.0,0.0,1.0,11.0
0.0,-286.8912668891387,47.44196545942441,0.0,0.0,1.0,11.0
0.0,-270.5278159294628,22.409934305114575,0.0,0.0,1.0,11.0
0.0,-292.0595665298272,70.20248448307643,0.0,0.0,1.0,11.0
0.0,-291.0336813888905,51.513254368850994,0.0,0.0,1.0,11.0
0.0,-278.80704536951566,53.95472571948676,0.0,0.0,1.0,11.0
0.0,-300.20268627996256,57.8942192995562,0.0,0.0,1.0,11.0
0.0,-266.75531876701007,55.253486206477874,0.0,0.0,1.0,11.0
0.0,-284.7128657418775,65.8052945004863,0.0,0.0,1.0,11.0
0.0,-289.9596981067398,68.56613228969582,0.0,0.0,1.0,11.0
0.0,-303.9565111199363,44.74743336344204,0.0,0.0,1.0,11.0
0.0,-279.3011073204507,48.095482241414174,0.0,0.0,1.0,11.0
0.0,-291.7770348086167,61.49200254188759,0.0,0.0,1.0,11.0
0.0,-335.48323115208257,54.23095967175027,0.0,0.0,1.0,11.0
0.0,-301.85003265330715,68.45118197802799,0.0,0.0,1.0,11.0
0.0,-270.21443030657633,57.808748912427745,0.0,0.0,1.0,11.0
0.0,-282.0167893411542,45.46848763401567,0.0,0.0,1.0,11.0
0.0,-290.96848371420674,50.234467996335525,0.0,0.0,1.0,11.0
0.0,-235.06430808406958,98.79387032987324,0.0,0.0,1.0,11.0
0.0,-243.76042146877262,82.65797144848307,0.0,0.0,1.0,11.0
0.0,-244.46642266212507,94.57497691723438,0.0,0.0,1.0,11.0
0.0,-210.07770783605974,90.0147006693162,0.0,0.0,1.0,11.0
0.0,-233.75270711152984,77.40849836544567,0.0,0.0,1.0,11.0
0.0,-263.128589649305,73.65205601190178,0.0,0.0,1.0,11.0
0.0,-247.185376726806,70.35710545555116,0.0,0.0,1.0,11.0
0.0,-235.54607620035472,103.59486369222736,0.0,0.0,1.0,11.0
0.0,-262.87733249080793,98.03103204011472,0.0,0.0,1.0,11.0
0.0,-242.1399797258125,114.89412137934414,0.0,0.0,1.0,11.0
0.0,-261.7187402401448,62.82390108055006,0.0,0.0,1.0,11.0
0.0,-230.6402363597747,64.37304223199453,0.0,0.0,1.0,11.0
0.0,-245.64310650869697,82.748467761847,0.0,0.0,1.0,11.0
0.0,-237.69888754684916,82.23657439973226,0.0,0.0,1.0,11.0
0.0,-214.5841953102754,106.74549375876154,0.0,0.0,1.0,11.0
0.0,-281.6634682906674,69.49803201423128,0.0,0.0,1.0,11.0
0.0,-228.81047305597076,92.19757669214732,0.0,0.0,1.0,11.0
0.0,-258.50313208264333,99.0686167897536,0.0,0.0,1.0,11.0
0.0,-231.388977732101,53.674777273068,0.0,0.0,1.0,11.0
0.0,-268.7689859747529,119.32835007950644,0.0,0.0,1.0,11.0
0.0,-223.32604707792666,93.3225917268328,0.0,0.0,1.0,11.0
0.0,-237.61212707971208,93.45019842037095,0.0,0.0,1.0,11.0
0.0,-235.07915110247404,99.96522658120034,0.0,0.0,1.0,11.0
0.0,-238.56728993244815,109.58263462700097,0.0,0.0,1.0,11.0
0.0,-248.87719780156726,97.3930357236361,0.0,0.0,1.0,11.0
0.0,-236.188386343792,85.73496790497757,0.0,0.0,1.0,11.0
0.0,-263.3354034908848,98.46652012500886,0.0,0.0,1.0,11.0
0.0,-252.90156838291387,86.2616712420263,0.0,0.0,1.0,11.0
0.0,-238.8841444223383,68.39304345762775,0.0,0.0,1.0,11.0
0.0,-233.85184988071978,55.768469678306474,0.0,0.0,1.0,11.0
0.0,-225.53779009474147,84.14331818737605,0.0,0.0,1.0,11.0
0.0,-241.4323102002486,75.8233912174071,0.0,0.0,1.0,11.0
0.0,-203.39525265020325,66.05063687203369,0.0,0.0,1.0,11.0
0.0,-258.75590912153757,51.88070443479887,0.0,0.0,1.0,11.0
0.0,-254.56797068427045,57.03914245074702,0.0,0.0,1.0,11.0
0.0,-260.7116832017273,49.76649524971526,0.0,0.0,1.0,11.0
0.0,-242.5859338991297,54.07850896393188,0.0,0.0,1.0,11.0
0.0,-236.44952423874133,145.55604370363199,0.0,0.0,1.0,11.0
0.0,-203.1612171653594,134.48009863408083,0.0,0.0,1.0,11.0
0.0,-232.5373405323951,115.94054132252222,0.0,0.0,1.0,11.0
0.0,-225.9959465336542,136.1324511814562,0.0,0.0,1.0,11.0
0.0,-244.56524779019287,146.2001137087709,0.0,0.0,1.0,11.0
0.0,-225.1865814903208,129.45575014216092,0.0,0.0,1.0,11.0
0.0,-208.27586467253627,128.0845934257402,0.0,0.0,1.0,11.0
0.0,-249.07652935130704,151.36832587522122,0.0,0.0,1.0,11.0
0.0,-229.37820468620362,137.35214186675466,0.0,0.0,1.0,11.0
0.0,-245.102944698378,128.66359083952466,0.0,0.0,1.0,11.0
0.0,-220.42825699086688,139.9626384061437,0.0,0.0,1.0,11.0
0.0,-255.71232682008258,135.9867970619091,0.0,0.0,1.0,11.0
0.0,-225.7621534403754,143.72910212713782,0.0,0.0,1.0,11.0
0.0,-237.39403518071867,125.60367673216206,0.0,0.0,1.0,11.0
0.0,-222.7505851398305,104.45578105639288,0.0,0.0,1.0,11.0
0.0,-292.8584678090772,139.02917287901937,0.0,0.0,1.0,11.0
0.0,-237.71949130473013,120.47354815891231,0.0,0.0,1.0,11.0
0.0,-263.48952417585156,182.07603054498918,0.0,0.0,1.0,11.0
0.0,-217.33580483255582,134.09396334277358,0.0,0.0,1.0,11.0
0.0,-273.11156205515294,190.3464901209079,0.0,0.0,1.0,11.0
0.0,-258.43768741986537,183.67721466726834,0.0,0.0,1.0,11.0
0.0,-239.80942134586712,200.63319441396493,0.0,0.0,1.0,11.0
0.0,-266.5804943812259,181.74639160993456,0.0,0.0,1.0,11.0
0.0,-262.7631776059211,196.3996512261458,0.0,0.0,1.0,11.0
0.0,-264.89851845815133,182.54207016366968,0.0,0.0,1.0,11.0
0.0,-244.91170911784457,162.7255756921661,0.0,0.0,1.0,11.0
0.0,-259.18833538170975,116.41395782377845,0.0,0.0,1.0,11.0
0.0,-248.8121788897231,157.68405393924763,0.0,0.0,1.0,11.0
0.0,-257.3822310380024,178.42509038157914,0.0,0.0,1.0,11.0
0.0,-282.22980519941734,163.49879268552831,0.0,0.0,1.0,11.0
0.0,-247.89321842957543,173.6107605476261,0.0,0.0,1.0,11.0
0.0,-245.7508051690172,113.35979439457515,0.0,0.0,1.0,11.0
0.0,-244.25832218373944,179.86704379278854,0.0,0.0,1.0,11.0
0.0,-276.8514700431924,176.00011255063373,0.0,0.0,1.0,11.0
0.0,-261.0497954421353,209.9886257499095,0.0,0.0,1.0,11.0
0.0,-271.3453762864917,172.90112183798578,0.0,0.0,1.0,11.0
0.0,-272.13965978775104,123.41102093626046,0.0,0.0,1.0,11.0
0.0,-255.49451129143745,185.3678935763346,0.0,0.0,1.0,11.0
0.0,-269.6609053098059,207.60905017725713,0.0,0.0,1.0,11.0
0.0,-271.24240114612303,193.85670371183573,0.0,0.0,1.0,11.0
0.0,-265.98650764417266,165.3892758191821,0.0,0.0,1.0,11.0
0.0,-243.5573125646788,176.85518739550298,0.0,0.0,1.0,11.0
0.0,-274.92531138190543,175.5492176500045,0.0,0.0,1.0,11.0
0.0,-249.67710192314507,166.29771919555446,0.0,0.0,1.0,11.0
0.0,-269.1574275358257,201.38254867589353,0.0,0.0,1.0,11.0
0.0,-257.51772228806476,188.07960717917854,0.0,0.0,1.0,11.0
0.0,-266.9549853794474,154.49460092424238,0.0,0.0,1.0,11.0
0.0,-248.23507518912402,177.71243950987537,0.0,0.0,1.0,11.0
0.0,-230.33445168458275,206.04478247405746,0.0,0.0,1.0,11.0
0.0,-238.03020101433867,184.0241016628056,0.0,0.0,1.0,11.0
0.0,-275.04918975523674,175.6168451653166,0.0,0.0,1.0,11.0
0.0,-302.3250844289912,190.36364864398024,0.0,0.0,1.0,11.0
0.0,-323.90109485827907,164.6215864075807,0.0,0.0,1.0,11.0
0.0,-298.1253831812028,202.3053270235439,0.0,0.0,1.0,11.0
0.0,-354.5099898646191,166.54248388427118,0.0,0.0,1.0,11.0
0.0,-331.91241758311935,160.43500101928657,0.0,0.0,1.0,11.0
0.0,-329.772141381394,187.0291269739846,0.0,0.0,1.0,11.0
0.0,-283.70765455389324,192.26265506618438,0.0,0.0,1.0,11.0
0.0,-324.12731137692685,172.58431655178356,0.0,0.0,1.0,11.0
0.0,-307.97959787021546,192.55106157633327,0.0,0.0,1.0,11.0
0.0,-301.22403566338085,188.3217898489031,0.0,0.0,1.0,11.0
0.0,-305.43350720387207,194.4756594918249,0.0,0.0,1.0,11.0
0.0,-334.1724906735502,208.43595079274223,0.0,0.0,1.0,11.0
0.0,-284.7187941925931,176.95557116631403,0.0,0.0,1.0,11.0
0.0,-273.7166752686685,126.29125991804472,0.0,0.0,1.0,11.0
0.0,-295.9559071236931,210.57195714160684,0.0,0.0,1.0,11.0
0.0,-337.1671548132774,192.5376572286077,0.0,0.0,1.0,11.0
0.0,-315.8292729254763,178.98290454262042,0.0,0.0,1.0,11.0
0.0,-345.4923069570407,164.53199635219312,0.0,0.0,1.0,11.0
0.0,-293.82374727124306,199.60999440715955,0.0,0.0,1.0,11.0
0.0,-304.3702692685829,179.85569322404262,0.0,0.0,1.0,11.0
0.0,-279.2743511744334,189.03549060461023,0.0,0.0,1.0,11.0
0.0,-314.12623887591485,196.24956141168536,0.0,0.0,1.0,11.0
0.0,-280.06442690351537,179.9263232894516,0.0,0.0,1.0,11.0
0.0,-293.6125989414977,191.91907300795947,0.0,0.0,1.0,11.0
0.0,-306.2783970430544,87.42849833896162,0.0,0.0,1.0,11.0
0.0,-314.5388124002902,214.80361824622696,0.0,0.0,1.0,11.0
0.0,-315.9905015809693,211.858563194922,0.0,0.0,1.0,11.0
0.0,-285.7946431264038,179.53498366195322,0.0,0.0,1.0,11.0
0.0,-339.9867792336661,219.97585737959207,0.0,0.0,1.0,11.0
0.0,-314.8151089759108,201.15812666167835,0.0,0.0,1.0,11.0
0.0,-310.2515770793261,182.09985677443865,0.0,0.0,1.0,11.0
0.0,-295.3586304685655,181.37763822517445,0.0,0.0,1.0,11.0
0.0,-281.3505636090763,168.1933436548038,0.0,0.0,1.0,11.0
0.0,-309.20009020288353,197.27259507989538,0.0,0.0,1.0,11.0
0.0,-340.578076869964,131.9976282148707,0.0,0.0,1.0,11.0
0.0,-332.6180153965586,191.9821364631298,0.0,0.0,1.0,11.0
0.0,-306.8533890961039,183.62588520752,0.0,0.0,1.0,11.0
0.0,-307.0288491457179,187.10972321247345,0.0,0.0,1.0,11.0
0.0,-306.64264585597016,206.72208761967067,0.0,0.0,1.0,11.0
0.0,-298.6821329166696,194.6831633045797,0.0,0.0,1.0,11.0
0.0,-301.94902154697434,188.35609018125115,0.0,0.0,1.0,11.0
0.0,-332.1393345656752,197.76238035251595,0.0,0.0,1.0,11.0
0.0,-284.987167826494,130.69567245381427,0.0,0.0,1.0,11.0
0.0,-359.01648969658333,166.54385167596047,0.0,0.0,1.0,11.0
0.0,-341.0646300459814,211.3087454226786,0.0,0.0,1.0,11.0
0.0,-338.1351372589677,201.85569625131416,0.0,0.0,1.0,11.0
0.0,-288.83392093024963,189.3744164778618,0.0,0.0,1.0,11.0
0.0,-334.54832282038114,182.06637011257044,0.0,0.0,1.0,11.0
0.0,-306.18255775201715,182.8003079756861,0.0,0.0,1.0,11.0
0.0,-297.1429897560108,181.08908105062324,0.0,0.0,1.0,11.0
0.0,-322.326253708085,205.7869591726494,0.0,0.0,1.0,11.0
0.0,-312.28531193955496,176.8750974110792,0.0,0.0,1.0,11.0
0.0,-288.45253290845494,177.50721462323008,0.0,0.0,1.0,11.0
0.0,-313.10280962964,161.64211877125854,0.0,0.0,1.0,11.0
0.0,-307.7207499986989,103.92959471938798,0.0,0.0,1.0,11.0
0.0,-306.01216637434254,186.3025582418304,0.0,0.0,1.0,11.0
0.0,-308.6643756964713,214.725932804688,0.0,0.0,1.0,11.0
0.0,-313.94617387205926,195.0300441447314,0.0,0.0,1.0,11.0
0.0,-294.4143987890375,221.2031229662698,0.0,0.0,1.0,11.0
0.0,300.2882278169666,-327.9415893372998,0.0,0.0,1.0,12.0
0.0,278.0809577999271,-380.0610551280379,0.0,0.0,1.0,12.0
0.0,237.50933299513895,-369.06656491782064,0.0,0.0,1.0,12.0
0.0,263.93608061311306,-353.93460213072376,0.0,0.0,1.0,12.0
0.0,249.41741910046426,-355.34158633334914,0.0,0.0,1.0,12.0
0.0,270.1128415997896,-351.365703684339,0.0,0.0,1.0,12.0
0.0,253.07558660572545,-353.60902573063504,0.0,0.0,1.0,12.0
0.0,292.01308303131054,-353.2281839703985,0.0,0.0,1.0,12.0
0.0,250.83759538349977,-377.21372978977286,0.0,0.0,1.0,12.0
0.0,260.0648785052963,-361.7387914787097,0.0,0.0,1.0,12.0
0.0,243.90661563547792,-355.1818327739376,0.0,0.0,1.0,12.0
0.0,275.92690960263167,-360.0095147225733,0.0,0.0,1.0,12.0
0.0,256.28049423311836,-295.78531030564636,0.0,0.0,1.0,12.0
0.0,269.548778359105,-354.61180511125804,0.0,0.0,1.0,12.0
0.0,254.84439404183922,-347.03787869724306,0.0,0.0,1.0,12.0
0.0,252.13400184513307,-358.7659970052139,0.0,0.0,1.0,12.0
0.0,256.7374575806341,-349.3532555722984,0.0,0.0,1.0,12.0
0.0,277.398050156351,-392.1342949155676,0.0,0.0,1.0,12.0
0.0,259.47752768633063,-382.66606204917355,0.0,0.0,1.0,12.0
0.0,262.18358314416787,-362.1820533168028,0.0,0.0,1.0,12.0
0.0,307.0446324012464,-358.33427499256186,0.0,0.0,1.0,12.0
0.0,247.44110304360106,-366.1254270796329,0.0,0.0,1.0,12.0
0.0,263.0890339361408,-354.3630216755363,0.0,0.0,1.0,12.0
0.0,246.91841030184378,-301.5557101964848,0.0,0.0,1.0,12.0
0.0,276.06213224295607,-367.11031164539804,0.0,0.0,1.0,12.0
0.0,321.04800432117077,-374.515768647349,0.0,0.0,1.0,12.0
0.0,332.2524463408113,-390.9946029106984,0.0,0.0,1.0,12.0
0.0,313.99658539525626,-367.36803451709545,0.0,0.0,1.0,12.0
0.0,316.99976460304265,-368.4533196068887,0.0,0.0,1.0,12.0
0.0,317.2601022383069,-377.3152888602417,0.0,0.0,1.0,12.0
0.0,292.199860062944,-360.44337783907497,0.0,0.0,1.0,12.0
0.0,314.0309228901333,-368.73066751598367,0.0,0.0,1.0,12.0
0.0,313.85343339703536,-362.21668628106704,0.0,0.0,1.0,12.0
0.0,305.1605143007682,-359.1637950288532,0.0,0.0,1.0,12.0
0.0,300.98705923014154,-360.6941207627659,0.0,0.0,1.0,12.0
0.0,314.88794303550526,-382.0828270963857,0.0,0.0,1.0,12.0
0.0,312.37066502778407,-350.5307464770776,0.0,0.0,1.0,12.0
0.0,307.16562313402073,-382.1731103090683,0.0,0.0,1.0,12.0
0.0,310.6571088115686,-341.01324686844566,0.0,0.0,1.0,12.0
0.0,316.41158888576115,-330.76653768120036,0.0,0.0,1.0,12.0
0.0,310.1975718550493,-383.1436142326245,0.0,0.0,1.0,12.0
0.0,333.9939699140059,-372.6101308903054,0.0,0.0,1.0,12.0
0.0,302.47863040191646,-391.26194375502223,0.0,0.0,1.0,12.0
0.0,334.4121668039156,-360.7580752435946,0.0,0.0,1.0,12.0
0.0,326.92436525944413,-368.959750498278,0.0,0.0,1.0,12.0
0.0,287.52398340987156,-371.34048419652754,0.0,0.0,1.0,12.0
0.0,327.13092810458033,-372.72862162855745,0.0,0.0,1.0,12.0
0.0,324.76269810503413,-359.31061605467073,0.0,0.0,1.0,12.0
0.0,327.80674612460643,-386.92142822587107,0.0,0.0,1.0,12.0
0.0,301.87985072993115,-372.3576533404964,0.0,0.0,1.0,12.0
0.0,302.5802761604623,-378.7687972875874,0.0,0.0,1.0,12.0
0.0,311.2290936387835,-369.479616517876,0.0,0.0,1.0,12.0
0.0,314.16555970039667,-350.1520015042829,0.0,0.0,1.0,12.0
0.0,350.88625864405276,-365.19986362373015,0.0,0.0,1.0,12.0
0.0,320.96133974506256,-373.57086320393887,0.0,0.0,1.0,12.0
0.0,339.48624385654284,-387.0535412479551,0.0,0.0,1.0,12.0
0.0,335.9041222875951,-267.6746242730562,0.0,0.0,1.0,12.0
0.0,369.95908199320456,-350.83362740860684,0.0,0.0,1.0,12.0
0.0,396.9497920954768,-372.57108645142216,0.0,0.0,1.0,12.0
0.0,354.1420277410655,-358.89188287493744,0.0,0.0,1.0,12.0
0.0,352.5047269323236,-327.7583460029614,0.0,0.0,1.0,12.0
0.0,369.27166812940527,-341.32703719068377,0.0,0.0,1.0,12.0
0.0,375.2873121734133,-309.5997586856229,0.0,0.0,1.0,12.0
0.0,383.13057269221963,-356.6108602778213,0.0,0.0,1.0,12.0
0.0,342.1875331954832,-341.90375448382815,0.0,0.0,1.0,12.0
0.0,352.63327451887744,-375.184736897588,0.0,0.0,1.0,12.0
0.0,350.26951866199215,-356.99657416617947,0.0,0.0,1.0,12.0
0.0,374.2553863114076,-359.36168123335426,0.0,0.0,1.0,12.0
0.0,372.106603320829,-322.1828234648151,0.0,0.0,1.0,12.0
0.0,381.2930475392641,-349.3509671006789,0.0,0.0,1.0,12.0
0.0,366.8097683855856,-349.09808086209466,0.0,0.0,1.0,12.0
0.0,393.82086179806834,-341.17163402408664,0.0,0.0,1.0,12.0
0.0,363.07302476813425,-349.5245491775388,0.0,0.0,1.0,12.0
0.0,376.0480669419544,-344.3807204245395,0.0,0.0,1.0,12.0
0.0,354.73988177225647,-353.2938012174004,0.0,0.0,1.0,12.0
0.0,365.01911667593345,-363.8824307348243,0.0,0.0,1.0,12.0
0.0,366.4306890567907,-320.04648827010715,0.0,0.0,1.0,12.0
0.0,376.3452781975029,-350.8645583119246,0.0,0.0,1.0,12.0
0.0,363.81888141304216,-358.76120064596057,0.0,0.0,1.0,12.0
0.0,352.97041277123344,-300.51433685503,0.0,0.0,1.0,12.0
0.0,311.74332968149406,-303.412786283521,0.0,0.0,1.0,12.0
0.0,355.3460955872795,-326.7227618458976,0.0,0.0,1.0,12.0
0.0,372.355570124771,-354.51116070819603,0.0,0.0,1.0,12.0
0.0,360.42427990077044,-351.0150793010771,0.0,0.0,1.0,12.0
0.0,344.70180365590454,-371.52956761107555,0.0,0.0,1.0,12.0
0.0,330.5997078104797,-315.08106692305387,0.0,0.0,1.0,12.0
0.0,340.12842322073357,-272.07507914256826,0.0,0.0,1.0,12.0
0.0,402.30125698448137,-355.66499537906884,0.0,0.0,1.0,12.0
0.0,372.48891658656885,-340.39972970719475,0.0,0.0,1.0,12.0
0.0,363.59732536841034,-365.2126943479427,0.0,0.0,1.0,12.0
0.0,359.6245841589248,-342.476574984301,0.0,0.0,1.0,12.0
0.0,371.33646371054965,-373.356519076165,0.0,0.0,1.0,12.0
0.0,379.9700293921974,-337.29163438614887,0.0,0.0,1.0,12.0
0.0,344.9543103338565,-357.3000447705857,0.0,0.0,1.0,12.0
0.0,376.072332123395,-375.6754250275766,0.0,0.0,1.0,12.0
0.0,400.5385611763702,-321.4324885960191,0.0,0.0,1.0,12.0
0.0,404.13813194502313,-263.89390076071186,0.0,0.0,1.0,12.0
0.0,367.58431447140015,-284.89553506123525,0.0,0.0,1.0,12.0
0.0,368.8123083619007,-309.65677193070724,0.0,0.0,1.0,12.0
0.0,385.3634678336243,-282.5630883600111,0.0,0.0,1.0,12.0
0.0,356.0507456005487,-295.64511308734996,0.0,0.0,1.0,12.0
0.0,388.77754067410547,-295.1120039107668,0.0,0.0,1.0,12.0
0.0,393.0895284112564,-272.28416416050254,0.0,0.0,1.0,12.0
0.0,382.7397734941153,-301.05511002584717,0.0,0.0,1.0,12.0
0.0,352.78379858929065,-297.571234478228,0.0,0.0,1.0,12.0
0.0,393.57150618888136,-335.97966935675754,0.0,0.0,1.0,12.0
0.0,354.8339620031343,-311.77682349894826,0.0,0.0,1.0,12.0
0.0,378.28955574412566,-302.2115426139185,0.0,0.0,1.0,12.0
0.0,339.10458938706506,-296.122481945539,0.0,0.0,1.0,12.0
0.0,368.4048698699771,-286.3882500044308,0.0,0.0,1.0,12.0
0.0,388.361720499845,-296.83876598861025,0.0,0.0,1.0,12.0
0.0,383.34182151977166,-276.9052181432419,0.0,0.0,1.0,12.0
0.0,408.413421251973,-298.05711168383914,0.0,0.0,1.0,12.0
0.0,355.0825614299197,-341.5334789231348,0.0,0.0,1.0,12.0
0.0,399.0987145858403,-322.03307719417353,0.0,0.0,1.0,12.0
0.0,335.4501235037228,-287.8779257044707,0.0,0.0,1.0,12.0
0.0,373.9381588271249,-302.4372410212093,0.0,0.0,1.0,12.0
0.0,375.53615812854014,-299.28627150749617,0.0,0.0,1.0,12.0
0.0,356.86751989139316,-294.9430825763525,0.0,0.0,1.0,12.0
0.0,393.5608452074016,-293.94864445108215,0.0,0.0,1.0,12.0
0.0,385.1066155163885,-297.4416675847233,0.0,0.0,1.0,12.0
0.0,396.88498176821076,-295.5111379609077,0.0,0.0,1.0,12.0
0.0,383.95521599785116,-318.9882837471132,0.0,0.0,1.0,12.0
0.0,392.4608634847307,-280.3623052057276,0.0,0.0,1.0,12.0
0.0,389.50217321869786,-289.9131100875222,0.0,0.0,1.0,12.0
0.0,331.38360309340806,-225.90135183588495,0.0,0.0,1.0,12.0
0.0,333.87643684736736,-254.46413076755675,0.0,0.0,1.0,12.0
0.0,326.5610976888793,-239.769054786183,0.0,0.0,1.0,12.0
0.0,351.50949091371854,-234.7892577676098,0.0,0.0,1.0,12.0
0.0,348.55559324470596,-259.70288792124165,0.0,0.0,1.0,12.0
0.0,338.81044037886113,-252.2846563450264,0.0,0.0,1.0,12.0
0.0,365.55556496273175,-239.69268586280145,0.0,0.0,1.0,12.0
0.0,323.33466983399126,-251.31424273583707,0.0,0.0,1.0,12.0
0.0,369.28019050856915,-238.15020235376414,0.0,0.0,1.0,12.0
0.0,369.79698757516735,-250.64597258839467,0.0,0.0,1.0,12.0
0.0,341.658241286229,-238.04141824172757,0.0,0.0,1.0,12.0
0.0,356.7796776827611,-223.03267213418917,0.0,0.0,1.0,12.0
0.0,353.63454691780953,-249.9171928446599,0.0,0.0,1.0,12.0
0.0,370.1165839425116,-253.3224724356744,0.0,0.0,1.0,12.0
0.0,356.5848662161561,-230.64858170784532,0.0,0.0,1.0,12.0
0.0,358.8045348559215,-263.6025128868714,0.0,0.0,1.0,12.0
0.0,352.852347803821,-221.68989891383103,0.0,0.0,1.0,12.0
0.0,383.4725768110777,-254.0701267845302,0.0,0.0,1.0,12.0
0.0,327.99358306951376,-254.58298280131498,0.0,0.0,1.0,12.0
0.0,357.04181501122594,-254.65543112785713,0.0,0.0,1.0,12.0
0.0,379.65789699852917,-267.9938659470108,0.0,0.0,1.0,12.0
0.0,345.253284107986,-235.9420113592596,0.0,0.0,1.0,12.0
0.0,348.45817950600804,-255.1942884565526,0.0,0.0,1.0,12.0
0.0,379.60826433733405,-260.0424308883562,0.0,0.0,1.0,12.0
0.0,365.29126610662524,-225.09872721633292,0.0,0.0,1.0,12.0
0.0,309.9149080632626,-237.85520639907168,0.0,0.0,1.0,12.0
0.0,303.5944235900188,-241.14588301904723,0.0,0.0,1.0,12.0
0.0,295.43131403412167,-202.00682545684185,0.0,0.0,1.0,12.0
0.0,286.446587342728,-293.57853114934414,0.0,0.0,1.0,12.0
0.0,300.2688740175372,-239.9939156810956,0.0,0.0,1.0,12.0
0.0,306.8642522253308,-241.67487296641593,0.0,0.0,1.0,12.0
0.0,317.10322184311576,-238.8875454148456,0.0,0.0,1.0,12.0
0.0,309.8370295642676,-227.95755027150244,0.0,0.0,1.0,12.0
0.0,301.1020865621897,-214.485824592595,0.0,0.0,1.0,12.0
0.0,336.3778625009211,-285.6044536809618,0.0,0.0,1.0,12.0
0.0,297.4698345489255,-233.479165424759,0.0,0.0,1.0,12.0
0.0,291.5364218190066,-228.74832247182485,0.0,0.0,1.0,12.0
0.0,300.410528579177,-232.01259697279693,0.0,0.0,1.0,12.0
0.0,290.6629140752209,-242.71215082481922,0.0,0.0,1.0,12.0
0.0,303.53749028553216,-217.8815111268616,0.0,0.0,1.0,12.0
0.0,296.1239553387834,-232.22067728982893,0.0,0.0,1.0,12.0
0.0,274.31272393815334,-214.23029904797204,0.0,0.0,1.0,12.0
0.0,336.36002858039956,-233.86470652062872,0.0,0.0,1.0,12.0
0.0,277.3933595591368,-217.20807352035604,0.0,0.0,1.0,12.0
0.0,300.2598327354642,-219.52137082936997,0.0,0.0,1.0,12.0
0.0,281.3346335959293,-227.00653167021255,0.0,0.0,1.0,12.0
0.0,299.01915521672345,-226.607438013232,0.0,0.0,1.0,12.0
0.0,331.2163034094174,-230.17649636131273,0.0,0.0,1.0,12.0
0.0,290.54895158808404,-279.57767103851256,0.0,0.0,1.0,12.0
0.0,304.14936969538644,-228.14830231455903,0.0,0.0,1.0,12.0
0.0,337.19197314629264,-245.49371391704517,0.0,0.0,1.0,12.0
0.0,324.42644695974514,-234.51380255067215,0.0,0.0,1.0,12.0
0.0,312.1869813173996,-220.69744771275623,0.0,0.0,1.0,12.0
0.0,303.0193549393466,-231.72152434139934,0.0,0.0,1.0,12.0
0.0,302.75681733372335,-239.37758560434418,0.0,0.0,1.0,12.0
0.0,318.67395414551993,-228.17434270822173,0.0,0.0,1.0,12.0
0.0,254.16742210377288,-240.569489236477,0.0,0.0,1.0,12.0
0.0,285.04890723612266,-225.14919781492745,0.0,0.0,1.0,12.0
0.0,278.2521967729531,-222.18163627028116,0.0,0.0,1.0,12.0
0.0,254.31342976736096,-245.80875227629167,0.0,0.0,1.0,12.0
0.0,265.28311572840494,-238.64755011630018,0.0,0.0,1.0,12.0
0.0,262.22825289390903,-249.00651209365583,0.0,0.0,1.0,12.0
0.0,242.91854909905464,-261.5127045661859,0.0,0.0,1.0,12.0
0.0,251.22353429541045,-237.4281811896917,0.0,0.0,1.0,12.0
0.0,294.66877249517665,-252.40234653050175,0.0,0.0,1.0,12.0
0.0,265.8549478145651,-239.9766237696249,0.0,0.0,1.0,12.0
0.0,251.17311517255575,-262.3179501741879,0.0,0.0,1.0,12.0
0.0,277.51374990164004,-235.0826730360177,0.0,0.0,1.0,12.0
0.0,291.07804974375676,-305.1635490337417,0.0,0.0,1.0,12.0
0.0,256.7178603984835,-246.03332588462172,0.0,0.0,1.0,12.0
0.0,251.1680347118338,-254.296566125136,0.0,0.0,1.0,12.0
0.0,247.6459796112522,-245.19682382330507,0.0,0.0,1.0,12.0
0.0,254.52715252662915,-290.0820627480325,0.0,0.0,1.0,12.0
0.0,288.9342005877488,-329.9091796562209,0.0,0.0,1.0,12.0
0.0,278.835381738008,-257.8198512508102,0.0,0.0,1.0,12.0
0.0,243.39995348839875,-259.2966478223443,0.0,0.0,1.0,12.0
0.0,256.1910255592129,-252.37485554070236,0.0,0.0,1.0,12.0
0.0,268.012596677783,-261.2205311023961,0.0,0.0,1.0,12.0
0.0,255.5895600191784,-241.3063895786163,0.0,0.0,1.0,12.0
0.0,258.69801923260684,-270.2365752350813,0.0,0.0,1.0,12.0
0.0,249.77558042233113,-243.44064944726233,0.0,0.0,1.0,12.0
0.0,231.6709700879619,-222.74039984973456,0.0,0.0,1.0,12.0
0.0,233.34886078734348,-264.0717901924918,0.0,0.0,1.0,12.0
0.0,275.6976368511282,-250.75807571393761,0.0,0.0,1.0,12.0
0.0,326.196788453811,-248.40115592483767,0.0,0.0,1.0,12.0
0.0,272.05203520801433,-243.4644726409715,0.0,0.0,1.0,12.0
0.0,257.5338633468489,-261.9750262816774,0.0,0.0,1.0,12.0
0.0,241.5415728603043,-261.03174812692714,0.0,0.0,1.0,12.0
0.0,258.4514207664388,-252.41694144354415,0.0,0.0,1.0,12.0
0.0,262.10494502115966,-270.6143388603159,0.0,0.0,1.0,12.0
0.0,280.9639830201145,-253.68287617529336,0.0,0.0,1.0,12.0
0.0,251.68867114486238,-273.51854731707954,0.0,0.0,1.0,12.0
0.0,244.41268824587428,-257.5823951411787,0.0,0.0,1.0,12.0
0.0,249.1842469840592,-248.22971724020476,0.0,0.0,1.0,12.0
0.0,275.3765120996966,-255.73735156063708,0.0,0.0,1.0,12.0
0.0,245.6772928218843,-257.43914667249487,0.0,0.0,1.0,12.0
0.0,242.14500290742671,-220.41904110963105,0.0,0.0,1.0,12.0
0.0,240.64879613215226,-314.402535965344,0.0,0.0,1.0,12.0
0.0,241.85034366328864,-299.0985270233077,0.0,0.0,1.0,12.0
0.0,238.04770451350942,-290.32190619059475,0.0,0.0,1.0,12.0
0.0,207.56545334528437,-331.47077412216777,0.0,0.0,1.0,12.0
0.0,227.15971066683323,-357.6313719896791,0.0,0.0,1.0,12.0
0.0,266.3854971043759,-302.4373876144707,0.0,0.0,1.0,12.0
0.0,252.25304868777175,-285.0995063543994,0.0,0.0,1.0,12.0
0.0,234.20003714518543,-340.54660020899246,0.0,0.0,1.0,12.0
0.0,249.90218937807117,-305.77357543822404,0.0,0.0,1.0,12.0
0.0,239.72954224623777,-310.38033228779227,0.0,0.0,1.0,12.0
0.0,216.55512326381563,-320.48938840635583,0.0,0.0,1.0,12.0
0.0,249.1583278015878,-311.81007100114675,0.0,0.0,1.0,12.0
0.0,226.47516521828084,-280.9790154792281,0.0,0.0,1.0,12.0
0.0,233.94403651609264,-299.7381456832768,0.0,0.0,1.0,12.0
0.0,234.91006850542226,-304.7393213173823,0.0,0.0,1.0,12.0
0.0,238.06385683830717,-292.6960811014917,0.0,0.0,1.0,12.0
0.0,252.59615782228843,-297.91879161659404,0.0,0.0,1.0,12.0
0.0,252.36190684213943,-251.66488745928564,0.0,0.0,1.0,12.0
0.0,230.44268446002957,-286.9446046504818,0.0,0.0,1.0,12.0
0.0,250.26690495354705,-295.957040815681,0.0,0.0,1.0,12.0
0.0,242.0332217253199,-309.1929272988573,0.0,0.0,1.0,12.0
0.0,225.51042269299182,-297.0586235767353,0.0,0.0,1.0,12.0
0.0,260.32392310304635,-322.44343602607773,0.0,0.0,1.0,12.0
0.0,241.88947219197803,-298.0673010141709,0.0,0.0,1.0,12.0
0.0,215.52986413541112,-291.6952807236596,0.0,0.0,1.0,12.0
0.0,266.96966770372546,-332.70996058355377,0.0,0.0,1.0,12.0
0.0,246.04694304904933,-321.069693135742,0.0,0.0,1.0,12.0
0.0,261.2963245044507,-319.25056345879693,0.0,0.0,1.0,12.0
0.0,264.3387808457985,-308.68066466955975,0.0,0.0,1.0,12.0
0.0,257.56369966343755,-301.31726629834156,0.0,0.0,1.0,12.0
0.0,281.3154229606141,-283.1602845274672,0.0,0.0,1.0,12.0
0.0,233.4752047272009,-319.59691729675546,0.0,0.0,1.0,12.0
0.0,225.99352126996018,-294.4305778953003,0.0,0.0,1.0,12.0
0.0,240.29222595865258,-304.557155946238,0.0,0.0,1.0,12.0
0.0,254.18390315337547,-275.7328803866408,0.0,0.0,1.0,12.0
0.0,407.33434293157575,-208.44832682069114,0.0,0.0,1.0,13.0
0.0,419.8930469061279,-183.89653578882758,0.0,0.0,1.0,13.0
0.0,418.9957091553747,-194.19594061623275,0.0,0.0,1.0,13.0
0.0,410.5434640967112,-216.89769976083608,0.0,0.0,1.0,13.0
0.0,418.89860806340994,-207.05361834528867,0.0,0.0,1.0,13.0
0.0,374.4195271153051,-233.88118850809178,0.0,0.0,1.0,13.0
0.0,432.5407861311028,-221.97216436826739,0.0,0.0,1.0,13.0
0.0,439.3566112911417,-215.3687442558703,0.0,0.0,1.0,13.0
0.0,414.46192351720765,-215.03588859520846,0.0,0.0,1.0,13.0
0.0,425.79488730284265,-197.63027391062587,0.0,0.0,1.0,13.0
0.0,441.804937911038,-164.6301813234479,0.0,0.0,1.0,13.0
0.0,401.00367995256147,-198.00592565664306,0.0,0.0,1.0,13.0
0.0,403.06075362912543,-231.65395835194022,0.0,0.0,1.0,13.0
0.0,436.2004100248805,-227.6098638345079,0.0,0.0,1.0,13.0
0.0,423.32576492779026,-205.00483445858458,0.0,0.0,1.0,13.0
0.0,414.65172374528356,-196.90398882634963,0.0,0.0,1.0,13.0
0.0,394.16201831652916,-181.82183910060667,0.0,0.0,1.0,13.0
0.0,405.93806956477556,-167.1717262017994,0.0,0.0,1.0,13.0
0.0,424.36434040576887,-218.86805186595302,0.0,0.0,1.0,13.0
0.0,412.37524448355066,-198.86199890781768,0.0,0.0,1.0,13.0
0.0,417.5665122751036,-205.29128657545152,0.0,0.0,1.0,13.0
0.0,445.4434342213649,-180.79893583749868,0.0,0.0,1.0,13.0
0.0,405.7818581843617,-231.6309007819466,0.0,0.0,1.0,13.0
0.0,426.1028145196465,-216.02605462054044,0.0,0.0,1.0,13.0
0.0,393.46242922131205,-206.11371930835412,0.0,0.0,1.0,13.0
0.0,409.1414117309796,-191.21167086089326,0.0,0.0,1.0,13.0
0.0,422.48730160712785,-218.3474250940078,0.0,0.0,1.0,13.0
0.0,418.201507141654,-211.70607559760901,0.0,0.0,1.0,13.0
0.0,425.549985079997,-208.6130275699993,0.0,0.0,1.0,13.0
0.0,406.62454337420627,-205.32668652753227,0.0,0.0,1.0,13.0
0.0,435.00913987125796,-208.13702796531425,0.0,0.0,1.0,13.0
0.0,380.91469775780706,-164.81309353904862,0.0,0.0,1.0,13.0
0.0,463.72975627046503,-175.80772664708957,0.0,0.0,1.0,13.0
0.0,403.44377812229254,-218.65867840102192,0.0,0.0,1.0,13.0
0.0,398.30016297523684,-192.42221916792755,0.0,0.0,1.0,13.0
0.0,429.0996910284439,-218.75385571147308,0.0,0.0,1.0,13.0
0.0,448.50677205703096,-154.44841801435678,0.0,0.0,1.0,13.0
0.0,390.06349405742867,-190.5454908566944,0.0,0.0,1.0,13.0
0.0,406.97485100382596,-215.22160139266725,0.0,0.0,1.0,13.0
0.0,402.600335163145,-164.324415005819,0.0,0.0,1.0,13.0
0.0,390.84442720572633,-163.44980252507662,0.0,0.0,1.0,13.0
0.0,399.962731465306,-188.81830558889737,0.0,0.0,1.0,13.0
0.0,412.36551338837216,-213.95221832416814,0.0,0.0,1.0,13.0
0.0,397.25882036040593,-191.27115967604232,0.0,0.0,1.0,13.0
0.0,371.7237697151595,-208.546811254339,0.0,0.0,1.0,13.0
0.0,381.5262166690559,-165.6623756127492,0.0,0.0,1.0,13.0
0.0,410.4218193980016,-195.20985037318042,0.0,0.0,1.0,13.0
0.0,467.86089295503416,-225.95591584710678,0.0,0.0,1.0,13.0
0.0,480.41370200253436,-216.06421425740564,0.0,0.0,1.0,13.0
0.0,450.7312632022349,-194.30827526714506,0.0,0.0,1.0,13.0
0.0,482.43348674002254,-217.11546775342777,0.0,0.0,1.0,13.0
0.0,460.54753734054293,-193.24451733181627,0.0,0.0,1.0,13.0
0.0,443.71143175356565,-205.85875142138684,0.0,0.0,1.0,13.0
0.0,450.1135880705765,-208.65109114435882,0.0,0.0,1.0,13.0
0.0,469.4087553947172,-238.69717285909655,0.0,0.0,1.0,13.0
0.0,447.9039647675586,-229.05825086080745,0.0,0.0,1.0,13.0
0.0,466.8950538911713,-205.1908989602539,0.0,0.0,1.0,13.0
0.0,475.21414461118843,-215.3691050417649,0.0,0.0,1.0,13.0
0.0,452.1372093771374,-204.29645008210105,0.0,0.0,1.0,13.0
0.0,464.5113973442187,-214.1604108314657,0.0,0.0,1.0,13.0
0.0,480.9329247932724,-212.06302623783176,0.0,0.0,1.0,13.0
0.0,466.45486149702356,-214.3463993513144,0.0,0.0,1.0,13.0
0.0,472.87495901708144,-217.67306349221553,0.0,0.0,1.0,13.0
0.0,454.07566515253757,-163.42096744472224,0.0,0.0,1.0,13.0
0.0,436.093890086069,-203.84364999243007,0.0,0.0,1.0,13.0
0.0,441.39399525733324,-206.46947007484027,0.0,0.0,1.0,13.0
0.0,491.50122805842193,-176.7815208092852,0.0,0.0,1.0,13.0
0.0,472.1658558082388,-220.74378029188438,0.0,0.0,1.0,13.0
0.0,464.4722564645431,-229.18201754071788,0.0,0.0,1.0,13.0
0.0,442.09626148724055,-211.6147475002624,0.0,0.0,1.0,13.0
0.0,468.45909457204425,-226.90476548781385,0.0,0.0,1.0,13.0
0.0,456.7325216820341,-199.4025258004483,0.0,0.0,1.0,13.0
0.0,480.0047984478506,-197.88434986818447,0.0,0.0,1.0,13.0
0.0,446.5168358520318,-193.93803650705172,0.0,0.0,1.0,13.0
0.0,475.1834321074107,-225.68695517597212,0.0,0.0,1.0,13.0
0.0,475.49172455345,-209.87445229323043,0.0,0.0,1.0,13.0
0.0,451.19079523964274,-228.13152804142555,0.0,0.0,1.0,13.0
0.0,511.2150150744808,-190.90949502607418,0.0,0.0,1.0,13.0
0.0,482.6127759555252,-223.2564636975785,0.0,0.0,1.0,13.0
0.0,521.5190461753459,-182.09305745459505,0.0,0.0,1.0,13.0
0.0,523.5944593915253,-208.8170618257484,0.0,0.0,1.0,13.0
0.0,443.8045689547357,-235.06751915804443,0.0,0.0,1.0,13.0
0.0,510.38990278903407,-141.48835471899906,0.0,0.0,1.0,13.0
0.0,500.0759361026894,-179.91831172203229,0.0,0.0,1.0,13.0
0.0,522.1382161846182,-149.65354274654942,0.0,0.0,1.0,13.0
0.0,501.56671262662235,-180.09726264281062,0.0,0.0,1.0,13.0
0.0,494.70157061712484,-209.47550189168805,0.0,0.0,1.0,13.0
0.0,522.5528388594153,-172.71275906076994,0.0,0.0,1.0,13.0
0.0,509.5966540753757,-185.32388816186744,0.0,0.0,1.0,13.0
0.0,518.4550913459793,-205.5494418431158,0.0,0.0,1.0,13.0
0.0,498.81686677679704,-175.45303450248412,0.0,0.0,1.0,13.0
0.0,503.3185071511987,-154.99704206805382,0.0,0.0,1.0,13.0
0.0,524.2467749086363,-160.86299827613902,0.0,0.0,1.0,13.0
0.0,526.1759042646179,-170.0879084326366,0.0,0.0,1.0,13.0
0.0,490.16351157027657,-124.73275977366825,0.0,0.0,1.0,13.0
0.0,521.7575582645684,-136.22576516177492,0.0,0.0,1.0,13.0
0.0,517.3805763379012,-184.4631306804854,0.0,0.0,1.0,13.0
0.0,512.7835845555578,-159.1490580994182,0.0,0.0,1.0,13.0
0.0,513.9834443189125,-166.84558493529994,0.0,0.0,1.0,13.0
0.0,470.07694115156346,-152.6321441984785,0.0,0.0,1.0,13.0
0.0,526.3161710958311,-188.36703622688174,0.0,0.0,1.0,13.0
0.0,509.0731485398801,-155.3093498570131,0.0,0.0,1.0,13.0
0.0,519.8738309711766,-173.21444908094713,0.0,0.0,1.0,13.0
0.0,494.8063259311825,-173.0476169503263,0.0,0.0,1.0,13.0
0.0,506.43079591856326,-127.80118226924037,0.0,0.0,1.0,13.0
0.0,506.46017212568313,-156.85019837385585,0.0,0.0,1.0,13.0
0.0,492.900324547252,-125.20985331930774,0.0,0.0,1.0,13.0
0.0,510.7775763005359,-143.78988761802339,0.0,0.0,1.0,13.0
0.0,532.5867274134705,-176.55103783970276,0.0,0.0,1.0,13.0
0.0,506.69110516927503,-194.97094152074806,0.0,0.0,1.0,13.0
0.0,529.240408735325,-152.40581595309004,0.0,0.0,1.0,13.0
0.0,448.48991783479914,-196.55011078355074,0.0,0.0,1.0,13.0
0.0,525.3829158392114,-190.71374488588003,0.0,0.0,1.0,13.0
0.0,513.1605332137335,-177.1197469033848,0.0,0.0,1.0,13.0
0.0,482.92486395019046,-127.4626174231089,0.0,0.0,1.0,13.0
0.0,482.0889287860555,-159.5276389942244,0.0,0.0,1.0,13.0
0.0,521.3368509215868,-135.28420261652855,0.0,0.0,1.0,13.0
0.0,482.73624539156935,-133.32771534068547,0.0,0.0,1.0,13.0
0.0,503.6617824464763,-127.74005468651944,0.0,0.0,1.0,13.0
0.0,477.9748307072359,-124.73202706961001,0.0,0.0,1.0,13.0
0.0,506.8852978271341,-101.50739305256661,0.0,0.0,1.0,13.0
0.0,492.455400780261,-103.3973910929194,0.0,0.0,1.0,13.0
0.0,513.639237557687,-115.48663506826097,0.0,0.0,1.0,13.0
0.0,479.2231381342244,-99.31268437390145,0.0,0.0,1.0,13.0
0.0,506.53605466937415,-112.49254666985189,0.0,0.0,1.0,13.0
0.0,496.3565197784178,-91.85926121735292,0.0,0.0,1.0,13.0
0.0,488.21623411027167,-140.27832094874566,0.0,0.0,1.0,13.0
0.0,498.9742227991419,-100.1727141866013,0.0,0.0,1.0,13.0
0.0,504.1987507350532,-119.17496056766845,0.0,0.0,1.0,13.0
0.0,488.38082088224655,-108.92168107459497,0.0,0.0,1.0,13.0
0.0,494.88983987503093,-98.66287300362615,0.0,0.0,1.0,13.0
0.0,507.53066683619613,-66.88894629668766,0.0,0.0,1.0,13.0
0.0,507.33049711941726,-127.5765909485167,0.0,0.0,1.0,13.0
0.0,499.0861961489966,-109.69261691130487,0.0,0.0,1.0,13.0
0.0,471.234278859617,-143.61249386437498,0.0,0.0,1.0,13.0
0.0,531.3520213190036,-119.3099896381068,0.0,0.0,1.0,13.0
0.0,467.925045673275,-138.55380090340986,0.0,0.0,1.0,13.0
0.0,521.5267294826806,-116.22301208319823,0.0,0.0,1.0,13.0
0.0,519.4871040065586,-107.19374733041877,0.0,0.0,1.0,13.0
0.0,516.243644278876,-150.62503156588127,0.0,0.0,1.0,13.0
0.0,507.0795272065618,-104.99471852920828,0.0,0.0,1.0,13.0
0.0,494.2066825732461,-121.85209078526464,0.0,0.0,1.0,13.0
0.0,500.2897327515675,-106.01304260601523,0.0,0.0,1.0,13.0
0.0,512.3496844092074,-127.55590097193044,0.0,0.0,1.0,13.0
0.0,521.7495308047166,-103.93853264025392,0.0,0.0,1.0,13.0
0.0,495.5341754388937,-48.714846927593044,0.0,0.0,1.0,13.0
0.0,473.21655367002995,-61.50815799302177,0.0,0.0,1.0,13.0
0.0,480.9893698740341,-56.49068441389454,0.0,0.0,1.0,13.0
0.0,453.6438789638362,-93.44381080206085,0.0,0.0,1.0,13.0
0.0,472.2476798118796,-83.80816841614092,0.0,0.0,1.0,13.0
0.0,468.53440138046017,-74.50395175708013,0.0,0.0,1.0,13.0
0.0,478.6699927298778,-74.58919716385844,0.0,0.0,1.0,13.0
0.0,460.8703414408351,-91.39137570635535,0.0,0.0,1.0,13.0
0.0,461.10196169732217,-49.51270262916614,0.0,0.0,1.0,13.0
0.0,456.18790057154615,-50.86671340976113,0.0,0.0,1.0,13.0
0.0,492.1308767257915,-51.95873618936707,0.0,0.0,1.0,13.0
0.0,477.38055419679085,-90.4815690078592,0.0,0.0,1.0,13.0
0.0,468.57531817374866,-93.83423337735144,0.0,0.0,1.0,13.0
0.0,462.16090399668406,-63.99085718542142,0.0,0.0,1.0,13.0
0.0,486.26517985486043,-66.73426979024453,0.0,0.0,1.0,13.0
0.0,470.37365465425637,-104.61663984306938,0.0,0.0,1.0,13.0
0.0,463.38813459342873,-64.68283352767799,0.0,0.0,1.0,13.0
0.0,486.7125191511452,-96.38543644163701,0.0,0.0,1.0,13.0
0.0,439.1802375318489,-43.67608557881999,0.0,0.0,1.0,13.0
0.0,474.039455544043,-82.74701905750476,0.0,0.0,1.0,13.0
0.0,426.7075052936109,-39.65563863954435,0.0,0.0,1.0,13.0
0.0,474.95346873861695,-113.5275831625629,0.0,0.0,1.0,13.0
0.0,484.99983270417965,-130.45983941494205,0.0,0.0,1.0,13.0
0.0,466.04520760586956,-70.7150353640252,0.0,0.0,1.0,13.0
0.0,478.54320612267475,-83.93982378543114,0.0,0.0,1.0,13.0
0.0,420.03047732147115,-90.51413996035558,0.0,0.0,1.0,13.0
0.0,397.6184089567703,-90.8399008560998,0.0,0.0,1.0,13.0
0.0,395.1606070994335,-65.52429432549093,0.0,0.0,1.0,13.0
0.0,400.0923865488903,-93.87085792982361,0.0,0.0,1.0,13.0
0.0,451.14648323001757,-85.7269169860856,0.0,0.0,1.0,13.0
0.0,456.6277474346689,-86.27838816455142,0.0,0.0,1.0,13.0
0.0,387.1618546167815,-57.3648505028948,0.0,0.0,1.0,13.0
0.0,419.10205457556503,-71.78827843070349,0.0,0.0,1.0,13.0
0.0,418.3503221688122,-84.17080946866486,0.0,0.0,1.0,13.0
0.0,400.3911289213356,-74.32427136114711,0.0,0.0,1.0,13.0
0.0,388.55955655037246,-62.97812679205322,0.0,0.0,1.0,13.0
0.0,408.39349760032974,-65.616837542354,0.0,0.0,1.0,13.0
0.0,423.3025539499647,-74.28758393169755,0.0,0.0,1.0,13.0
0.0,434.3195344377041,-83.58937172324954,0.0,0.0,1.0,13.0
0.0,435.58977106883185,-72.03995724171682,0.0,0.0,1.0,13.0
0.0,381.31372613785425,-83.69640188378185,0.0,0.0,1.0,13.0
0.0,447.12092839440015,-87.22690744469446,0.0,0.0,1.0,13.0
0.0,420.32999014104394,-124.48433580787287,0.0,0.0,1.0,13.0
0.0,420.2971243648208,-60.318316654322416,0.0,0.0,1.0,13.0
0.0,422.22784662248296,-78.40001214336417,0.0,0.0,1.0,13.0
0.0,426.746424668004,-45.720768863080366,0.0,0.0,1.0,13.0
0.0,381.9492855327926,-112.80637953352789,0.0,0.0,1.0,13.0
0.0,430.25564762377485,-75.57433333578865,0.0,0.0,1.0,13.0
0.0,429.2220381626885,-81.0834614694229,0.0,0.0,1.0,13.0
0.0,409.7582136985118,-85.3520792125596,0.0,0.0,1.0,13.0
0.0,391.57217471518516,-64.15579871257091,0.0,0.0,1.0,13.0
0.0,405.46012001966096,-83.16040976580507,0.0,0.0,1.0,13.0
0.0,408.41581355563085,-68.50382329124704,0.0,0.0,1.0,13.0
0.0,417.3528790589244,-70.96638897055982,0.0,0.0,1.0,13.0
0.0,410.1957060813959,-66.11129622031513,0.0,0.0,1.0,13.0
0.0,428.87266047407434,-69.12643122117538,0.0,0.0,1.0,13.0
0.0,419.97522294184455,-53.73538374897953,0.0,0.0,1.0,13.0
0.0,409.1697840862805,-87.73208884977703,0.0,0.0,1.0,13.0
0.0,392.5741898989347,-87.82316859936327,0.0,0.0,1.0,13.0
0.0,364.24080606794087,-121.84266243592674,0.0,0.0,1.0,13.0
0.0,366.12237681931583,-103.97026738594309,0.0,0.0,1.0,13.0
0.0,378.7945893508622,-121.36760148530925,0.0,0.0,1.0,13.0
0.0,389.0820005091257,-156.97786906062083,0.0,0.0,1.0,13.0
0.0,354.57442446008054,-104.51970230118354,0.0,0.0,1.0,13.0
0.0,449.6552094363308,-111.12587099331586,0.0,0.0,1.0,13.0
0.0,376.8185255685248,-97.54542870362343,0.0,0.0,1.0,13.0
0.0,370.34166699423804,-106.9067056728179,0.0,0.0,1.0,13.0
0.0,375.44805800450695,-119.85502687425333,0.0,0.0,1.0,13.0
0.0,375.16441531997384,-127.28870579168097,0.0,0.0,1.0,13.0
0.0,376.9699856332297,-118.5108575976642,0.0,0.0,1.0,13.0
0.0,373.59146009994197,-112.68691352340056,0.0,0.0,1.0,13.0
0.0,374.6436952696399,-123.53440893416018,0.0,0.0,1.0,13.0
0.0,412.7760339986494,-136.35694570318879,0.0,0.0,1.0,13.0
0.0,380.55157080091976,-134.61267688240855,0.0,0.0,1.0,13.0
0.0,377.1684926782766,-95.02674304432139,0.0,0.0,1.0,13.0
0.0,400.9018660968695,-167.66955546233226,0.0,0.0,1.0,13.0
0.0,384.33646166333847,-109.99716745466503,0.0,0.0,1.0,13.0
0.0,396.7099226872956,-152.06625006297418,0.0,0.0,1.0,13.0
0.0,376.63953574392826,-110.16542647173401,0.0,0.0,1.0,13.0
0.0,378.2071531798092,-102.7096684097155,0.0,0.0,1.0,13.0
0.0,410.56884309855377,-166.78660898803219,0.0,0.0,1.0,13.0
0.0,537.6736394038905,320.30238578667945,0.0,0.0,1.0,14.0
0.0,518.0672555564465,304.66001022832916,0.0,0.0,1.0,14.0
0.0,522.5756857585261,342.5752215028631,0.0,0.0,1.0,14.0
0.0,525.1677451740206,333.8803680503456,0.0,0.0,1.0,14.0
0.0,549.967507917604,326.721296968293,0.0,0.0,1.0,14.0
0.0,526.56330509491,319.0119671735579,0.0,0.0,1.0,14.0
0.0,533.0848051147841,284.12636609782317,0.0,0.0,1.0,14.0
0.0,520.7470295189742,331.245265288602,0.0,0.0,1.0,14.0
0.0,523.1240696210234,320.1352933083608,0.0,0.0,1.0,14.0
0.0,524.9205731139241,320.0798640726241,0.0,0.0,1.0,14.0
0.0,515.1516010917435,344.8341683861986,0.0,0.0,1.0,14.0
0.0,577.2666707574585,323.3089441155555,0.0,0.0,1.0,14.0
0.0,525.7171327341007,328.2797184181843,0.0,0.0,1.0,14.0
0.0,515.1354148618639,335.1328404480264,0.0,0.0,1.0,14.0
0.0,522.66217160532,320.70072992815267,0.0,0.0,1.0,14.0
0.0,501.2618565208302,292.84069998930454,0.0,0.0,1.0,14.0
0.0,510.03430410380497,291.0526772763185,0.0,0.0,1.0,14.0
0.0,527.4432334856074,345.20509478659005,0.0,0.0,1.0,14.0
0.0,529.9724415154233,324.6525235715196,0.0,0.0,1.0,14.0
0.0,533.1712025917509,337.16340272404886,0.0,0.0,1.0,14.0
0.0,538.0656623792572,343.47471759102245,0.0,0.0,1.0,14.0
0.0,524.9554656592102,324.57300326753057,0.0,0.0,1.0,14.0
0.0,507.30332060754563,308.79609882648856,0.0,0.0,1.0,14.0
0.0,513.9067548606586,320.17792830135477,0.0,0.0,1.0,14.0
0.0,518.9848066479237,322.6487935433652,0.0,0.0,1.0,14.0
0.0,519.6148623303336,301.99650168371545,0.0,0.0,1.0,14.0
0.0,516.2153688087224,331.5235978161006,0.0,0.0,1.0,14.0
0.0,525.740355445897,326.3990935031816,0.0,0.0,1.0,14.0
0.0,539.1129289127421,357.23999277315556,0.0,0.0,1.0,14.0
0.0,526.8790030052269,317.3941682867385,0.0,0.0,1.0,14.0
0.0,475.93178774797025,315.9692069142493,0.0,0.0,1.0,14.0
0.0,480.0397505254259,306.6893152966013,0.0,0.0,1.0,14.0
0.0,481.22276693823983,291.76488810379556,0.0,0.0,1.0,14.0
0.0,496.7777091081948,302.29944140544444,0.0,0.0,1.0,14.0
0.0,540.319511186633,298.52548740937254,0.0,0.0,1.0,14.0
0.0,523.8467337561597,319.7898767428567,0.0,0.0,1.0,14.0
0.0,489.22526386107074,299.76409176847073,0.0,0.0,1.0,14.0
0.0,492.0693312292524,275.25893731076076,0.0,0.0,1.0,14.0
0.0,482.85296741163074,311.07195197374926,0.0,0.0,1.0,14.0
0.0,515.8709687497362,312.14244698376956,0.0,0.0,1.0,14.0
0.0,456.54193918237684,316.6869667414453,0.0,0.0,1.0,14.0
0.0,468.96659668330085,314.1213751171558,0.0,0.0,1.0,14.0
0.0,475.3307773444444,299.56459769158437,0.0,0.0,1.0,14.0
0.0,516.5724759532982,299.1876699651425,0.0,0.0,1.0,14.0
0.0,486.0311056514786,273.4101655574075,0.0,0.0,1.0,14.0
0.0,523.6899561153837,308.9055608465585,0.0,0.0,1.0,14.0
0.0,480.73831497648416,306.49866727458107,0.0,0.0,1.0,14.0
0.0,504.0514285223521,318.33800908579224,0.0,0.0,1.0,14.0
0.0,478.8377984426363,295.69793015370055,0.0,0.0,1.0,14.0
0.0,457.9496758128789,318.4278477122807,0.0,0.0,1.0,14.0
0.0,515.6617854534152,323.9940749576149,0.0,0.0,1.0,14.0
0.0,497.8155015656914,296.6169190512478,0.0,0.0,1.0,14.0
0.0,497.0151872566332,292.8600265123737,0.0,0.0,1.0,14.0
0.0,517.5814628681653,305.5192015195398,0.0,0.0,1.0,14.0
0.0,486.65382405675564,331.95282583542917,0.0,0.0,1.0,14.0
0.0,501.93758058634467,303.25752645138846,0.0,0.0,1.0,14.0
0.0,494.0935585489001,282.1709591180156,0.0,0.0,1.0,14.0
0.0,509.74865603070066,322.9387413639222,0.0,0.0,1.0,14.0
0.0,505.41270726028233,297.717720349151,0.0,0.0,1.0,14.0
0.0,518.9027840822487,302.4850543674338,0.0,0.0,1.0,14.0
0.0,500.6504614531327,287.8116988527993,0.0,0.0,1.0,14.0
0.0,481.2440143871877,299.9330917871673,0.0,0.0,1.0,14.0
0.0,487.78537261411975,294.3522379890194,0.0,0.0,1.0,14.0
0.0,465.7346097590171,228.34082275377864,0.0,0.0,1.0,14.0
0.0,500.29533391961036,256.5419069909542,0.0,0.0,1.0,14.0
0.0,482.8508960271481,269.36914917915965,0.0,0.0,1.0,14.0
0.0,469.19545294003046,288.6579473171387,0.0,0.0,1.0,14.0
0.0,468.32781918143155,263.3382347936215,0.0,0.0,1.0,14.0
0.0,474.2981069064858,263.60437600064165,0.0,0.0,1.0,14.0
0.0,483.18864031834187,268.54757656931884,0.0,0.0,1.0,14.0
0.0,472.28906610251215,271.5115019336133,0.0,0.0,1.0,14.0
0.0,526.1807063886222,228.39040487547027,0.0,0.0,1.0,14.0
0.0,509.95673767456356,288.43832026425775,0.0,0.0,1.0,14.0
0.0,473.2486654626798,236.3846408526215,0.0,0.0,1.0,14.0
0.0,451.8219896881667,245.76770902332441,0.0,0.0,1.0,14.0
0.0,465.0898486439885,261.51688438094675,0.0,0.0,1.0,14.0
0.0,479.2200260695704,277.70937586443574,0.0,0.0,1.0,14.0
0.0,473.3343728717323,272.9165918871454,0.0,0.0,1.0,14.0
0.0,470.5265078206173,240.18737314960185,0.0,0.0,1.0,14.0
0.0,457.9061584931803,252.49357408488504,0.0,0.0,1.0,14.0
0.0,465.00874196939685,261.7596674692468,0.0,0.0,1.0,14.0
0.0,465.5497012083363,270.26006728605034,0.0,0.0,1.0,14.0
0.0,461.064943790044,284.4619912338494,0.0,0.0,1.0,14.0
0.0,488.3503779104433,263.8750936068527,0.0,0.0,1.0,14.0
0.0,499.78705913372664,216.86620582165847,0.0,0.0,1.0,14.0
0.0,473.5308162581125,281.09391913041463,0.0,0.0,1.0,14.0
0.0,473.92780258692505,247.11441354278986,0.0,0.0,1.0,14.0
0.0,492.52221792664704,267.60535623625947,0.0,0.0,1.0,14.0
0.0,495.486880133913,247.71393226182204,0.0,0.0,1.0,14.0
0.0,463.284349680732,263.2830741528628,0.0,0.0,1.0,14.0
0.0,484.9355658263057,274.10153422638723,0.0,0.0,1.0,14.0
0.0,578.9611205105723,204.37340546023302,0.0,0.0,1.0,14.0
0.0,589.2265651809375,227.86030354925606,0.0,0.0,1.0,14.0
0.0,505.7842045293696,241.3844501338399,0.0,0.0,1.0,14.0
0.0,565.9630695560286,224.24831173305756,0.0,0.0,1.0,14.0
0.0,511.1204611077751,264.9994352262763,0.0,0.0,1.0,14.0
0.0,576.6514288183748,214.92422096302562,0.0,0.0,1.0,14.0
0.0,583.8840024784795,217.89414311809537,0.0,0.0,1.0,14.0
0.0,506.2915557392996,245.00569178848173,0.0,0.0,1.0,14.0
0.0,591.7269673904771,187.09268002194653,0.0,0.0,1.0,14.0
0.0,576.5227955882037,227.408584815925,0.0,0.0,1.0,14.0
0.0,592.6594733941183,214.93210882213043,0.0,0.0,1.0,14.0
0.0,576.8625884461112,218.09585181098373,0.0,0.0,1.0,14.0
0.0,577.6455342481072,231.49614242819075,0.0,0.0,1.0,14.0
0.0,498.33855624710213,231.9542175496656,0.0,0.0,1.0,14.0
0.0,524.9816657818433,248.13145533638317,0.0,0.0,1.0,14.0
0.0,559.1002210442134,232.36145206018864,0.0,0.0,1.0,14.0
0.0,594.8878430849777,267.8454695405319,0.0,0.0,1.0,14.0
0.0,576.3783992248225,215.00283853073893,0.0,0.0,1.0,14.0
0.0,602.3321354955106,218.02393968669298,0.0,0.0,1.0,14.0
0.0,540.082438225907,242.98021646897018,0.0,0.0,1.0,14.0
0.0,565.8317036673845,203.4985911104045,0.0,0.0,1.0,14.0
0.0,591.774777122746,206.21904971882395,0.0,0.0,1.0,14.0
0.0,582.0854371152927,200.07121312350182,0.0,0.0,1.0,14.0
0.0,587.4138598996537,205.57706328692439,0.0,0.0,1.0,14.0
0.0,516.0096113219272,258.7982353677962,0.0,0.0,1.0,14.0
0.0,566.1272556348117,194.9649898081891,0.0,0.0,1.0,14.0
0.0,588.8327891412787,214.79845100148214,0.0,0.0,1.0,14.0
0.0,586.6425279827718,203.8381974001677,0.0,0.0,1.0,14.0
0.0,583.8920668588671,218.49894156373693,0.0,0.0,1.0,14.0
0.0,579.3555499253248,222.12023005204742,0.0,0.0,1.0,14.0
0.0,606.425891564365,287.2468304161764,0.0,0.0,1.0,14.0
0.0,533.9218168645912,256.7482277998556,0.0,0.0,1.0,14.0
0.0,591.1841534375235,272.65713650428324,0.0,0.0,1.0,14.0
0.0,601.7427803524556,259.2858061358638,0.0,0.0,1.0,14.0
0.0,616.9299754971325,274.72626039039073,0.0,0.0,1.0,14.0
0.0,596.2314795379539,250.2039309321367,0.0,0.0,1.0,14.0
0.0,573.8798198651771,302.9251265385294,0.0,0.0,1.0,14.0
0.0,604.2118539063301,285.6970485115721,0.0,0.0,1.0,14.0
0.0,593.1640791246177,280.25602114881895,0.0,0.0,1.0,14.0
0.0,580.9615567801206,250.23021982837736,0.0,0.0,1.0,14.0
0.0,610.6336643921477,274.1965338254993,0.0,0.0,1.0,14.0
0.0,606.9420962537674,259.0066873252995,0.0,0.0,1.0,14.0
0.0,596.0493991566179,265.72574985103756,0.0,0.0,1.0,14.0
0.0,557.6793293818555,323.82959085109496,0.0,0.0,1.0,14.0
0.0,587.769657554866,327.0174913406679,0.0,0.0,1.0,14.0
0.0,566.1758574759124,280.65295036691555,0.0,0.0,1.0,14.0
0.0,564.2784975808831,307.82738287031384,0.0,0.0,1.0,14.0
0.0,570.5936893190469,326.25115371867423,0.0,0.0,1.0,14.0
0.0,564.4912798861251,286.07946709914995,0.0,0.0,1.0,14.0
0.0,593.9682422773242,298.14049849296725,0.0,0.0,1.0,14.0
0.0,560.6749655639173,294.68130604254384,0.0,0.0,1.0,14.0
0.0,566.8881026994857,307.51981427587134,0.0,0.0,1.0,14.0
0.0,566.9625356132021,323.0840718328052,0.0,0.0,1.0,14.0
0.0,567.7629979136871,289.1358874396019,0.0,0.0,1.0,14.0
0.0,585.7177012944273,291.8314942905158,0.0,0.0,1.0,14.0
0.0,583.5733075941107,281.46951238720567,0.0,0.0,1.0,14.0
0.0,552.0366424532253,327.40284304385864,0.0,0.0,1.0,14.0
0.0,556.5008635824611,320.59366694794153,0.0,0.0,1.0,14.0
0.0,583.6826304094925,308.0447130837438,0.0,0.0,1.0,14.0
0.0,558.913380875465,300.43633492950426,0.0,0.0,1.0,14.0
0.0,580.4098533961917,305.2198175750848,0.0,0.0,1.0,14.0
0.0,563.5025546470265,290.66470874127526,0.0,0.0,1.0,14.0
0.0,585.442727766178,321.5084064184166,0.0,0.0,1.0,14.0
0.0,595.1378464417539,307.77713966255055,0.0,0.0,1.0,14.0
0.0,557.323062826244,328.6768423233177,0.0,0.0,1.0,14.0
0.0,569.6053255586314,292.9355652729819,0.0,0.0,1.0,14.0
0.0,574.1343332412173,329.0552643042604,0.0,0.0,1.0,14.0
0.0,593.1080642658285,332.2619288947817,0.0,0.0,1.0,14.0
0.0,591.5200177873876,311.18590719820645,0.0,0.0,1.0,14.0
0.0,585.8988803125437,319.4809396845228,0.0,0.0,1.0,14.0
0.0,588.464614930775,305.9546440319841,0.0,0.0,1.0,14.0
0.0,594.0205335750529,326.3271170812425,0.0,0.0,1.0,14.0
0.0,563.4430866904258,318.1305828180207,0.0,0.0,1.0,14.0
0.0,577.0322570253547,303.90881472915316,0.0,0.0,1.0,14.0
0.0,593.266203759284,309.38801358556384,0.0,0.0,1.0,14.0
0.0,585.2719104200842,283.8569667465099,0.0,0.0,1.0,14.0
0.0,601.7981799108663,307.8084558837227,0.0,0.0,1.0,14.0
0.0,566.1998574083927,315.8219107937848,0.0,0.0,1.0,14.0
0.0,563.88123666298,312.687210789107,0.0,0.0,1.0,14.0
0.0,561.0480897559924,323.62416769075594,0.0,0.0,1.0,14.0
0.0,574.6327024335262,321.80168733902497,0.0,0.0,1.0,14.0
0.0,549.2190602318508,311.12679946590265,0.0,0.0,1.0,14.0
0.0,553.1320858367662,314.9618567963778,0.0,0.0,1.0,14.0
0.0,589.8335800233169,297.3627740953357,0.0,0.0,1.0,14.0
0.0,582.9903340779849,302.2972078337675,0.0,0.0,1.0,14.0
0.0,581.9423802719239,290.3644897870604,0.0,0.0,1.0,14.0
0.0,557.5710586233686,301.143923665383,0.0,0.0,1.0,14.0
0.0,570.3451925162185,328.7633367926287,0.0,0.0,1.0,14.0
0.0,570.076171183322,299.0055528430221,0.0,0.0,1.0,14.0
0.0,550.1428861383222,303.45378465547424,0.0,0.0,1.0,14.0
0.0,592.3188759982122,325.6848827157012,0.0,0.0,1.0,14.0
0.0,568.3314726703879,316.4474890731917,0.0,0.0,1.0,14.0
0.0,585.2239526800236,302.2434337800805,0.0,0.0,1.0,14.0
0.0,593.2864158792845,277.61581330348076,0.0,0.0,1.0,14.0
0.0,243.8064154613876,639.6268863345679,0.0,0.0,1.0,15.0
0.0,228.81735120315602,621.923396646745,0.0,0.0,1.0,15.0
0.0,231.15458545730553,641.7127857233245,0.0,0.0,1.0,15.0
0.0,273.7290662028047,613.7639911551519,0.0,0.0,1.0,15.0
0.0,255.347119299297,634.312877971154,0.0,0.0,1.0,15.0
0.0,216.74314822103634,623.7994781462048,0.0,0.0,1.0,15.0
0.0,226.15093464661322,644.3513723824917,0.0,0.0,1.0,15.0
0.0,249.85188339434444,614.4218014897808,0.0,0.0,1.0,15.0
0.0,245.99623834809677,641.2225106187125,0.0,0.0,1.0,15.0
0.0,247.26755155787578,629.7602203180425,0.0,0.0,1.0,15.0
0.0,222.1086286424238,617.0072069938237,0.0,0.0,1.0,15.0
0.0,230.0922734766209,631.7088292845683,0.0,0.0,1.0,15.0
0.0,223.8948017075129,649.7738046970592,0.0,0.0,1.0,15.0
0.0,229.6061224700902,613.4640398337024,0.0,0.0,1.0,15.0
0.0,278.8369382563403,573.6871679442561,0.0,0.0,1.0,15.0
0.0,228.71489331629596,636.910427215452,0.0,0.0,1.0,15.0
0.0,244.88806678059882,624.3264731433637,0.0,0.0,1.0,15.0
0.0,216.78586391946192,630.9998123752262,0.0,0.0,1.0,15.0
0.0,210.0775952696199,634.4132514719422,0.0,0.0,1.0,15.0
0.0,227.94092576621233,641.7932789229462,0.0,0.0,1.0,15.0
0.0,233.47324498370335,650.9697308922532,0.0,0.0,1.0,15.0
0.0,289.2553241580815,605.6368599083592,0.0,0.0,1.0,15.0
0.0,245.09931522978513,638.8790585673523,0.0,0.0,1.0,15.0
0.0,234.77500246269483,636.2137518171219,0.0,0.0,1.0,15.0
0.0,240.98706384186062,622.8607769010623,0.0,0.0,1.0,15.0
0.0,218.98803512389486,633.3233858564713,0.0,0.0,1.0,15.0
0.0,221.13078174771726,637.9929237824906,0.0,0.0,1.0,15.0
0.0,207.78912683891122,626.983763478836,0.0,0.0,1.0,15.0
0.0,267.7434538296536,630.9879345169761,0.0,0.0,1.0,15.0
0.0,256.79393386671745,629.0279495281661,0.0,0.0,1.0,15.0
0.0,227.29954307020057,635.1966938054652,0.0,0.0,1.0,15.0
0.0,230.26104874999305,628.7370090835566,0.0,0.0,1.0,15.0
0.0,195.4117123980409,574.8766118386982,0.0,0.0,1.0,15.0
0.0,206.12947145684757,625.3056547005713,0.0,0.0,1.0,15.0
0.0,228.55524162119877,607.7190271187669,0.0,0.0,1.0,15.0
0.0,238.17799506061283,650.1065172926078,0.0,0.0,1.0,15.0
0.0,197.6525299509708,634.798947868436,0.0,0.0,1.0,15.0
0.0,173.94284688784,569.7547049505324,0.0,0.0,1.0,15.0
0.0,182.19499345554118,597.2927219031612,0.0,0.0,1.0,15.0
0.0,193.71492976587683,559.3066106336707,0.0,0.0,1.0,15.0
0.0,182.3939211025097,600.8281287382056,0.0,0.0,1.0,15.0
0.0,187.11530730419145,527.6410651744466,0.0,0.0,1.0,15.0
0.0,189.64915112347285,587.5066780863006,0.0,0.0,1.0,15.0
0.0,211.67814628031033,589.7644539208559,0.0,0.0,1.0,15.0
0.0,202.1738550797918,566.2571611850549,0.0,0.0,1.0,15.0
0.0,200.71201598886455,603.540306977623,0.0,0.0,1.0,15.0
0.0,178.68015321865437,582.0561011032119,0.0,0.0,1.0,15.0
0.0,205.5514722872531,598.8996080558029,0.0,0.0,1.0,15.0
0.0,184.7409151489694,590.0679999780489,0.0,0.0,1.0,15.0
0.0,209.28158638846844,592.6297614619416,0.0,0.0,1.0,15.0
0.0,182.5119192784989,605.9756780717546,0.0,0.0,1.0,15.0
0.0,193.34496335689892,577.7378444385549,0.0,0.0,1.0,15.0
0.0,198.57036568513422,620.1871091038515,0.0,0.0,1.0,15.0
0.0,211.51681745772134,582.1263859379362,0.0,0.0,1.0,15.0
0.0,210.8871284943441,581.8619091639694,0.0,0.0,1.0,15.0
0.0,189.8275482261265,577.7835347950679,0.0,0.0,1.0,15.0
0.0,180.27543106863504,583.0746446656419,0.0,0.0,1.0,15.0
0.0,211.62403529025778,588.8867525567632,0.0,0.0,1.0,15.0
0.0,163.50394609444334,564.5610728373483,0.0,0.0,1.0,15.0
0.0,209.53751865732124,600.7855272893871,0.0,0.0,1.0,15.0
0.0,202.48244640332928,576.0101684151132,0.0,0.0,1.0,15.0
0.0,183.83808519460854,580.3584972567783,0.0,0.0,1.0,15.0
0.0,197.89362556476317,566.6204961254853,0.0,0.0,1.0,15.0
0.0,196.52486502604984,585.3927955472584,0.0,0.0,1.0,15.0
0.0,192.35074363826607,573.8284423795114,0.0,0.0,1.0,15.0
0.0,203.76230132556975,578.9435851080641,0.0,0.0,1.0,15.0
0.0,217.7861173747158,518.4869031812882,0.0,0.0,1.0,15.0
0.0,225.0451230510621,510.5949260934267,0.0,0.0,1.0,15.0
0.0,186.22100845347245,514.1050880108855,0.0,0.0,1.0,15.0
0.0,170.35995920476216,530.4014604453164,0.0,0.0,1.0,15.0
0.0,272.0401363994208,495.7067111751287,0.0,0.0,1.0,15.0
0.0,239.64250282021248,491.2403391839166,0.0,0.0,1.0,15.0
0.0,189.0458632786333,524.772557337998,0.0,0.0,1.0,15.0
0.0,185.92515842369926,516.0898314126432,0.0,0.0,1.0,15.0
0.0,182.27842748459398,518.5840922010157,0.0,0.0,1.0,15.0
0.0,203.36665465101305,526.7761376104797,0.0,0.0,1.0,15.0
0.0,185.53943086606978,526.3018632167536,0.0,0.0,1.0,15.0
0.0,195.67941130777626,508.4757277335666,0.0,0.0,1.0,15.0
0.0,219.9460542615077,530.0509604027043,0.0,0.0,1.0,15.0
0.0,182.11530306950613,519.4308776197811,0.0,0.0,1.0,15.0
0.0,219.63511346870223,515.0189889616408,0.0,0.0,1.0,15.0
0.0,268.5334826230669,499.6694177340589,0.0,0.0,1.0,15.0
0.0,274.0110072355353,511.7990345524304,0.0,0.0,1.0,15.0
0.0,254.13121563345953,503.45481212971345,0.0,0.0,1.0,15.0
0.0,199.33314893942588,562.6857224564908,0.0,0.0,1.0,15.0
0.0,211.8484979805089,518.2976314734915,0.0,0.0,1.0,15.0
0.0,197.1756757995795,521.365950382853,0.0,0.0,1.0,15.0
0.0,195.98539764031852,528.5003992061354,0.0,0.0,1.0,15.0
0.0,216.72683144934012,547.8903971228542,0.0,0.0,1.0,15.0
0.0,206.9494225428507,518.9306888368678,0.0,0.0,1.0,15.0
0.0,201.06705884869325,499.0202584223405,0.0,0.0,1.0,15.0
0.0,221.09615229845053,535.3418073725622,0.0,0.0,1.0,15.0
0.0,189.458102502575,490.92375732445703,0.0,0.0,1.0,15.0
0.0,243.1405815014366,549.205167004736,0.0,0.0,1.0,15.0
0.0,186.7456385352857,516.2836703740008,0.0,0.0,1.0,15.0
0.0,218.3735559683712,505.6330596073269,0.0,0.0,1.0,15.0
0.0,199.59644425761803,544.5263620641522,0.0,0.0,1.0,15.0
0.0,219.34314800961374,531.1952170474576,0.0,0.0,1.0,15.0
0.0,196.97854118508667,534.8552734197551,0.0,0.0,1.0,15.0
0.0,211.209370123481,517.2029721622498,0.0,0.0,1.0,15.0
0.0,202.11528278167316,537.1399497644093,0.0,0.0,1.0,15.0
0.0,300.4988736631558,477.54708506300335,0.0,0.0,1.0,15.0
0.0,324.13848867234765,510.97122237110943,0.0,0.0,1.0,15.0
0.0,316.45008582193464,509.65332978835636,0.0,0.0,1.0,15.0
0.0,349.7696756167686,488.79056435785924,0.0,0.0,1.0,15.0
0.0,350.5788086090233,492.3780227560467,0.0,0.0,1.0,15.0
0.0,333.2064638718564,516.9814994937087,0.0,0.0,1.0,15.0
0.0,234.43838612231502,484.3844830552075,0.0,0.0,1.0,15.0
0.0,301.4912247963664,491.1079838583512,0.0,0.0,1.0,15.0
0.0,311.6480704665464,470.6864781678637,0.0,0.0,1.0,15.0
0.0,298.8705292061318,492.6626807128414,0.0,0.0,1.0,15.0
0.0,312.3118931902136,483.12657851287713,0.0,0.0,1.0,15.0
0.0,313.91484630841273,460.4786719270278,0.0,0.0,1.0,15.0
0.0,316.65573199462915,496.7105259889586,0.0,0.0,1.0,15.0
0.0,353.2318001232936,493.3033472790182,0.0,0.0,1.0,15.0
0.0,328.44956650432005,504.61721231633237,0.0,0.0,1.0,15.0
0.0,298.74618572659415,501.34722938523396,0.0,0.0,1.0,15.0
0.0,311.58088996202514,461.29970096193006,0.0,0.0,1.0,15.0
0.0,331.94642690293017,490.28250385073693,0.0,0.0,1.0,15.0
0.0,236.4090082330065,555.5196888169635,0.0,0.0,1.0,15.0
0.0,296.3327564675451,461.0878775882002,0.0,0.0,1.0,15.0
0.0,328.2654463876088,507.15234436143874,0.0,0.0,1.0,15.0
0.0,339.82302089604696,495.56842982738567,0.0,0.0,1.0,15.0
0.0,349.8092128075177,537.3247145197574,0.0,0.0,1.0,15.0
0.0,361.2188954100038,502.45677186554485,0.0,0.0,1.0,15.0
0.0,338.6473254319044,548.1826597387453,0.0,0.0,1.0,15.0
0.0,355.96120200948167,521.1321612735378,0.0,0.0,1.0,15.0
0.0,354.1534327801512,531.4107420163116,0.0,0.0,1.0,15.0
0.0,362.67425141316426,530.5260917563676,0.0,0.0,1.0,15.0
0.0,322.4700007730921,566.5964991292881,0.0,0.0,1.0,15.0
0.0,363.1605132560917,532.9875354010637,0.0,0.0,1.0,15.0
0.0,363.9231720692478,561.5124529333234,0.0,0.0,1.0,15.0
0.0,346.0502223730041,554.4021856820973,0.0,0.0,1.0,15.0
0.0,367.59188568858053,550.9765935648284,0.0,0.0,1.0,15.0
0.0,348.30671862749114,525.7494603613081,0.0,0.0,1.0,15.0
0.0,347.77412041812704,541.3987375020679,0.0,0.0,1.0,15.0
0.0,348.49069367553557,545.0003719985932,0.0,0.0,1.0,15.0
0.0,332.6152179672815,536.5346091484068,0.0,0.0,1.0,15.0
0.0,368.01937493146215,530.7574390983696,0.0,0.0,1.0,15.0
0.0,356.0120955883185,569.0741638980626,0.0,0.0,1.0,15.0
0.0,370.31827982065147,553.749369983821,0.0,0.0,1.0,15.0
0.0,376.09694075735956,534.9238719804946,0.0,0.0,1.0,15.0
0.0,353.5620412995106,565.2068431755442,0.0,0.0,1.0,15.0
0.0,373.2374171867573,516.3613003442001,0.0,0.0,1.0,15.0
0.0,347.9536282801505,532.4521289512886,0.0,0.0,1.0,15.0
0.0,340.8565632235923,606.3326281098002,0.0,0.0,1.0,15.0
0.0,344.5907119978458,635.8274856397375,0.0,0.0,1.0,15.0
0.0,360.08440897960463,642.6946684201805,0.0,0.0,1.0,15.0
0.0,340.6620070397182,596.4921724481612,0.0,0.0,1.0,15.0
0.0,365.59732772374423,592.7305495895932,0.0,0.0,1.0,15.0
0.0,351.6825844074365,573.6458990874112,0.0,0.0,1.0,15.0
0.0,353.8483392251335,585.081801000096,0.0,0.0,1.0,15.0
0.0,335.3343918406815,588.9940622777428,0.0,0.0,1.0,15.0
0.0,352.42030475757565,600.7929438766382,0.0,0.0,1.0,15.0
0.0,285.7520484791628,566.7087300289054,0.0,0.0,1.0,15.0
0.0,347.19299191497976,621.1047311228267,0.0,0.0,1.0,15.0
0.0,305.8812520931235,626.1513059056692,0.0,0.0,1.0,15.0
0.0,335.5690406883889,631.5437098025268,0.0,0.0,1.0,15.0
0.0,323.3513739882733,599.6163943305901,0.0,0.0,1.0,15.0
0.0,316.66375051871637,624.3982344991059,0.0,0.0,1.0,15.0
0.0,340.2930827648729,593.5017153251861,0.0,0.0,1.0,15.0
0.0,359.7988435493876,600.0311936960652,0.0,0.0,1.0,15.0
0.0,368.59504422796726,624.4832733113783,0.0,0.0,1.0,15.0
0.0,307.3039024509228,597.478688952131,0.0,0.0,1.0,15.0
0.0,340.67930691994684,601.0221165655689,0.0,0.0,1.0,15.0
0.0,336.531596762773,615.1996920693537,0.0,0.0,1.0,15.0
0.0,320.1149472203924,637.3882208594573,0.0,0.0,1.0,15.0
0.0,282.140793695404,632.6017659208155,0.0,0.0,1.0,15.0
0.0,297.13046885167637,600.8599000065274,0.0,0.0,1.0,15.0
0.0,295.57763958275973,654.2996596669914,0.0,0.0,1.0,15.0
0.0,301.2320239044807,647.7826971937843,0.0,0.0,1.0,15.0
0.0,318.0400072913294,614.622393424258,0.0,0.0,1.0,15.0
0.0,300.76883849132037,637.6726081241866,0.0,0.0,1.0,15.0
0.0,283.81084939373955,639.4461021042825,0.0,0.0,1.0,15.0
0.0,272.4566452953645,633.8713442348408,0.0,0.0,1.0,15.0
0.0,293.7284784777014,628.9437779166624,0.0,0.0,1.0,15.0
0.0,291.7257701333615,654.2386465858394,0.0,0.0,1.0,15.0
0.0,308.64336787065577,651.8134559838327,0.0,0.0,1.0,15.0
0.0,305.5104861690945,631.1892133565875,0.0,0.0,1.0,15.0
0.0,292.33922326681386,626.6809247479703,0.0,0.0,1.0,15.0
0.0,291.82875980959193,676.3968808429631,0.0,0.0,1.0,15.0
0.0,254.04792710656625,616.0138763190216,0.0,0.0,1.0,15.0
0.0,286.8813455149307,643.1455133969148,0.0,0.0,1.0,15.0
0.0,300.85028169067755,648.2305151706682,0.0,0.0,1.0,15.0
0.0,302.03457737921826,627.4787289787241,0.0,0.0,1.0,15.0
0.0,58.89422627597128,622.0299481481645,0.0,0.0,1.0,16.0
0.0,55.61803912810478,622.4582094226428,0.0,0.0,1.0,16.0
0.0,101.44885706755531,616.5607530190914,0.0,0.0,1.0,16.0
0.0,62.60876668175433,615.8273029836148,0.0,0.0,1.0,16.0
0.0,77.63365675294335,608.6648549357683,0.0,0.0,1.0,16.0
0.0,41.36102214824359,573.9665719390264,0.0,0.0,1.0,16.0
0.0,70.77633394345503,617.102460548062,0.0,0.0,1.0,16.0
0.0,125.28842713384324,598.4360719418517,0.0,0.0,1.0,16.0
0.0,58.1400912407762,624.814171428628,0.0,0.0,1.0,16.0
0.0,77.09127720075548,641.2482657821429,0.0,0.0,1.0,16.0
0.0,62.53653133446983,607.3565989680874,0.0,0.0,1.0,16.0
0.0,84.00532480034417,642.398345359198,0.0,0.0,1.0,16.0
0.0,56.76526130241473,633.377536607768,0.0,0.0,1.0,16.0
0.0,90.05696745272485,606.9807997371818,0.0,0.0,1.0,16.0
0.0,62.33182281301424,608.6990669627453,0.0,0.0,1.0,16.0
0.0,46.88044803058892,661.8889104938976,0.0,0.0,1.0,16.0
0.0,80.0069712955185,566.7762989246185,0.0,0.0,1.0,16.0
0.0,53.038199551395564,637.274254888056,0.0,0.0,1.0,16.0
0.0,100.2189019505081,611.7683565781917,0.0,0.0,1.0,16.0
0.0,57.50207668630878,631.3312019398209,0.0,0.0,1.0,16.0
0.0,81.56328828713845,582.5590625060424,0.0,0.0,1.0,16.0
0.0,43.15805012836654,603.1137881204336,0.0,0.0,1.0,16.0
0.0,65.29298112468541,631.7991253505083,0.0,0.0,1.0,16.0
0.0,61.9071156144455,618.7129246915761,0.0,0.0,1.0,16.0
0.0,76.47845681491503,623.3891724811883,0.0,0.0,1.0,16.0
0.0,88.6918062319412,639.4359538278595,0.0,0.0,1.0,16.0
0.0,53.81348886399087,614.2373668935697,0.0,0.0,1.0,16.0
0.0,64.75544599276736,591.29159859735,0.0,0.0,1.0,16.0
0.0,79.91426323151154,647.7774004593782,0.0,0.0,1.0,16.0
0.0,52.96366333689707,629.8414675879665,0.0,0.0,1.0,16.0
0.0,51.78473014059978,614.6522183846848,0.0,0.0,1.0,16.0
0.0,58.244789113530715,631.9920564771455,0.0,0.0,1.0,16.0
0.0,65.8500835415216,610.6075470822539,0.0,0.0,1.0,16.0
0.0,74.05134928121765,589.3630246419848,0.0,0.0,1.0,16.0
0.0,67.11124244728035,633.3933754945158,0.0,0.0,1.0,16.0
0.0,75.83470950609171,625.0204509222522,0.0,0.0,1.0,16.0
0.0,68.05603555440257,620.7689298397477,0.0,0.0,1.0,16.0
0.0,69.6556369769512,615.8946155132276,0.0,0.0,1.0,16.0
0.0,83.9546940765481,609.4498103740423,0.0,0.0,1.0,16.0
0.0,52.95831781785364,630.2175873614556,0.0,0.0,1.0,16.0
0.0,81.39110745646781,615.7960671785142,0.0,0.0,1.0,16.0
0.0,73.65549246062938,608.9013439544815,0.0,0.0,1.0,16.0
0.0,0.031310494834087876,614.3821307102874,0.0,0.0,1.0,16.0
0.0,17.597555038411883,602.3515628654538,0.0,0.0,1.0,16.0
0.0,-1.9166583051514863,618.804819557741,0.0,0.0,1.0,16.0
0.0,20.981298839125657,607.8143453044258,0.0,0.0,1.0,16.0
0.0,-8.069546820875757,592.4154723941313,0.0,0.0,1.0,16.0
0.0,19.802964121615105,584.3267091354123,0.0,0.0,1.0,16.0
0.0,31.987728950269684,611.1968334618387,0.0,0.0,1.0,16.0
0.0,31.85626398765885,607.0630368095569,0.0,0.0,1.0,16.0
0.0,21.7423486466771,599.1894984475944,0.0,0.0,1.0,16.0
0.0,12.838594292890093,616.441272232521,0.0,0.0,1.0,16.0
0.0,43.730440675119326,613.2359513119468,0.0,0.0,1.0,16.0
0.0,7.432804041045529,628.2626979773972,0.0,0.0,1.0,16.0
0.0,16.690058671210863,556.7665007512182,0.0,0.0,1.0,16.0
0.0,8.92395734296997,572.2223297196786,0.0,0.0,1.0,16.0
0.0,25.591905045947442,608.912977057134,0.0,0.0,1.0,16.0
0.0,65.07176994458587,592.2004161446789,0.0,0.0,1.0,16.0
0.0,-2.664608683514871,616.8137970837297,0.0,0.0,1.0,16.0
0.0,29.273652614373532,595.4004253483577,0.0,0.0,1.0,16.0
0.0,1.5192424487820517,602.7155027468555,0.0,0.0,1.0,16.0
0.0,28.45685182976308,605.113104086535,0.0,0.0,1.0,16.0
0.0,41.78672952426291,630.9027700949264,0.0,0.0,1.0,16.0
0.0,25.246613109884947,628.4804510377021,0.0,0.0,1.0,16.0
0.0,26.3480849996331,622.9518684735826,0.0,0.0,1.0,16.0
0.0,22.537777163314104,622.086893185267,0.0,0.0,1.0,16.0
0.0,27.447255529182485,555.0060209253647,0.0,0.0,1.0,16.0
0.0,7.119056296042345,644.2632561287191,0.0,0.0,1.0,16.0
0.0,10.780754683491978,616.0730418146272,0.0,0.0,1.0,16.0
0.0,41.27967634749916,605.8057667420287,0.0,0.0,1.0,16.0
0.0,44.46818489621478,625.952204246722,0.0,0.0,1.0,16.0
0.0,11.820409875675523,639.9817659854552,0.0,0.0,1.0,16.0
0.0,-8.083591505186405,551.6153698472908,0.0,0.0,1.0,16.0
0.0,-11.121324250235602,559.8172915138077,0.0,0.0,1.0,16.0
0.0,38.9259919044398,603.5364622264706,0.0,0.0,1.0,16.0
0.0,36.923358917863425,538.7763671976263,0.0,0.0,1.0,16.0
0.0,-5.5366252960343445,548.2583061752568,0.0,0.0,1.0,16.0
0.0,-9.270701298779613,556.8684684131731,0.0,0.0,1.0,16.0
0.0,-16.23930193092633,563.9381118110914,0.0,0.0,1.0,16.0
0.0,-14.74884334344506,528.867899842699,0.0,0.0,1.0,16.0
0.0,-10.475985344625997,588.7854147932119,0.0,0.0,1.0,16.0
0.0,5.7456678414134785,564.5182033902634,0.0,0.0,1.0,16.0
0.0,-18.779194043375355,554.5913589934246,0.0,0.0,1.0,16.0
0.0,64.345738040161,538.6050775606459,0.0,0.0,1.0,16.0
0.0,23.20721748431606,529.99902674441,0.0,0.0,1.0,16.0
0.0,63.35678826839694,566.530614277405,0.0,0.0,1.0,16.0
0.0,-16.3569800866087,557.3962399266698,0.0,0.0,1.0,16.0
0.0,-0.64630638281551,572.1504892930545,0.0,0.0,1.0,16.0
0.0,25.0730001351385,529.1131421749956,0.0,0.0,1.0,16.0
0.0,-15.012386995523912,567.2492908164973,0.0,0.0,1.0,16.0
0.0,-15.663301320249502,558.7808775988585,0.0,0.0,1.0,16.0
0.0,-25.314717445307224,574.9461173541804,0.0,0.0,1.0,16.0
0.0,-23.31702225756726,528.8801443009852,0.0,0.0,1.0,16.0
0.0,-13.639899162039228,547.5956854029084,0.0,0.0,1.0,16.0
0.0,-11.00803938939589,586.1718956594982,0.0,0.0,1.0,16.0
0.0,-7.620357086980675,564.9209560381707,0.0,0.0,1.0,16.0
0.0,-22.930989068636336,565.969658255166,0.0,0.0,1.0,16.0
0.0,-34.80207101317842,551.8088817884659,0.0,0.0,1.0,16.0
0.0,-15.763089785261855,534.0516224636463,0.0,0.0,1.0,16.0
0.0,-30.16077133373119,574.2406610093944,0.0,0.0,1.0,16.0
0.0,-38.48229801439584,527.9715028995706,0.0,0.0,1.0,16.0
0.0,1.3320919288671575,559.3995342472222,0.0,0.0,1.0,16.0
0.0,-29.029773571936403,532.7991482644702,0.0,0.0,1.0,16.0
0.0,-8.501817227333504,578.1532615982512,0.0,0.0,1.0,16.0
0.0,10.143161759154964,484.8186322170102,0.0,0.0,1.0,16.0
0.0,52.48441202201502,548.4360008132048,0.0,0.0,1.0,16.0
0.0,9.450190224240941,521.8465425065469,0.0,0.0,1.0,16.0
0.0,0.8241676638799618,508.16430812390604,0.0,0.0,1.0,16.0
0.0,6.374783777065659,501.55579518659397,0.0,0.0,1.0,16.0
0.0,18.47288050181305,488.72490405355506,0.0,0.0,1.0,16.0
0.0,42.22291058590031,485.57642562715,0.0,0.0,1.0,16.0
0.0,8.564507964795666,457.899242366469,0.0,0.0,1.0,16.0
0.0,59.37702600412308,508.380167801447,0.0,0.0,1.0,16.0
0.0,-14.673488896479057,505.96058496995283,0.0,0.0,1.0,16.0
0.0,9.022597814863047,513.9810338598966,0.0,0.0,1.0,16.0
0.0,-9.390913996479185,516.8621382247343,0.0,0.0,1.0,16.0
0.0,-15.503854733886556,512.5900642436882,0.0,0.0,1.0,16.0
0.0,1.0076062384071065,536.395192783182,0.0,0.0,1.0,16.0
0.0,13.98568624083373,500.08266220540963,0.0,0.0,1.0,16.0
0.0,43.09752571053468,516.046489129822,0.0,0.0,1.0,16.0
0.0,16.514879785951734,537.593134643249,0.0,0.0,1.0,16.0
0.0,6.825441997998723,491.0538809032614,0.0,0.0,1.0,16.0
0.0,5.089704334522139,528.9187889610225,0.0,0.0,1.0,16.0
0.0,10.805356449422789,508.43676481194393,0.0,0.0,1.0,16.0
0.0,44.98350223843727,555.3990528051556,0.0,0.0,1.0,16.0
0.0,1.108372116825194,527.6680125653843,0.0,0.0,1.0,16.0
0.0,23.852166224724442,512.586484849393,0.0,0.0,1.0,16.0
0.0,-10.137740234021294,523.1737526485533,0.0,0.0,1.0,16.0
0.0,7.903727592661653,500.0510242389403,0.0,0.0,1.0,16.0
0.0,17.882007920221895,500.4926281863552,0.0,0.0,1.0,16.0
0.0,42.49652320624068,516.6726136416801,0.0,0.0,1.0,16.0
0.0,10.47246295727632,531.2314942235848,0.0,0.0,1.0,16.0
0.0,14.354284227878225,523.0797302736389,0.0,0.0,1.0,16.0
0.0,-5.239457694391831,563.2135032203062,0.0,0.0,1.0,16.0
0.0,35.42285693708163,476.60058039690125,0.0,0.0,1.0,16.0
0.0,33.662450042131695,466.12263162955037,0.0,0.0,1.0,16.0
0.0,58.866810339208996,487.9371145582086,0.0,0.0,1.0,16.0
0.0,37.17842900849064,514.1128888253543,0.0,0.0,1.0,16.0
0.0,42.17901059513997,489.236093018141,0.0,0.0,1.0,16.0
0.0,45.31004389279292,479.96140305918107,0.0,0.0,1.0,16.0
0.0,54.23702537157919,461.4637816720333,0.0,0.0,1.0,16.0
0.0,66.59041785923182,477.52912956462933,0.0,0.0,1.0,16.0
0.0,69.62823001462357,491.2500126409236,0.0,0.0,1.0,16.0
0.0,52.75381583454123,465.1477363947438,0.0,0.0,1.0,16.0
0.0,59.309159041308476,501.82352934692244,0.0,0.0,1.0,16.0
0.0,23.21387802595291,489.12817723280773,0.0,0.0,1.0,16.0
0.0,54.01914373313525,480.1583662978078,0.0,0.0,1.0,16.0
0.0,73.82986256145,466.58686763352625,0.0,0.0,1.0,16.0
0.0,16.15884347503561,464.35148013920207,0.0,0.0,1.0,16.0
0.0,58.24528133318745,504.3644061104412,0.0,0.0,1.0,16.0
0.0,91.40649491278873,482.4891618486422,0.0,0.0,1.0,16.0
0.0,64.63163743517816,483.3778801337221,0.0,0.0,1.0,16.0
0.0,65.22657151541239,484.559032808284,0.0,0.0,1.0,16.0
0.0,67.65264676678794,484.30943830059437,0.0,0.0,1.0,16.0
0.0,103.96098211320282,499.2464249868319,0.0,0.0,1.0,16.0
0.0,118.14075950695701,495.1420132358912,0.0,0.0,1.0,16.0
0.0,156.53756291119748,523.1092782868798,0.0,0.0,1.0,16.0
0.0,98.65907356298885,494.43281626024054,0.0,0.0,1.0,16.0
0.0,100.91193525413132,486.0382553431482,0.0,0.0,1.0,16.0
0.0,121.28150583684283,499.70864954927447,0.0,0.0,1.0,16.0
0.0,110.47187693040405,491.0308429963479,0.0,0.0,1.0,16.0
0.0,99.27152941552413,534.6987641798964,0.0,0.0,1.0,16.0
0.0,96.76806918929788,484.885537281948,0.0,0.0,1.0,16.0
0.0,120.81926948534078,488.3665570557307,0.0,0.0,1.0,16.0
0.0,133.16260035129903,537.3215714061153,0.0,0.0,1.0,16.0
0.0,88.51926878917516,512.429762415828,0.0,0.0,1.0,16.0
0.0,103.50376660494135,501.1291656233768,0.0,0.0,1.0,16.0
0.0,135.59178875828684,508.7591444473419,0.0,0.0,1.0,16.0
0.0,101.18139502565828,480.3383759685439,0.0,0.0,1.0,16.0
0.0,127.94991862493293,509.8245244498735,0.0,0.0,1.0,16.0
0.0,129.74740306530657,525.9283217833781,0.0,0.0,1.0,16.0
0.0,119.93799045587116,541.2167253567161,0.0,0.0,1.0,16.0
0.0,128.04117318405656,519.5563216913806,0.0,0.0,1.0,16.0
0.0,143.7482708480154,551.9469637344775,0.0,0.0,1.0,16.0
0.0,158.25088378479154,546.7846710878973,0.0,0.0,1.0,16.0
0.0,132.67805338599874,536.9138781886709,0.0,0.0,1.0,16.0
0.0,116.64451574384748,546.0513882437258,0.0,0.0,1.0,16.0
0.0,137.3351735355343,553.1288625242219,0.0,0.0,1.0,16.0
0.0,129.5354172770185,533.3402735866694,0.0,0.0,1.0,16.0
0.0,145.62333811412736,575.4203628507246,0.0,0.0,1.0,16.0
0.0,132.3531967292945,552.1215616425693,0.0,0.0,1.0,16.0
0.0,163.48501921497927,546.7017520926515,0.0,0.0,1.0,16.0
0.0,127.12039545098628,533.7355299371388,0.0,0.0,1.0,16.0
0.0,150.2590210744179,548.3181990566211,0.0,0.0,1.0,16.0
0.0,132.3401662033732,556.0391782877573,0.0,0.0,1.0,16.0
0.0,158.17677048791597,553.6130220654472,0.0,0.0,1.0,16.0
0.0,120.13734478647916,543.3000283097072,0.0,0.0,1.0,16.0
0.0,125.48418099075639,535.1768709361056,0.0,0.0,1.0,16.0
0.0,77.98954023023134,547.9374705590094,0.0,0.0,1.0,16.0
0.0,97.18658627613695,569.0002390313234,0.0,0.0,1.0,16.0
0.0,148.8831811454436,561.6268237329268,0.0,0.0,1.0,16.0
0.0,145.9748148146948,537.0164586878464,0.0,0.0,1.0,16.0
0.0,121.79085744573649,543.6340054892623,0.0,0.0,1.0,16.0
0.0,149.03429139932996,546.5734118696175,0.0,0.0,1.0,16.0
0.0,132.62258577271814,542.3359464095722,0.0,0.0,1.0,16.0
0.0,125.92397140561866,573.869596905339,0.0,0.0,1.0,16.0
0.0,124.28411206660553,566.5657453777053,0.0,0.0,1.0,16.0
0.0,133.73952626204868,548.4936145194267,0.0,0.0,1.0,16.0
0.0,133.80300431253158,620.0834982470756,0.0,0.0,1.0,16.0
0.0,117.12962370370542,587.0118869850633,0.0,0.0,1.0,16.0
0.0,85.94118342442425,570.4600722992482,0.0,0.0,1.0,16.0
0.0,126.61904818688822,611.8112358371252,0.0,0.0,1.0,16.0
0.0,116.55311121777754,591.0456310321595,0.0,0.0,1.0,16.0
0.0,133.72470224874542,607.8265927871571,0.0,0.0,1.0,16.0
0.0,114.54088463504286,595.9455392825687,0.0,0.0,1.0,16.0
0.0,103.11547855624758,611.9784920387433,0.0,0.0,1.0,16.0
0.0,123.20157574516088,572.9323624276724,0.0,0.0,1.0,16.0
0.0,136.5714596887799,597.5197742875689,0.0,0.0,1.0,16.0
0.0,92.66204405810163,593.5667450532587,0.0,0.0,1.0,16.0
0.0,114.77165645934633,570.2428496939685,0.0,0.0,1.0,16.0
0.0,116.22643418068401,616.7572521794518,0.0,0.0,1.0,16.0
0.0,114.63136585600273,576.3654148568748,0.0,0.0,1.0,16.0
0.0,105.71432240539207,616.151123599845,0.0,0.0,1.0,16.0
0.0,113.72011195431242,598.3125710140002,0.0,0.0,1.0,16.0
0.0,117.292137865732,618.3514343524726,0.0,0.0,1.0,16.0
0.0,86.49180402689444,599.8342342525589,0.0,0.0,1.0,16.0
0.0,124.6590501680189,597.9913107581833,0.0,0.0,1.0,16.0
0.0,76.21461696046686,602.0847921475374,0.0,0.0,1.0,16.0
0.0,114.88280878924752,565.5755963493375,0.0,0.0,1.0,16.0
0.0,143.44206332406407,588.2466099104163,0.0,0.0,1.0,16.0
0.0,113.41366584513821,603.336484076297,0.0,0.0,1.0,16.0
0.0,101.77666908875335,588.3156600824636,0.0,0.0,1.0,16.0
0.0,-238.69768620598825,517.1475503347567,0.0,0.0,1.0,17.0
0.0,-193.4158547214888,492.89852279135766,0.0,0.0,1.0,17.0
0.0,-268.9306661292576,507.44206278150614,0.0,0.0,1.0,17.0
0.0,-208.1036951431945,510.27286654523414,0.0,0.0,1.0,17.0
0.0,-214.69155811454607,528.5668750847717,0.0,0.0,1.0,17.0
0.0,-204.0808874008021,537.2287272320721,0.0,0.0,1.0,17.0
0.0,-223.64374669477684,522.0537894960405,0.0,0.0,1.0,17.0
0.0,-226.03455345133807,525.2715987700292,0.0,0.0,1.0,17.0
0.0,-239.3736628333097,539.1844692503989,0.0,0.0,1.0,17.0
0.0,-242.19494880181514,518.4154227120282,0.0,0.0,1.0,17.0
0.0,-232.10785705080957,508.04105038418993,0.0,0.0,1.0,17.0
0.0,-196.719143168732,543.6815733692704,0.0,0.0,1.0,17.0
0.0,-212.76495266275538,529.9485885221281,0.0,0.0,1.0,17.0
0.0,-227.93519534111147,512.9302628744897,0.0,0.0,1.0,17.0
0.0,-209.78307364599095,521.7196309646833,0.0,0.0,1.0,17.0
0.0,-214.535731408841,535.9312244210057,0.0,0.0,1.0,17.0
0.0,-205.57496833980622,513.744726544714,0.0,0.0,1.0,17.0
0.0,-201.88922645229673,528.5605193616398,0.0,0.0,1.0,17.0
0.0,-199.871786633096,514.5959818471667,0.0,0.0,1.0,17.0
0.0,-193.6592056101017,521.4862986102532,0.0,0.0,1.0,17.0
0.0,-218.3071699453676,534.784485347785,0.0,0.0,1.0,17.0
0.0,-221.29093428799388,522.3608473028476,0.0,0.0,1.0,17.0
0.0,-183.38971250874351,458.70887212286357,0.0,0.0,1.0,17.0
0.0,-166.99033154242898,458.5755676405797,0.0,0.0,1.0,17.0
0.0,-160.1162340415492,474.5777008903706,0.0,0.0,1.0,17.0
0.0,-192.62803871952178,496.2387545221445,0.0,0.0,1.0,17.0
0.0,-172.17769928319376,474.6252110738724,0.0,0.0,1.0,17.0
0.0,-161.4922523858736,486.03560655076217,0.0,0.0,1.0,17.0
0.0,-172.705533941127,494.1053185437729,0.0,0.0,1.0,17.0
0.0,-224.27927456509224,501.34844677139836,0.0,0.0,1.0,17.0
0.0,-194.07765036198998,500.6383137682624,0.0,0.0,1.0,17.0
0.0,-191.7384420019007,472.393163869152,0.0,0.0,1.0,17.0
0.0,-177.48561181093078,496.8284120220362,0.0,0.0,1.0,17.0
0.0,-208.393653777297,468.5200553451657,0.0,0.0,1.0,17.0
0.0,-175.14566992858067,470.0153056419631,0.0,0.0,1.0,17.0
0.0,-194.31673248343282,501.52855839217614,0.0,0.0,1.0,17.0
0.0,-189.14825141231222,469.36709884533957,0.0,0.0,1.0,17.0
0.0,-199.7603550917404,479.8062611367345,0.0,0.0,1.0,17.0
0.0,-189.73224498669265,522.8809419813347,0.0,0.0,1.0,17.0
0.0,-191.77651160205187,461.25954505665413,0.0,0.0,1.0,17.0
0.0,-164.4958750222836,462.7025126830299,0.0,0.0,1.0,17.0
0.0,-194.11881321700298,457.1607944696184,0.0,0.0,1.0,17.0
0.0,-189.8552623524199,463.5160077957851,0.0,0.0,1.0,17.0
0.0,-217.12763814363825,488.641684418119,0.0,0.0,1.0,17.0
0.0,-198.92506946129947,480.27486907390403,0.0,0.0,1.0,17.0
0.0,-179.36832998023579,465.68969608047837,0.0,0.0,1.0,17.0
0.0,-193.95810107270972,514.2985209119727,0.0,0.0,1.0,17.0
0.0,-174.2908971777158,466.1619903570506,0.0,0.0,1.0,17.0
0.0,-208.56775903249059,486.33874153857164,0.0,0.0,1.0,17.0
0.0,-142.23052657764674,452.31294420705854,0.0,0.0,1.0,17.0
0.0,-115.51323228238493,446.2742012404208,0.0,0.0,1.0,17.0
0.0,-145.23955478750736,503.32515697365307,0.0,0.0,1.0,17.0
0.0,-108.77856575706392,462.6423021002968,0.0,0.0,1.0,17.0
0.0,-156.06748907765882,438.6514400211038,0.0,0.0,1.0,17.0
0.0,-140.9376714124287,460.2236082391303,0.0,0.0,1.0,17.0
0.0,-127.12969345730176,469.3563542100858,0.0,0.0,1.0,17.0
0.0,-116.25956652139598,437.8773484856274,0.0,0.0,1.0,17.0
0.0,-152.20517162337387,441.97552492662885,0.0,0.0,1.0,17.0
0.0,-134.32446994383918,466.75766874315104,0.0,0.0,1.0,17.0
0.0,-105.48456192328786,433.96594848475706,0.0,0.0,1.0,17.0
0.0,-135.15875988288212,480.33387811216517,0.0,0.0,1.0,17.0
0.0,-140.7853238511077,460.22722192013794,0.0,0.0,1.0,17.0
0.0,-122.1465682056994,428.6611158012645,0.0,0.0,1.0,17.0
0.0,-130.6608364601591,439.54759515195883,0.0,0.0,1.0,17.0
0.0,-145.60566340001242,450.79099606659906,0.0,0.0,1.0,17.0
0.0,-144.34374171586796,444.78254004441555,0.0,0.0,1.0,17.0
0.0,-153.40726063912894,453.90459879306854,0.0,0.0,1.0,17.0
0.0,-126.75551170656604,444.52446003304385,0.0,0.0,1.0,17.0
0.0,-139.04878038619472,441.6656331475501,0.0,0.0,1.0,17.0
0.0,-135.56625765579884,471.6691023543244,0.0,0.0,1.0,17.0
0.0,-106.11223993815406,477.60195697448285,0.0,0.0,1.0,17.0
0.0,-131.62177813187054,457.610881101167,0.0,0.0,1.0,17.0
0.0,-128.3360625767043,451.4354280747002,0.0,0.0,1.0,17.0
0.0,-89.95131444888307,494.604206875769,0.0,0.0,1.0,17.0
0.0,-109.67881168156032,466.7993509107921,0.0,0.0,1.0,17.0
0.0,-176.49821668144796,521.0266958742088,0.0,0.0,1.0,17.0
0.0,-72.94439851171546,480.4966492415947,0.0,0.0,1.0,17.0
0.0,-59.17230004088674,489.4634915012457,0.0,0.0,1.0,17.0
0.0,-79.53852294855028,514.1202910186373,0.0,0.0,1.0,17.0
0.0,-95.89907426229661,526.4280281363845,0.0,0.0,1.0,17.0
0.0,-118.17594527693996,459.5050071080507,0.0,0.0,1.0,17.0
0.0,-57.008173584554015,518.9295528245027,0.0,0.0,1.0,17.0
0.0,-80.37080224615784,507.0091770184349,0.0,0.0,1.0,17.0
0.0,-99.38019661172666,481.01928500861413,0.0,0.0,1.0,17.0
0.0,-97.33112498157516,499.715135807199,0.0,0.0,1.0,17.0
0.0,-76.8909255066842,489.7743239764593,0.0,0.0,1.0,17.0
0.0,-68.78706356126236,489.0894576747892,0.0,0.0,1.0,17.0
0.0,-74.33844939765618,491.7975853077992,0.0,0.0,1.0,17.0
0.0,-74.61349832496217,495.3493276868371,0.0,0.0,1.0,17.0
0.0,-87.73941778607127,487.68543993655,0.0,0.0,1.0,17.0
0.0,-75.94367683241057,492.4004238180769,0.0,0.0,1.0,17.0
0.0,-80.97394610430933,480.52433553752644,0.0,0.0,1.0,17.0
0.0,-95.90562728380291,486.0320471257271,0.0,0.0,1.0,17.0
0.0,-82.20800676981776,484.9331275221366,0.0,0.0,1.0,17.0
0.0,-61.56083769857878,474.74308324739536,0.0,0.0,1.0,17.0
0.0,-62.82979469977977,503.2976128714663,0.0,0.0,1.0,17.0
0.0,-71.18894648231935,488.6661552855453,0.0,0.0,1.0,17.0
0.0,-124.33963997733736,464.074618433815,0.0,0.0,1.0,17.0
0.0,-91.32108689082315,510.54186479943655,0.0,0.0,1.0,17.0
0.0,-102.48438455339692,504.30018546169936,0.0,0.0,1.0,17.0
0.0,-78.3203875348554,491.27848422556735,0.0,0.0,1.0,17.0
0.0,-52.16948118720006,492.55024143055743,0.0,0.0,1.0,17.0
0.0,-79.60807752326241,478.3711114639027,0.0,0.0,1.0,17.0
0.0,-84.24504742326076,537.3492751530353,0.0,0.0,1.0,17.0
0.0,-93.07410329391746,470.95296430459257,0.0,0.0,1.0,17.0
0.0,-82.49856043233535,513.0789787344706,0.0,0.0,1.0,17.0
0.0,-86.42548206864626,483.39829918124906,0.0,0.0,1.0,17.0
0.0,-69.81357137210853,476.3110692037503,0.0,0.0,1.0,17.0
0.0,-102.81952698255805,473.8170657377989,0.0,0.0,1.0,17.0
0.0,-83.3910975131364,472.0338573268216,0.0,0.0,1.0,17.0
0.0,-71.268952360213,504.0393532332953,0.0,0.0,1.0,17.0
0.0,-104.85740002191301,535.8212821316547,0.0,0.0,1.0,17.0
0.0,-67.23491384530917,540.5631231354962,0.0,0.0,1.0,17.0
0.0,-85.63055135944546,542.3884026265148,0.0,0.0,1.0,17.0
0.0,-101.14946758695737,527.3881167558466,0.0,0.0,1.0,17.0
0.0,-87.43597150559913,544.0686335866144,0.0,0.0,1.0,17.0
0.0,-62.10427888066397,519.4513698647866,0.0,0.0,1.0,17.0
0.0,-74.55620243711587,535.768143397748,0.0,0.0,1.0,17.0
0.0,-76.84794031494539,545.6423760103185,0.0,0.0,1.0,17.0
0.0,-41.406782677192496,536.6292146015571,0.0,0.0,1.0,17.0
0.0,-79.28449904489912,543.3761913165665,0.0,0.0,1.0,17.0
0.0,-52.47173659664327,535.2972525292876,0.0,0.0,1.0,17.0
0.0,-82.93021624770267,529.6078959071315,0.0,0.0,1.0,17.0
0.0,-38.54210965519064,526.6986257029948,0.0,0.0,1.0,17.0
0.0,-59.90212770264179,567.8818218097763,0.0,0.0,1.0,17.0
0.0,-70.19022118634575,542.1499394799921,0.0,0.0,1.0,17.0
0.0,-62.94311035167675,534.1132356357411,0.0,0.0,1.0,17.0
0.0,-50.755630402293946,552.3662613937931,0.0,0.0,1.0,17.0
0.0,-59.42246600975295,541.7877707457924,0.0,0.0,1.0,17.0
0.0,-67.73200919211354,514.9914268713474,0.0,0.0,1.0,17.0
0.0,-80.02804247489757,551.6852470787435,0.0,0.0,1.0,17.0
0.0,-80.13300573052311,542.9206889330726,0.0,0.0,1.0,17.0
0.0,-59.99947255532902,530.0763556884385,0.0,0.0,1.0,17.0
0.0,-77.49117751978451,529.5868736288992,0.0,0.0,1.0,17.0
0.0,-78.84950654923728,546.6621185063887,0.0,0.0,1.0,17.0
0.0,-81.21834418953563,557.7971965537222,0.0,0.0,1.0,17.0
0.0,-79.47287930584298,523.4065788202724,0.0,0.0,1.0,17.0
0.0,-72.80271734147482,523.4775673646252,0.0,0.0,1.0,17.0
0.0,-58.118265887111875,547.6762865556432,0.0,0.0,1.0,17.0
0.0,-46.53990382879647,558.5015572856921,0.0,0.0,1.0,17.0
0.0,-63.77105965100873,542.4381440635718,0.0,0.0,1.0,17.0
0.0,-85.91961699274793,522.4352432677938,0.0,0.0,1.0,17.0
0.0,-119.08086896820782,525.4125699638157,0.0,0.0,1.0,17.0
0.0,-86.3006729663905,532.7815461702091,0.0,0.0,1.0,17.0
0.0,-91.09890605268811,561.7186571895893,0.0,0.0,1.0,17.0
0.0,-72.39279254126382,547.2463693123714,0.0,0.0,1.0,17.0
0.0,-81.28551680350552,546.8941091007323,0.0,0.0,1.0,17.0
0.0,-107.39441971121369,529.8522689628426,0.0,0.0,1.0,17.0
0.0,-100.37353778364331,525.9556217160098,0.0,0.0,1.0,17.0
0.0,-89.75215838999952,567.3751228143046,0.0,0.0,1.0,17.0
0.0,-18.51347344490432,557.3099724724525,0.0,0.0,1.0,17.0
0.0,-78.09761975762513,540.0800879497397,0.0,0.0,1.0,17.0
0.0,-84.71276340769532,557.1966941976623,0.0,0.0,1.0,17.0
0.0,-69.57523887790899,539.7835509289107,0.0,0.0,1.0,17.0
0.0,-80.73161244853009,544.5332990120971,0.0,0.0,1.0,17.0
0.0,-103.48167136277038,584.570985909189,0.0,0.0,1.0,17.0
0.0,-145.98237958453,566.6540884883857,0.0,0.0,1.0,17.0
0.0,-98.90586531357212,598.408653948436,0.0,0.0,1.0,17.0
0.0,-86.63136621105104,589.3137718585683,0.0,0.0,1.0,17.0
0.0,-101.27906057240443,577.6854620245977,0.0,0.0,1.0,17.0
0.0,-97.8983012385088,578.106468900342,0.0,0.0,1.0,17.0
0.0,-92.28826617568166,586.3161277047855,0.0,0.0,1.0,17.0
0.0,-110.64245046546512,586.1921735394778,0.0,0.0,1.0,17.0
0.0,-116.95694190087079,562.7531844432276,0.0,0.0,1.0,17.0
0.0,-104.41418017542878,597.8477874477526,0.0,0.0,1.0,17.0
0.0,-99.64419004887577,574.9483398960278,0.0,0.0,1.0,17.0
0.0,-105.52330800490881,595.2437750220824,0.0,0.0,1.0,17.0
0.0,-105.84618784378745,572.9154702392339,0.0,0.0,1.0,17.0
0.0,-121.84319241242747,544.6718937268088,0.0,0.0,1.0,17.0
0.0,-115.92835077058771,605.5019929817906,0.0,0.0,1.0,17.0
0.0,-126.70391162104988,595.6256594467632,0.0,0.0,1.0,17.0
0.0,-90.46342902320589,582.9296511670655,0.0,0.0,1.0,17.0
0.0,-97.81613061150665,604.0308202718047,0.0,0.0,1.0,17.0
0.0,-107.5392727938679,591.5774265621515,0.0,0.0,1.0,17.0
0.0,-105.71565560517274,590.5235156978761,0.0,0.0,1.0,17.0
0.0,-93.17877280415041,607.4337292579726,0.0,0.0,1.0,17.0
0.0,-115.68253862082634,596.5224936376412,0.0,0.0,1.0,17.0
0.0,-94.65957059164134,538.3110970414784,0.0,0.0,1.0,17.0
0.0,-100.52605910630336,585.9803482292275,0.0,0.0,1.0,17.0
0.0,-112.55172528729895,557.8244980986124,0.0,0.0,1.0,17.0
0.0,-103.3064730022154,594.3339710586581,0.0,0.0,1.0,17.0
0.0,-146.99333281568715,599.7028388577453,0.0,0.0,1.0,17.0
0.0,-134.28992689993493,606.307829472335,0.0,0.0,1.0,17.0
0.0,-160.07162102903044,619.8193631700401,0.0,0.0,1.0,17.0
0.0,-116.22027764152995,578.4942239374379,0.0,0.0,1.0,17.0
0.0,-122.78692862446906,572.1738515411027,0.0,0.0,1.0,17.0
0.0,-145.05464594912428,606.4470936242105,0.0,0.0,1.0,17.0
0.0,-161.89147249573398,610.3927787105079,0.0,0.0,1.0,17.0
0.0,-177.25520165473063,594.947827886562,0.0,0.0,1.0,17.0
0.0,-193.89654124244385,594.5980979496003,0.0,0.0,1.0,17.0
0.0,-138.2784567796425,540.5885771482738,0.0,0.0,1.0,17.0
0.0,-205.1027879069179,580.1380575761434,0.0,0.0,1.0,17.0
0.0,-149.17052902145088,579.8991705107348,0.0,0.0,1.0,17.0
0.0,-172.642069806966,601.6146585742495,0.0,0.0,1.0,17.0
0.0,-134.7496166532983,594.2165365734404,0.0,0.0,1.0,17.0
0.0,-217.9377259173507,588.778395039838,0.0,0.0,1.0,17.0
0.0,-161.64684138887287,608.0207372571267,0.0,0.0,1.0,17.0
0.0,-161.3115313895446,576.8446255948925,0.0,0.0,1.0,17.0
0.0,-147.97248377722167,602.0010440363692,0.0,0.0,1.0,17.0
0.0,-151.09754952964204,604.8299191342771,0.0,0.0,1.0,17.0
0.0,-166.09018729710397,588.5476163649478,0.0,0.0,1.0,17.0
0.0,-165.60440486034258,599.7254231994439,0.0,0.0,1.0,17.0
0.0,-144.183322418462,603.7148505210198,0.0,0.0,1.0,17.0
0.0,-175.5001369112199,581.9416063394533,0.0,0.0,1.0,17.0
0.0,-128.87609104575358,594.5715517060717,0.0,0.0,1.0,17.0
0.0,-162.93167915301683,631.6725310495294,0.0,0.0,1.0,17.0
0.0,-188.00385710498222,593.2267707816563,0.0,0.0,1.0,17.0
0.0,-180.064590437456,592.2654937755108,0.0,0.0,1.0,17.0
0.0,-171.66572180548224,591.7388982661553,0.0,0.0,1.0,17.0
0.0,-145.60593805736016,598.8368499656626,0.0,0.0,1.0,17.0
0.0,-154.2848173052014,582.651180679128,0.0,0.0,1.0,17.0
0.0,-148.68746527018993,582.5950405502836,0.0,0.0,1.0,17.0
0.0,-179.99299115960207,589.4194021683263,0.0,0.0,1.0,17.0
0.0,-224.20098263566274,545.2329267696559,0.0,0.0,1.0,17.0
0.0,-178.74691671214327,572.025278269349,0.0,0.0,1.0,17.0
0.0,-203.98311166160897,576.5528709149157,0.0,0.0,1.0,17.0
0.0,-226.9633144446923,525.8306229944726,0.0,0.0,1.0,17.0
0.0,-205.27759301606488,533.1161717625757,0.0,0.0,1.0,17.0
0.0,-213.6342551879277,581.017459271646,0.0,0.0,1.0,17.0
0.0,-206.04527075060105,547.1370159749506,0.0,0.0,1.0,17.0
0.0,-191.04705202653145,566.2216718969214,0.0,0.0,1.0,17.0
0.0,-200.0505349349171,591.4298772180291,0.0,0.0,1.0,17.0
0.0,-212.81341233556304,568.5887880314885,0.0,0.0,1.0,17.0
0.0,-195.43271324151692,588.8013651396363,0.0,0.0,1.0,17.0
0.0,-179.78660222047256,556.2925813537331,0.0,0.0,1.0,17.0
0.0,-192.27728536325208,570.583928595622,0.0,0.0,1.0,17.0
0.0,-156.64460673322606,607.9917542741719,0.0,0.0,1.0,17.0
0.0,-186.0510880657605,524.126755047733,0.0,0.0,1.0,17.0
0.0,-199.48310656734043,592.8175795620762,0.0,0.0,1.0,17.0
0.0,-197.7853908288007,552.7282778310712,0.0,0.0,1.0,17.0
0.0,-191.09268925130323,586.7385518003971,0.0,0.0,1.0,17.0
0.0,-198.28125097208704,594.1531136996077,0.0,0.0,1.0,17.0
0.0,-148.86346275658025,561.7563456743305,0.0,0.0,1.0,17.0
0.0,-191.2007969177664,559.1649577765622,0.0,0.0,1.0,17.0
0.0,-293.4548063602947,491.4552500284817,0.0,0.0,1.0,18.0
0.0,-261.7142085085759,486.3186415953983,0.0,0.0,1.0,18.0
0.0,-294.23859504125835,494.34552589700434,0.0,0.0,1.0,18.0
0.0,-257.3658690741006,498.9845966720809,0.0,0.0,1.0,18.0
0.0,-281.06442912509374,486.5708831635343,0.0,0.0,1.0,18.0
0.0,-281.19786726118605,491.1222678345953,0.0,0.0,1.0,18.0
0.0,-280.2466929641423,493.78339349073394,0.0,0.0,1.0,18.0
0.0,-257.3115487704297,504.2789425981962,0.0,0.0,1.0,18.0
0.0,-323.51387117553395,434.09627225475697,0.0,0.0,1.0,18.0
0.0,-264.7261123051135,475.6390878178329,0.0,0.0,1.0,18.0
0.0,-335.3022128435746,471.22070805147996,0.0,0.0,1.0,18.0
0.0,-279.44854860027135,481.8543584094118,0.0,0.0,1.0,18.0
0.0,-325.99615889706365,498.54016386439275,0.0,0.0,1.0,18.0
0.0,-291.40632601330367,517.3301875523441,0.0,0.0,1.0,18.0
0.0,-278.6204043659636,511.86564662159026,0.0,0.0,1.0,18.0
0.0,-271.5134203848545,473.16964944135907,0.0,0.0,1.0,18.0
0.0,-309.4683434616891,471.4437978196531,0.0,0.0,1.0,18.0
0.0,-292.27691545605376,466.53936315180476,0.0,0.0,1.0,18.0
0.0,-245.62396258009107,506.4595334651817,0.0,0.0,1.0,18.0
0.0,-296.0795206010321,492.64034416637173,0.0,0.0,1.0,18.0
0.0,-259.9285071975796,500.89942801748975,0.0,0.0,1.0,18.0
0.0,-278.1579726268469,477.17788278818716,0.0,0.0,1.0,18.0
0.0,-280.89662179250354,489.7822617793238,0.0,0.0,1.0,18.0
0.0,-287.954733779334,493.4410786615781,0.0,0.0,1.0,18.0
0.0,-273.92541108964656,496.1314128157678,0.0,0.0,1.0,18.0
0.0,-279.57725200309073,463.2668959823127,0.0,0.0,1.0,18.0
0.0,-279.8660525045734,478.38493448069585,0.0,0.0,1.0,18.0
0.0,-278.42942359901735,503.1619757293802,0.0,0.0,1.0,18.0
0.0,-260.1914094641779,505.9806809384904,0.0,0.0,1.0,18.0
0.0,-288.92897408498493,510.69120246766784,0.0,0.0,1.0,18.0
0.0,-249.9379462055756,489.63804193120677,0.0,0.0,1.0,18.0
0.0,-270.4529385232661,480.10237657864764,0.0,0.0,1.0,18.0
0.0,-327.9674838662854,508.3996136987371,0.0,0.0,1.0,18.0
0.0,-263.63613918567853,478.1197545174532,0.0,0.0,1.0,18.0
0.0,-331.07094895534067,525.4768670095473,0.0,0.0,1.0,18.0
0.0,-310.9079312182662,539.7999782450711,0.0,0.0,1.0,18.0
0.0,-308.62531693870096,535.0799446952992,0.0,0.0,1.0,18.0
0.0,-329.41047385965885,537.9717077538196,0.0,0.0,1.0,18.0
0.0,-289.7377030981802,490.709463996458,0.0,0.0,1.0,18.0
0.0,-329.65354947412357,557.5638069187503,0.0,0.0,1.0,18.0
0.0,-294.2846035560283,520.1666815279364,0.0,0.0,1.0,18.0
0.0,-289.89907443651646,536.95246443634,0.0,0.0,1.0,18.0
0.0,-329.8855569808039,542.9901820362875,0.0,0.0,1.0,18.0
0.0,-315.87383321186894,525.1214254978388,0.0,0.0,1.0,18.0
0.0,-321.8848644258371,556.236774830124,0.0,0.0,1.0,18.0
0.0,-292.73855918786353,542.2789421872055,0.0,0.0,1.0,18.0
0.0,-350.4400012089036,517.9152293556181,0.0,0.0,1.0,18.0
0.0,-290.72843064271956,526.3093814175561,0.0,0.0,1.0,18.0
0.0,-326.459604617462,541.6273731718386,0.0,0.0,1.0,18.0
0.0,-264.99775066157804,515.9450447103557,0.0,0.0,1.0,18.0
0.0,-310.2486017943961,532.1503570588366,0.0,0.0,1.0,18.0
0.0,-339.1047518208527,524.2303840513457,0.0,0.0,1.0,18.0
0.0,-286.0491110770695,513.4872872786814,0.0,0.0,1.0,18.0
0.0,-311.00579730440063,530.0573261047698,0.0,0.0,1.0,18.0
0.0,-324.90905553223774,520.3721770951679,0.0,0.0,1.0,18.0
0.0,-338.1716904596956,532.5502682998974,0.0,0.0,1.0,18.0
0.0,-307.5532494228671,511.7063799360485,0.0,0.0,1.0,18.0
0.0,-326.7085670397812,527.6418179682373,0.0,0.0,1.0,18.0
0.0,-291.4018343293669,545.7334008337941,0.0,0.0,1.0,18.0
0.0,-361.36829741746624,514.3242307661449,0.0,0.0,1.0,18.0
0.0,-329.9970049060248,537.336007866051,0.0,0.0,1.0,18.0
0.0,-323.4811097323832,505.30601051110034,0.0,0.0,1.0,18.0
0.0,-327.7983870127191,497.90731858265144,0.0,0.0,1.0,18.0
0.0,-344.98174776453413,520.49708091809,0.0,0.0,1.0,18.0
0.0,-375.10635944178875,521.9953184049027,0.0,0.0,1.0,18.0
0.0,-338.45338071906883,528.8911620707368,0.0,0.0,1.0,18.0
0.0,-369.91883282531535,544.2476042322687,0.0,0.0,1.0,18.0
0.0,-385.31740677233836,533.1292664646076,0.0,0.0,1.0,18.0
0.0,-382.50693059893774,537.6609441496378,0.0,0.0,1.0,18.0
0.0,-374.2427691577259,525.38655079609,0.0,0.0,1.0,18.0
0.0,-366.03201762159233,527.8750895188064,0.0,0.0,1.0,18.0
0.0,-305.0135113087247,519.7143895296444,0.0,0.0,1.0,18.0
0.0,-364.1854193183848,558.1976658231595,0.0,0.0,1.0,18.0
0.0,-376.7914851776344,525.7846214971846,0.0,0.0,1.0,18.0
0.0,-369.29672594547924,520.5611648715167,0.0,0.0,1.0,18.0
0.0,-326.03688744596684,555.7635361868904,0.0,0.0,1.0,18.0
0.0,-387.72913617377435,525.9426232087403,0.0,0.0,1.0,18.0
0.0,-364.0753274609135,534.9497075644776,0.0,0.0,1.0,18.0
0.0,-366.8126082596357,536.2951521486743,0.0,0.0,1.0,18.0
0.0,-357.7983404263341,527.8867274734253,0.0,0.0,1.0,18.0
0.0,-351.4067005940075,542.0218657960463,0.0,0.0,1.0,18.0
0.0,-381.29371751066606,532.0362147422038,0.0,0.0,1.0,18.0
0.0,-336.4793987502835,522.1042696963113,0.0,0.0,1.0,18.0
0.0,-375.9291814501596,531.0395724374202,0.0,0.0,1.0,18.0
0.0,-371.42315710481137,517.6446193457091,0.0,0.0,1.0,18.0
0.0,-354.07285482879536,555.1488602826064,0.0,0.0,1.0,18.0
0.0,-363.62450923809024,493.66656412578163,0.0,0.0,1.0,18.0
0.0,-362.6633915610662,515.7343372754067,0.0,0.0,1.0,18.0
0.0,-373.13473889290185,506.88771569047617,0.0,0.0,1.0,18.0
0.0,-362.5843730118726,544.4705768436445,0.0,0.0,1.0,18.0
0.0,-406.9416696767206,511.3195094423904,0.0,0.0,1.0,18.0
0.0,-364.2931470255046,546.7192059411921,0.0,0.0,1.0,18.0
0.0,-420.82283340032586,491.50615396342823,0.0,0.0,1.0,18.0
0.0,-409.26484350243504,486.61404933678114,0.0,0.0,1.0,18.0
0.0,-397.36656949742405,497.82068974224694,0.0,0.0,1.0,18.0
0.0,-392.5367456746774,483.9280069214976,0.0,0.0,1.0,18.0
0.0,-351.34964921682536,463.836612790408,0.0,0.0,1.0,18.0
0.0,-419.60141009685026,480.185913588989,0.0,0.0,1.0,18.0
0.0,-378.32300685681514,494.8058293525146,0.0,0.0,1.0,18.0
0.0,-387.7646351644073,470.14817280709644,0.0,0.0,1.0,18.0
0.0,-405.9593473845449,488.12317685402104,0.0,0.0,1.0,18.0
0.0,-402.5405421125088,486.46892106709515,0.0,0.0,1.0,18.0
0.0,-372.74070889746054,510.38516316271307,0.0,0.0,1.0,18.0
0.0,-396.97698973933666,480.72539220872795,0.0,0.0,1.0,18.0
0.0,-404.12972251076576,516.0441266371931,0.0,0.0,1.0,18.0
0.0,-420.4638517839993,509.2032445737336,0.0,0.0,1.0,18.0
0.0,-379.19911803561274,492.59215142906464,0.0,0.0,1.0,18.0
0.0,-401.94952043359353,450.2028677647129,0.0,0.0,1.0,18.0
0.0,-416.21814214189317,482.1975368800397,0.0,0.0,1.0,18.0
0.0,-406.4663468508977,488.92063859376526,0.0,0.0,1.0,18.0
0.0,-383.13170166694044,490.682829400218,0.0,0.0,1.0,18.0
0.0,-328.78799379125405,520.0143682174219,0.0,0.0,1.0,18.0
0.0,-402.4287706620978,513.6854794257251,0.0,0.0,1.0,18.0
0.0,-385.5127909783471,489.2849158718609,0.0,0.0,1.0,18.0
0.0,-393.56303881971553,494.72150874039994,0.0,0.0,1.0,18.0
0.0,-388.3523462645612,475.06945040276946,0.0,0.0,1.0,18.0
0.0,-413.39166080900816,480.89618005408784,0.0,0.0,1.0,18.0
0.0,-417.42336219771505,493.71113868093516,0.0,0.0,1.0,18.0
0.0,-410.0011424048165,429.19528725418127,0.0,0.0,1.0,18.0
0.0,-420.5613407908793,500.7428455043862,0.0,0.0,1.0,18.0
0.0,-428.27172619056637,499.2362814324449,0.0,0.0,1.0,18.0
0.0,-414.936406391016,502.97193134809277,0.0,0.0,1.0,18.0
0.0,-410.25779016864726,504.08258041056865,0.0,0.0,1.0,18.0
0.0,-393.0867381925224,463.3675806985086,0.0,0.0,1.0,18.0
0.0,-362.39188360337505,397.3421633473888,0.0,0.0,1.0,18.0
0.0,-361.9372750381033,413.9254029305607,0.0,0.0,1.0,18.0
0.0,-374.30699219889846,401.0040367902984,0.0,0.0,1.0,18.0
0.0,-412.6583919348849,440.6453652836667,0.0,0.0,1.0,18.0
0.0,-390.16441825706033,399.5552103108314,0.0,0.0,1.0,18.0
0.0,-348.09792359539847,392.3958089078419,0.0,0.0,1.0,18.0
0.0,-357.27822437382054,399.3574396374702,0.0,0.0,1.0,18.0
0.0,-366.1705105081917,393.93759729486874,0.0,0.0,1.0,18.0
0.0,-372.4502072050593,454.5134401711998,0.0,0.0,1.0,18.0
0.0,-356.30184830529606,383.3850884027738,0.0,0.0,1.0,18.0
0.0,-351.36918108968325,403.33372762469276,0.0,0.0,1.0,18.0
0.0,-336.8628642612821,382.2159610555598,0.0,0.0,1.0,18.0
0.0,-350.01947181662626,416.6307848892493,0.0,0.0,1.0,18.0
0.0,-361.48351262628444,445.6231937241753,0.0,0.0,1.0,18.0
0.0,-358.58473447415054,430.57045226442006,0.0,0.0,1.0,18.0
0.0,-362.6884323100876,398.8409300669714,0.0,0.0,1.0,18.0
0.0,-380.68397113679157,389.6805896302387,0.0,0.0,1.0,18.0
0.0,-356.3843268531293,418.65744062245676,0.0,0.0,1.0,18.0
0.0,-366.19782510320033,404.5289468892595,0.0,0.0,1.0,18.0
0.0,-367.71682752373545,405.5412345114041,0.0,0.0,1.0,18.0
0.0,-382.2734397994807,377.9901232916675,0.0,0.0,1.0,18.0
0.0,-393.4654605536796,453.0768045895088,0.0,0.0,1.0,18.0
0.0,-351.2381436254518,409.60335070905035,0.0,0.0,1.0,18.0
0.0,-363.803312085529,415.12319626004546,0.0,0.0,1.0,18.0
0.0,-342.37181837951266,399.8982451130064,0.0,0.0,1.0,18.0
0.0,-300.755813422448,401.0218552158153,0.0,0.0,1.0,18.0
0.0,-301.94055903596745,400.36192196303523,0.0,0.0,1.0,18.0
0.0,-325.73735652379355,406.3431433387516,0.0,0.0,1.0,18.0
0.0,-339.2176280313613,402.33395848174905,0.0,0.0,1.0,18.0
0.0,-291.8543878543287,385.012684469099,0.0,0.0,1.0,18.0
0.0,-298.1291680688812,392.5303061112254,0.0,0.0,1.0,18.0
0.0,-311.14852566335503,400.81368469992026,0.0,0.0,1.0,18.0
0.0,-304.63830835560793,396.5466800191334,0.0,0.0,1.0,18.0
0.0,-298.84725270274794,422.5806751025914,0.0,0.0,1.0,18.0
0.0,-307.29494734606783,433.74540945516856,0.0,0.0,1.0,18.0
0.0,-318.8036271827614,410.0058695443024,0.0,0.0,1.0,18.0
0.0,-302.5203432570122,419.39873690605236,0.0,0.0,1.0,18.0
0.0,-326.5819320865128,462.5326681692636,0.0,0.0,1.0,18.0
0.0,-333.15094049200525,407.13914104397236,0.0,0.0,1.0,18.0
0.0,-303.8809671809511,407.1573810527948,0.0,0.0,1.0,18.0
0.0,-314.1225193364012,401.0196037879766,0.0,0.0,1.0,18.0
0.0,-309.40504568278857,415.650899208018,0.0,0.0,1.0,18.0
0.0,-301.3187256500705,380.47361706482275,0.0,0.0,1.0,18.0
0.0,-300.43848262794154,463.01377982529584,0.0,0.0,1.0,18.0
0.0,-312.8358198504011,392.3523004442361,0.0,0.0,1.0,18.0
0.0,-295.18083057973877,404.7179571442175,0.0,0.0,1.0,18.0
0.0,-302.75480726681644,390.5079016019838,0.0,0.0,1.0,18.0
0.0,-332.40491434162004,360.3878350844084,0.0,0.0,1.0,18.0
0.0,-314.6769198728466,377.6839955880648,0.0,0.0,1.0,18.0
0.0,-302.82461927665895,380.7416844235827,0.0,0.0,1.0,18.0
0.0,-283.74843264160154,400.26615223869203,0.0,0.0,1.0,18.0
0.0,-330.94943356529154,388.42019602948176,0.0,0.0,1.0,18.0
0.0,-292.69373533562157,377.7681862674124,0.0,0.0,1.0,18.0
0.0,-320.72060417490957,381.53494472864236,0.0,0.0,1.0,18.0
0.0,-321.02627994975137,412.3418705923814,0.0,0.0,1.0,18.0
0.0,-298.2980418207003,409.1306538726542,0.0,0.0,1.0,18.0
0.0,-313.6133224993514,492.7207599586236,0.0,0.0,1.0,18.0
0.0,-263.1749077552895,444.2658879302039,0.0,0.0,1.0,18.0
0.0,-275.70563658218657,432.1469116493147,0.0,0.0,1.0,18.0
0.0,-264.79898000948515,447.80297719036867,0.0,0.0,1.0,18.0
0.0,-277.4752540018226,415.41872857621274,0.0,0.0,1.0,18.0
0.0,-266.74710057727725,475.588460606931,0.0,0.0,1.0,18.0
0.0,-256.02287510002907,436.7009878445656,0.0,0.0,1.0,18.0
0.0,-263.48657346543064,426.1294474041049,0.0,0.0,1.0,18.0
0.0,-248.85174105655415,440.8031751682993,0.0,0.0,1.0,18.0
0.0,-266.86842114077217,458.7421234436508,0.0,0.0,1.0,18.0
0.0,-298.4722296824789,443.61976785885486,0.0,0.0,1.0,18.0
0.0,-269.2237820581545,435.4747481865795,0.0,0.0,1.0,18.0
0.0,-259.8837708281285,427.98418116343805,0.0,0.0,1.0,18.0
0.0,-310.89235944651455,474.3728665426506,0.0,0.0,1.0,18.0
0.0,-269.8380288839162,451.550565159755,0.0,0.0,1.0,18.0
0.0,-281.01886124301063,458.0454015417188,0.0,0.0,1.0,18.0
0.0,-269.0187151314253,423.20199997000145,0.0,0.0,1.0,18.0
0.0,-259.5755324603633,458.4995260081239,0.0,0.0,1.0,18.0
0.0,-280.64348135752584,428.12512115884465,0.0,0.0,1.0,18.0
0.0,-258.8593817192095,438.325670908403,0.0,0.0,1.0,18.0
0.0,-246.96561958531674,441.44735208010934,0.0,0.0,1.0,18.0
0.0,-278.41965615096956,443.50384289408794,0.0,0.0,1.0,18.0
0.0,-263.56963631365124,416.9858294456849,0.0,0.0,1.0,18.0
0.0,-265.3128796549629,435.9579550175263,0.0,0.0,1.0,18.0
0.0,-287.7861511164999,447.9543553239712,0.0,0.0,1.0,18.0
0.0,-278.8699506312055,435.07481329820666,0.0,0.0,1.0,18.0
0.0,-277.25515748244607,442.3052633840616,0.0,0.0,1.0,18.0
0.0,-387.6109300586213,328.7428077283216,0.0,0.0,1.0,19.0
0.0,-432.4766302104106,370.62906123822995,0.0,0.0,1.0,19.0
0.0,-444.64531299326404,373.91997236542466,0.0,0.0,1.0,19.0
0.0,-453.4372422280519,367.1453770593296,0.0,0.0,1.0,19.0
0.0,-445.11130820722656,360.44034831910403,0.0,0.0,1.0,19.0
0.0,-440.68446732138034,373.53967168319696,0.0,0.0,1.0,19.0
0.0,-440.5165832739244,381.35490384201967,0.0,0.0,1.0,19.0
0.0,-437.9439088922734,371.63557981719964,0.0,0.0,1.0,19.0
0.0,-427.4794059023686,308.86490286605977,0.0,0.0,1.0,19.0
0.0,-450.56749679900986,359.52487039744096,0.0,0.0,1.0,19.0
0.0,-439.0546116567016,381.8784956959885,0.0,0.0,1.0,19.0
0.0,-467.72790993595015,369.2928950196135,0.0,0.0,1.0,19.0
0.0,-463.85239682805854,376.7500744422223,0.0,0.0,1.0,19.0
0.0,-426.7187760177558,357.38164137450053,0.0,0.0,1.0,19.0
0.0,-487.7106813412281,344.09618492469554,0.0,0.0,1.0,19.0
0.0,-461.0924990757776,376.0518019974229,0.0,0.0,1.0,19.0
0.0,-443.7450154454284,369.0729667814055,0.0,0.0,1.0,19.0
0.0,-473.92038097285433,364.1777952495504,0.0,0.0,1.0,19.0
0.0,-430.8402595337993,353.90920694440183,0.0,0.0,1.0,19.0
0.0,-475.9846248394223,355.79316256545576,0.0,0.0,1.0,19.0
0.0,-460.4341460509528,338.07917580450203,0.0,0.0,1.0,19.0
0.0,-455.51944173389666,329.6760027130547,0.0,0.0,1.0,19.0
0.0,-429.8975664754496,351.11193503896743,0.0,0.0,1.0,19.0
0.0,-469.59101989996736,382.33960623632856,0.0,0.0,1.0,19.0
0.0,-447.0616971764789,370.06017325784296,0.0,0.0,1.0,19.0
0.0,-489.7360919031505,309.645337240911,0.0,0.0,1.0,19.0
0.0,-487.0199468705698,358.9940612607709,0.0,0.0,1.0,19.0
0.0,-492.1259401726288,321.88743993256435,0.0,0.0,1.0,19.0
0.0,-503.8220322708311,303.6125524113695,0.0,0.0,1.0,19.0
0.0,-496.7279862752275,341.3514211612671,0.0,0.0,1.0,19.0
0.0,-514.2422055459515,333.6444409844821,0.0,0.0,1.0,19.0
0.0,-512.3459183482805,304.18642292447544,0.0,0.0,1.0,19.0
0.0,-513.5651567429006,333.11276582811615,0.0,0.0,1.0,19.0
0.0,-463.777421453691,261.9566563677015,0.0,0.0,1.0,19.0
0.0,-483.3719640233179,311.85075814787706,0.0,0.0,1.0,19.0
0.0,-459.1436095507745,346.6365132344083,0.0,0.0,1.0,19.0
0.0,-502.1951215373107,344.36330531932026,0.0,0.0,1.0,19.0
0.0,-482.0088047121902,342.98103920304584,0.0,0.0,1.0,19.0
0.0,-502.4675645059351,316.3542416748919,0.0,0.0,1.0,19.0
0.0,-489.9728645682917,321.25849075011365,0.0,0.0,1.0,19.0
0.0,-516.5552232748067,341.0667438828275,0.0,0.0,1.0,19.0
0.0,-536.0802154531008,323.60094949958557,0.0,0.0,1.0,19.0
0.0,-490.7082008953686,350.38825514400787,0.0,0.0,1.0,19.0
0.0,-500.2858524889806,331.74253613661995,0.0,0.0,1.0,19.0
0.0,-510.9813785421626,340.04383116245344,0.0,0.0,1.0,19.0
0.0,-500.87826021078354,331.8075721197754,0.0,0.0,1.0,19.0
0.0,-505.4939735842711,334.9339530105476,0.0,0.0,1.0,19.0
0.0,-513.6155103751054,331.49606828927085,0.0,0.0,1.0,19.0
0.0,-498.73689126040597,301.8450652359054,0.0,0.0,1.0,19.0
0.0,-493.14879977254293,327.0502596655724,0.0,0.0,1.0,19.0
0.0,-515.7379919893442,329.92057701777594,0.0,0.0,1.0,19.0
0.0,-504.6562005856305,308.5556230278112,0.0,0.0,1.0,19.0
0.0,-489.4042949895879,300.0920542248357,0.0,0.0,1.0,19.0
0.0,-512.0450886568675,325.191233675833,0.0,0.0,1.0,19.0
0.0,-503.7346101498798,279.846078463773,0.0,0.0,1.0,19.0
0.0,-518.3349055409757,347.68540521729506,0.0,0.0,1.0,19.0
0.0,-519.2281333220263,317.31504336652915,0.0,0.0,1.0,19.0
0.0,-489.84739594698897,317.34163992600884,0.0,0.0,1.0,19.0
0.0,-514.7899131153473,296.45887388633673,0.0,0.0,1.0,19.0
0.0,-482.6809265291064,288.5081104889416,0.0,0.0,1.0,19.0
0.0,-504.4780631913727,296.25319312095417,0.0,0.0,1.0,19.0
0.0,-464.82585234096996,320.44686585558065,0.0,0.0,1.0,19.0
0.0,-492.36122618288437,302.51202183575833,0.0,0.0,1.0,19.0
0.0,-526.1220114560546,264.4072624655371,0.0,0.0,1.0,19.0
0.0,-503.0173445563705,278.78997160166205,0.0,0.0,1.0,19.0
0.0,-527.8713755605988,262.50717099444637,0.0,0.0,1.0,19.0
0.0,-511.43286080832786,264.44445464104797,0.0,0.0,1.0,19.0
0.0,-503.356598999246,259.7989734659575,0.0,0.0,1.0,19.0
0.0,-509.2604886841109,277.7448851573513,0.0,0.0,1.0,19.0
0.0,-534.1684996224416,266.504962835123,0.0,0.0,1.0,19.0
0.0,-514.6811699019436,261.45839953292443,0.0,0.0,1.0,19.0
0.0,-480.45611745888675,249.68668630658203,0.0,0.0,1.0,19.0
0.0,-507.98340679953947,273.5470009813264,0.0,0.0,1.0,19.0
0.0,-506.62461979048237,239.77355668041037,0.0,0.0,1.0,19.0
0.0,-523.8950291163897,262.9058616757891,0.0,0.0,1.0,19.0
0.0,-502.8102131004172,261.82005736998076,0.0,0.0,1.0,19.0
0.0,-521.9122589476076,285.00392711751715,0.0,0.0,1.0,19.0
0.0,-461.0578751582648,299.7005904652285,0.0,0.0,1.0,19.0
0.0,-531.9682546672208,269.4610228519996,0.0,0.0,1.0,19.0
0.0,-522.1709667019428,281.74825659689486,0.0,0.0,1.0,19.0
0.0,-507.97243464584517,258.7167823222662,0.0,0.0,1.0,19.0
0.0,-506.2715421516996,245.59956868148288,0.0,0.0,1.0,19.0
0.0,-512.7455481466959,251.16676816701715,0.0,0.0,1.0,19.0
0.0,-522.8235124594577,268.17285375973347,0.0,0.0,1.0,19.0
0.0,-560.8685090697728,260.5276871992776,0.0,0.0,1.0,19.0
0.0,-501.5828420098321,300.0050152971651,0.0,0.0,1.0,19.0
0.0,-497.6435308834142,241.9591751237292,0.0,0.0,1.0,19.0
0.0,-531.1413464628548,245.3287012131982,0.0,0.0,1.0,19.0
0.0,-523.00744707003,252.60860980115467,0.0,0.0,1.0,19.0
0.0,-508.16725614869586,286.35141782181677,0.0,0.0,1.0,19.0
0.0,-544.823667156139,271.26754876377686,0.0,0.0,1.0,19.0
0.0,-507.252420130289,278.1852087328807,0.0,0.0,1.0,19.0
0.0,-514.3025952941427,261.55344571379146,0.0,0.0,1.0,19.0
0.0,-527.1462469981922,275.1382485805218,0.0,0.0,1.0,19.0
0.0,-518.0477297972016,262.6240273359915,0.0,0.0,1.0,19.0
0.0,-483.79437520692613,226.47689918483752,0.0,0.0,1.0,19.0
0.0,-477.6837168329098,218.506044281992,0.0,0.0,1.0,19.0
0.0,-488.6662547985235,228.47630552974533,0.0,0.0,1.0,19.0
0.0,-440.22785570415635,234.78656557628437,0.0,0.0,1.0,19.0
0.0,-438.79315835197394,200.12979859130337,0.0,0.0,1.0,19.0
0.0,-467.243154805396,218.7427208328188,0.0,0.0,1.0,19.0
0.0,-490.28068072615235,203.3860436681432,0.0,0.0,1.0,19.0
0.0,-493.7994299957363,247.21212616523417,0.0,0.0,1.0,19.0
0.0,-470.86285706331114,218.4464137858456,0.0,0.0,1.0,19.0
0.0,-462.5693628910176,230.6583787908421,0.0,0.0,1.0,19.0
0.0,-482.90383951949605,214.51563716256646,0.0,0.0,1.0,19.0
0.0,-482.4607559422435,265.35738963961876,0.0,0.0,1.0,19.0
0.0,-499.2965804890266,202.56086139486683,0.0,0.0,1.0,19.0
0.0,-488.12772132804946,219.25619346108465,0.0,0.0,1.0,19.0
0.0,-479.1902175593591,215.79648733337422,0.0,0.0,1.0,19.0
0.0,-453.12252411544523,270.0768973304953,0.0,0.0,1.0,19.0
0.0,-484.6330392435357,187.23248931338662,0.0,0.0,1.0,19.0
0.0,-424.09015108004814,260.3241052324429,0.0,0.0,1.0,19.0
0.0,-477.1384471122443,192.95460918254275,0.0,0.0,1.0,19.0
0.0,-453.73502496350284,269.7989829379917,0.0,0.0,1.0,19.0
0.0,-499.28753125797914,219.5111660356954,0.0,0.0,1.0,19.0
0.0,-470.5063407823302,177.03533120411635,0.0,0.0,1.0,19.0
0.0,-483.91084296210374,217.81088135366758,0.0,0.0,1.0,19.0
0.0,-448.400509403034,266.05116193617755,0.0,0.0,1.0,19.0
0.0,-490.4556171924188,222.041541273157,0.0,0.0,1.0,19.0
0.0,-460.88848949948397,221.21485770077402,0.0,0.0,1.0,19.0
0.0,-490.73419073632647,270.3413965386012,0.0,0.0,1.0,19.0
0.0,-481.43015275427,227.0363157697734,0.0,0.0,1.0,19.0
0.0,-464.0928677118801,218.38492610156322,0.0,0.0,1.0,19.0
0.0,-444.6247694589615,214.31300213454506,0.0,0.0,1.0,19.0
0.0,-497.0321995784167,198.83770672213586,0.0,0.0,1.0,19.0
0.0,-419.7057574051762,217.12613502323734,0.0,0.0,1.0,19.0
0.0,-392.61706271962066,227.82977887351922,0.0,0.0,1.0,19.0
0.0,-437.9322671423282,228.69700125185523,0.0,0.0,1.0,19.0
0.0,-414.2047467524101,194.74373478274583,0.0,0.0,1.0,19.0
0.0,-435.15770670546874,185.59950590756102,0.0,0.0,1.0,19.0
0.0,-403.2217774931073,225.5501998013433,0.0,0.0,1.0,19.0
0.0,-400.8217284441647,187.64944608130168,0.0,0.0,1.0,19.0
0.0,-406.70342271738787,184.89947258052894,0.0,0.0,1.0,19.0
0.0,-395.78560423658064,210.56086504686778,0.0,0.0,1.0,19.0
0.0,-404.98377063937096,182.41490496568372,0.0,0.0,1.0,19.0
0.0,-421.3944060299641,199.8698947278972,0.0,0.0,1.0,19.0
0.0,-405.92056321696566,222.43420599013098,0.0,0.0,1.0,19.0
0.0,-434.514193593599,171.67116947700242,0.0,0.0,1.0,19.0
0.0,-369.08228967593163,274.66157784648954,0.0,0.0,1.0,19.0
0.0,-419.33547385312727,201.2395479066222,0.0,0.0,1.0,19.0
0.0,-423.0673601842318,217.1754748392584,0.0,0.0,1.0,19.0
0.0,-431.74326342596476,194.8853344631516,0.0,0.0,1.0,19.0
0.0,-419.22614010537006,181.54191465699955,0.0,0.0,1.0,19.0
0.0,-435.87088514896436,207.21977562688244,0.0,0.0,1.0,19.0
0.0,-418.4066619358168,217.94219805274838,0.0,0.0,1.0,19.0
0.0,-420.4613778808123,233.0291959665442,0.0,0.0,1.0,19.0
0.0,-413.29518406962256,199.63089132499817,0.0,0.0,1.0,19.0
0.0,-391.7308538070929,214.8359102344707,0.0,0.0,1.0,19.0
0.0,-398.5725573575055,211.23624509385718,0.0,0.0,1.0,19.0
0.0,-384.39632627860567,213.04442721141254,0.0,0.0,1.0,19.0
0.0,-439.8798322741527,200.34375503290835,0.0,0.0,1.0,19.0
0.0,-439.45306172986807,198.57751430492726,0.0,0.0,1.0,19.0
0.0,-432.81355632558643,220.41115659197771,0.0,0.0,1.0,19.0
0.0,-402.29381854652365,221.09878310553722,0.0,0.0,1.0,19.0
0.0,-425.4717295927701,184.78577504429654,0.0,0.0,1.0,19.0
0.0,-427.3586553076898,195.0363109053303,0.0,0.0,1.0,19.0
0.0,-410.7081126740668,191.90288108138793,0.0,0.0,1.0,19.0
0.0,-440.88190948051295,200.22430529938288,0.0,0.0,1.0,19.0
0.0,-416.18949889008195,220.09081346407743,0.0,0.0,1.0,19.0
0.0,-353.1390995822635,264.6373344105266,0.0,0.0,1.0,19.0
0.0,-389.66734195192134,211.41183977446963,0.0,0.0,1.0,19.0
0.0,-377.06775648784946,212.92664240282238,0.0,0.0,1.0,19.0
0.0,-347.88356889569536,236.4323203535746,0.0,0.0,1.0,19.0
0.0,-373.7401881724991,244.36835743723077,0.0,0.0,1.0,19.0
0.0,-354.15095449576995,258.686885033723,0.0,0.0,1.0,19.0
0.0,-412.08530008617856,268.1760901545656,0.0,0.0,1.0,19.0
0.0,-381.05191398774934,248.7149844159742,0.0,0.0,1.0,19.0
0.0,-360.20374927775015,243.06594429974575,0.0,0.0,1.0,19.0
0.0,-361.5592276152345,273.58635052002955,0.0,0.0,1.0,19.0
0.0,-334.6751192848492,271.3635829887994,0.0,0.0,1.0,19.0
0.0,-387.7610182337472,237.91313476258756,0.0,0.0,1.0,19.0
0.0,-347.1220737861004,221.78653853215405,0.0,0.0,1.0,19.0
0.0,-350.05581807124247,233.40789835592705,0.0,0.0,1.0,19.0
0.0,-382.8323112222972,250.44000815277855,0.0,0.0,1.0,19.0
0.0,-343.4520294145801,260.0454394182034,0.0,0.0,1.0,19.0
0.0,-356.1614228801776,222.73872151293813,0.0,0.0,1.0,19.0
0.0,-355.0471209125096,245.0131305790078,0.0,0.0,1.0,19.0
0.0,-370.6876515721249,293.6872474749316,0.0,0.0,1.0,19.0
0.0,-384.6333830850251,251.35784112432952,0.0,0.0,1.0,19.0
0.0,-384.0651430183668,241.5660472966067,0.0,0.0,1.0,19.0
0.0,-375.06899520254865,251.94815881371824,0.0,0.0,1.0,19.0
0.0,-343.72162005298696,248.95731875322826,0.0,0.0,1.0,19.0
0.0,-370.44605889786885,226.6507242972732,0.0,0.0,1.0,19.0
0.0,-395.6089845848603,228.9905820090321,0.0,0.0,1.0,19.0
0.0,-346.00010017377394,229.52918917557486,0.0,0.0,1.0,19.0
0.0,-362.90775456789197,212.81023839283012,0.0,0.0,1.0,19.0
0.0,-369.1722330337532,257.8935954219851,0.0,0.0,1.0,19.0
0.0,-367.2806401489729,261.5767447638675,0.0,0.0,1.0,19.0
0.0,-376.46538844377505,224.2889871691532,0.0,0.0,1.0,19.0
0.0,-378.6414752680006,214.45015559968124,0.0,0.0,1.0,19.0
0.0,-366.34529805449665,258.5546995045836,0.0,0.0,1.0,19.0
0.0,-378.7935298957734,252.45244896478107,0.0,0.0,1.0,19.0
0.0,-377.0623855178303,242.7573811571358,0.0,0.0,1.0,19.0
0.0,-359.54091715731806,243.21693584016612,0.0,0.0,1.0,19.0
0.0,-368.8766910054402,227.45948386562077,0.0,0.0,1.0,19.0
0.0,-388.2134617300685,265.9888904598831,0.0,0.0,1.0,19.0
0.0,-375.556799851802,251.17396432209625,0.0,0.0,1.0,19.0
0.0,-384.977817057941,214.5819053945272,0.0,0.0,1.0,19.0
0.0,-355.93112673957614,227.41937635277486,0.0,0.0,1.0,19.0
0.0,-347.9207229241074,281.39437540951417,0.0,0.0,1.0,19.0
0.0,-361.2250530878756,231.57453479406558,0.0,0.0,1.0,19.0
0.0,-357.03460905613156,288.0807206645202,0.0,0.0,1.0,19.0
0.0,-359.58867620688534,283.13706638229155,0.0,0.0,1.0,19.0
0.0,-382.9623512400956,225.06795014342993,0.0,0.0,1.0,19.0
0.0,-336.57607276611134,221.03950197773338,0.0,0.0,1.0,19.0
0.0,-377.8486341903049,257.4568599504071,0.0,0.0,1.0,19.0
0.0,-367.7024459229556,216.51648318362436,0.0,0.0,1.0,19.0
0.0,-360.25425325651304,253.75520714348,0.0,0.0,1.0,19.0
0.0,-345.2975457141314,216.72899737310672,0.0,0.0,1.0,19.0
0.0,-371.44622324676914,248.99669343017968,0.0,0.0,1.0,19.0
0.0,-381.7482348694607,243.0432646563247,0.0,0.0,1.0,19.0
0.0,-392.08606866942137,230.95204000126387,0.0,0.0,1.0,19.0
0.0,-351.9971221254543,278.4181661179407,0.0,0.0,1.0,19.0
0.0,-355.32897049932717,276.1869735776693,0.0,0.0,1.0,19.0
0.0,-346.19497970872635,276.3227430497964,0.0,0.0,1.0,19.0
0.0,-345.7222190075345,336.0665642614051,0.0,0.0,1.0,19.0
0.0,-370.2347093490474,305.78181222404373,0.0,0.0,1.0,19.0
0.0,-354.1754230919837,304.92928951877116,0.0,0.0,1.0,19.0
0.0,-350.2421428463168,311.4085901411754,0.0,0.0,1.0,19.0
0.0,-352.90073265717615,298.31529683079634,0.0,0.0,1.0,19.0
0.0,-332.17892335830584,299.6210045583766,0.0,0.0,1.0,19.0
0.0,-359.8603683965671,307.8158733709838,0.0,0.0,1.0,19.0
0.0,-350.29026656987514,244.66856111912944,0.0,0.0,1.0,19.0
0.0,-372.0686765477485,341.9645601742386,0.0,0.0,1.0,19.0
0.0,-367.37445033225924,301.822532829588,0.0,0.0,1.0,19.0
0.0,-362.12298997674907,290.79185077812326,0.0,0.0,1.0,19.0
0.0,-340.3027141229825,313.0854010865828,0.0,0.0,1.0,19.0
0.0,-331.7221091159943,309.43700353963413,0.0,0.0,1.0,19.0
0.0,-346.47486604743676,300.1352403362823,0.0,0.0,1.0,19.0
0.0,-341.71852914729425,306.1769860638608,0.0,0.0,1.0,19.0
0.0,-383.7227882039763,249.51871337678813,0.0,0.0,1.0,19.0
0.0,-365.5126473609972,314.01816727350365,0.0,0.0,1.0,19.0
0.0,-356.4559294710298,295.6777973870735,0.0,0.0,1.0,19.0
0.0,-373.8833530592349,301.14230104278545,0.0,0.0,1.0,19.0
0.0,-371.46116955818627,326.6280087073824,0.0,0.0,1.0,19.0
0.0,-348.99572053604015,297.2122742035474,0.0,0.0,1.0,19.0
0.0,-388.2286840521722,273.87676605403954,0.0,0.0,1.0,19.0
0.0,-357.2307729679103,289.1731084431451,0.0,0.0,1.0,19.0
0.0,-362.8153841547545,294.9269860917018,0.0,0.0,1.0,19.0
0.0,-366.2014897921839,337.53882481471715,0.0,0.0,1.0,19.0
0.0,-345.7513463540877,270.35435954992613,0.0,0.0,1.0,19.0
0.0,-410.6450125263434,273.58656275424573,0.0,0.0,1.0,19.0
0.0,-377.0208368824847,308.33721874894354,0.0,0.0,1.0,19.0
0.0,-343.73968368961255,292.41607672807777,0.0,0.0,1.0,19.0
0.0,-374.9686228401729,353.18272947831474,0.0,0.0,1.0,19.0
0.0,-374.9059911950558,336.8688013433457,0.0,0.0,1.0,19.0
0.0,-405.4849284881054,331.8413233526371,0.0,0.0,1.0,19.0
0.0,-386.36998246283986,365.92106966753727,0.0,0.0,1.0,19.0
0.0,-406.48467088894813,357.8540071641048,0.0,0.0,1.0,19.0
0.0,-388.5955621074696,347.0983868448059,0.0,0.0,1.0,19.0
0.0,-386.5207079190675,292.1184984665683,0.0,0.0,1.0,19.0
0.0,-424.18602046905994,358.6769583341893,0.0,0.0,1.0,19.0
0.0,-384.45399422071455,340.9734681773741,0.0,0.0,1.0,19.0
0.0,-390.81554882863975,363.57623646475895,0.0,0.0,1.0,19.0
0.0,-364.73029134710123,321.2513908712551,0.0,0.0,1.0,19.0
0.0,-369.9060158184277,335.9169349113695,0.0,0.0,1.0,19.0
0.0,-373.20177618929927,361.2581774540058,0.0,0.0,1.0,19.0
0.0,-421.35838606383015,376.40501823725094,0.0,0.0,1.0,19.0
0.0,-388.48038707433614,371.14460774107374,0.0,0.0,1.0,19.0
0.0,-371.69676374202595,363.5413275911965,0.0,0.0,1.0,19.0
0.0,-377.64407717874576,359.1753931388148,0.0,0.0,1.0,19.0
0.0,-383.4427991078031,376.5975864666432,0.0,0.0,1.0,19.0
0.0,-362.2310854357456,342.78787377882327,0.0,0.0,1.0,19.0
0.0,-366.53616500104454,343.08709414132045,0.0,0.0,1.0,19.0
0.0,-392.51670321780534,359.6652893054336,0.0,0.0,1.0,19.0
0.0,-408.6909218993186,339.0396692288941,0.0,0.0,1.0,19.0
0.0,-362.228366539573,320.7032459859561,0.0,0.0,1.0,19.0
0.0,-398.18007141746875,372.89136202033774,0.0,0.0,1.0,19.0
0.0,-388.2274692897405,328.6621004818908,0.0,0.0,1.0,19.0
0.0,-387.88640041130657,336.94960391026257,0.0,0.0,1.0,19.0
0.0,-365.1399917158368,365.3144351595731,0.0,0.0,1.0,19.0
0.0,-391.8976679161956,336.2362421491507,0.0,0.0,1.0,19.0
0.0,-384.15539744022817,356.19617898632464,0.0,0.0,1.0,19.0
0.0,-409.1929134750353,372.61605666086007,0.0,0.0,1.0,19.0
0.0,-369.2665281145594,360.3933851388026,0.0,0.0,1.0,19.0
0.0,-378.702709032018,327.7112034538268,0.0,0.0,1.0,19.0
0.0,-383.81957546667843,340.50697852184953,0.0,0.0,1.0,19.0
0.0,-402.8740413493787,344.22820461787865,0.0,0.0,1.0,19.0
0.0,-364.9990408497424,366.9394625765335,0.0,0.0,1.0,19.0
0.0,-564.8889449210815,144.85156128550057,0.0,0.0,1.0,20.0
0.0,-505.3156349332719,142.88358358642608,0.0,0.0,1.0,20.0
0.0,-525.8716120370904,172.49525230465338,0.0,0.0,1.0,20.0
0.0,-514.5869063842086,148.54331023238183,0.0,0.0,1.0,20.0
0.0,-516.6394590331778,148.56342621486192,0.0,0.0,1.0,20.0
0.0,-555.1450256123372,148.42387853728383,0.0,0.0,1.0,20.0
0.0,-511.96802631851017,145.28265725511505,0.0,0.0,1.0,20.0
0.0,-519.4721737864335,159.38411281629124,0.0,0.0,1.0,20.0
0.0,-534.0248011744931,110.39724374037382,0.0,0.0,1.0,20.0
0.0,-498.15888410829757,181.13690937674937,0.0,0.0,1.0,20.0
0.0,-538.6969705338549,142.9055637157478,0.0,0.0,1.0,20.0
0.0,-495.657485029564,177.7707022577422,0.0,0.0,1.0,20.0
0.0,-514.666537449339,130.31206985512517,0.0,0.0,1.0,20.0
0.0,-546.9794589686355,144.81418195393985,0.0,0.0,1.0,20.0
0.0,-527.9662213176641,146.29056082800253,0.0,0.0,1.0,20.0
0.0,-532.6824795092497,149.70293506304824,0.0,0.0,1.0,20.0
0.0,-570.3783215639478,139.3313643692759,0.0,0.0,1.0,20.0
0.0,-516.0351013346831,168.9664393590051,0.0,0.0,1.0,20.0
0.0,-528.644321209368,150.6586804049707,0.0,0.0,1.0,20.0
0.0,-528.6179645228931,171.73971427802007,0.0,0.0,1.0,20.0
0.0,-529.1833739036725,148.82716330943185,0.0,0.0,1.0,20.0
0.0,-573.2386227875289,95.80186690494247,0.0,0.0,1.0,20.0
0.0,-551.7411334096829,103.9784063576335,0.0,0.0,1.0,20.0
0.0,-591.1971929137799,120.49820243248632,0.0,0.0,1.0,20.0
0.0,-576.6736980915736,99.82028339537578,0.0,0.0,1.0,20.0
0.0,-528.9926268079606,118.68515345457331,0.0,0.0,1.0,20.0
0.0,-608.6646457513617,106.71829080434122,0.0,0.0,1.0,20.0
0.0,-569.8115361999487,140.2767653627061,0.0,0.0,1.0,20.0
0.0,-528.2715328193392,64.37688257532,0.0,0.0,1.0,20.0
0.0,-557.5496954061363,126.05893766208442,0.0,0.0,1.0,20.0
0.0,-550.338742936152,120.71554560377831,0.0,0.0,1.0,20.0
0.0,-558.1187780453425,93.13420289545479,0.0,0.0,1.0,20.0
0.0,-587.6933047249454,117.90491417004364,0.0,0.0,1.0,20.0
0.0,-535.5897640315766,118.25505165287404,0.0,0.0,1.0,20.0
0.0,-560.8069329115674,127.23221899431337,0.0,0.0,1.0,20.0
0.0,-542.0454351123261,133.82705465582626,0.0,0.0,1.0,20.0
0.0,-581.3487842075333,104.77020980940438,0.0,0.0,1.0,20.0
0.0,-553.4653944614181,123.38340036723753,0.0,0.0,1.0,20.0
0.0,-577.2052820421166,116.43999560394741,0.0,0.0,1.0,20.0
0.0,-571.7021647649248,109.82888413835803,0.0,0.0,1.0,20.0
0.0,-547.3945244304928,103.24653232538708,0.0,0.0,1.0,20.0
0.0,-556.957909996088,129.19984161537968,0.0,0.0,1.0,20.0
0.0,-523.4530109002907,145.54323345681019,0.0,0.0,1.0,20.0
0.0,-564.6953900612515,108.78271184891241,0.0,0.0,1.0,20.0
0.0,-572.3949629011238,95.17316779946168,0.0,0.0,1.0,20.0
0.0,-579.1168455692996,102.60084243026836,0.0,0.0,1.0,20.0
0.0,-574.1188683490265,118.09313630462839,0.0,0.0,1.0,20.0
0.0,-589.6888286530321,109.80115813792804,0.0,0.0,1.0,20.0
0.0,-599.267497129625,124.94382987398126,0.0,0.0,1.0,20.0
0.0,-564.7448246444984,132.37617889434023,0.0,0.0,1.0,20.0
0.0,-499.51431855026703,112.70022949759323,0.0,0.0,1.0,20.0
0.0,-576.6303645021505,102.63395302665185,0.0,0.0,1.0,20.0
0.0,-548.9521987271936,121.80600291632936,0.0,0.0,1.0,20.0
0.0,-597.385412388439,119.32269848558758,0.0,0.0,1.0,20.0
0.0,-579.5456599997618,124.11586712605276,0.0,0.0,1.0,20.0
0.0,-586.6191861565743,95.51974170707263,0.0,0.0,1.0,20.0
0.0,-567.3113671183586,50.205469799474486,0.0,0.0,1.0,20.0
0.0,-599.254066509574,58.31412978252615,0.0,0.0,1.0,20.0
0.0,-566.1353561583801,57.08662951990823,0.0,0.0,1.0,20.0
0.0,-579.4516941553347,43.80087980378312,0.0,0.0,1.0,20.0
0.0,-582.878088580973,66.74683174806705,0.0,0.0,1.0,20.0
0.0,-557.8845007969683,52.02538476838936,0.0,0.0,1.0,20.0
0.0,-594.9417118645378,74.2951929612559,0.0,0.0,1.0,20.0
0.0,-570.8628127268769,77.05874025244816,0.0,0.0,1.0,20.0
0.0,-577.1307164104363,63.0923205540646,0.0,0.0,1.0,20.0
0.0,-559.034575001303,50.859936763367614,0.0,0.0,1.0,20.0
0.0,-560.4421817478639,7.634084655665447,0.0,0.0,1.0,20.0
0.0,-574.9068571971816,34.35939546856116,0.0,0.0,1.0,20.0
0.0,-571.9741992187365,74.48419939142582,0.0,0.0,1.0,20.0
0.0,-579.7482931858573,76.10199778962647,0.0,0.0,1.0,20.0
0.0,-586.0384015597219,59.43620890562556,0.0,0.0,1.0,20.0
0.0,-578.314704401355,46.30780856465185,0.0,0.0,1.0,20.0
0.0,-587.6383303824344,66.93027899677622,0.0,0.0,1.0,20.0
0.0,-570.5792814927913,62.75191412138224,0.0,0.0,1.0,20.0
0.0,-548.4232148930544,-6.938650401388259,0.0,0.0,1.0,20.0
0.0,-513.5129080134701,19.28553395462768,0.0,0.0,1.0,20.0
0.0,-525.016403147858,38.8402196770744,0.0,0.0,1.0,20.0
0.0,-542.7908829958594,14.023514656568977,0.0,0.0,1.0,20.0
0.0,-521.5736174846677,10.856347377419297,0.0,0.0,1.0,20.0
0.0,-507.8456269403887,14.55477169830101,0.0,0.0,1.0,20.0
0.0,-503.4229604954734,2.7722369221767167,0.0,0.0,1.0,20.0
0.0,-553.0021821119747,1.3107976795224658,0.0,0.0,1.0,20.0
0.0,-519.8925496475346,12.64781213454512,0.0,0.0,1.0,20.0
0.0,-545.7421736263396,41.50351770586349,0.0,0.0,1.0,20.0
0.0,-548.2762798620364,-1.8885809521170813,0.0,0.0,1.0,20.0
0.0,-560.9770088477052,4.026345025610908,0.0,0.0,1.0,20.0
0.0,-539.3879572581292,-1.7057174271130862,0.0,0.0,1.0,20.0
0.0,-527.3168903822462,4.590544438140114,0.0,0.0,1.0,20.0
0.0,-525.8625117767392,45.504297975021245,0.0,0.0,1.0,20.0
0.0,-532.6877779481167,33.84040644751167,0.0,0.0,1.0,20.0
0.0,-524.7915421617513,-6.60091239119015,0.0,0.0,1.0,20.0
0.0,-529.2284208652875,29.77609986331163,0.0,0.0,1.0,20.0
0.0,-546.3338574647771,14.70159864990228,0.0,0.0,1.0,20.0
0.0,-574.285634968892,52.17281200089769,0.0,0.0,1.0,20.0
0.0,-522.6130005646477,14.712239863929426,0.0,0.0,1.0,20.0
0.0,-551.9745486362862,34.33904032837904,0.0,0.0,1.0,20.0
0.0,-506.7759416830004,17.043539266821426,0.0,0.0,1.0,20.0
0.0,-549.6477081399445,35.678870216062705,0.0,0.0,1.0,20.0
0.0,-531.7896373413591,24.052548159238086,0.0,0.0,1.0,20.0
0.0,-533.2967688449826,28.07589398818277,0.0,0.0,1.0,20.0
0.0,-519.8348941776088,3.740691895505506,0.0,0.0,1.0,20.0
0.0,-506.92495120147385,-11.610708976081014,0.0,0.0,1.0,20.0
0.0,-552.4800349665761,17.658787218380667,0.0,0.0,1.0,20.0
0.0,-536.471865881886,60.956661118149896,0.0,0.0,1.0,20.0
0.0,-468.87451976115335,17.838129787617618,0.0,0.0,1.0,20.0
0.0,-468.52013325692417,-5.455512204668821,0.0,0.0,1.0,20.0
0.0,-477.4630389654578,26.159289063212782,0.0,0.0,1.0,20.0
0.0,-479.19664228106,53.819231888421655,0.0,0.0,1.0,20.0
0.0,-484.8021847282258,17.03257023421702,0.0,0.0,1.0,20.0
0.0,-501.58763438867857,9.015279126668247,0.0,0.0,1.0,20.0
0.0,-477.28080442806174,9.306407714432453,0.0,0.0,1.0,20.0
0.0,-485.41988617242396,-12.051512018890662,0.0,0.0,1.0,20.0
0.0,-476.13728997540363,6.0451537095407275,0.0,0.0,1.0,20.0
0.0,-482.00553430561683,86.78605380326553,0.0,0.0,1.0,20.0
0.0,-495.51566245161837,16.13876289883592,0.0,0.0,1.0,20.0
0.0,-485.13878492139565,2.2618503322883043,0.0,0.0,1.0,20.0
0.0,-493.9927039538487,15.576440427079433,0.0,0.0,1.0,20.0
0.0,-445.6774601635043,23.30932913441052,0.0,0.0,1.0,20.0
0.0,-473.38449296728675,8.724319893758548,0.0,0.0,1.0,20.0
0.0,-462.9902689126759,15.285492517504736,0.0,0.0,1.0,20.0
0.0,-471.5307636728537,-20.184614397490122,0.0,0.0,1.0,20.0
0.0,-494.515417804767,19.38861996578521,0.0,0.0,1.0,20.0
0.0,-509.1562529536633,-1.5029873478335958,0.0,0.0,1.0,20.0
0.0,-476.94723810650873,3.819184994241141,0.0,0.0,1.0,20.0
0.0,-502.80701176759567,18.343926872599013,0.0,0.0,1.0,20.0
0.0,-482.6549827434445,28.203729406959155,0.0,0.0,1.0,20.0
0.0,-476.50338726270286,4.13987181331413,0.0,0.0,1.0,20.0
0.0,-456.6791057421808,-15.131184780323792,0.0,0.0,1.0,20.0
0.0,-505.4900639626177,6.619052746843181,0.0,0.0,1.0,20.0
0.0,-480.20791175467923,10.221466739739753,0.0,0.0,1.0,20.0
0.0,-482.9715949243673,20.193569141374837,0.0,0.0,1.0,20.0
0.0,-506.3940208132358,-2.6145054279575106,0.0,0.0,1.0,20.0
0.0,-436.8388742655362,20.006770894287683,0.0,0.0,1.0,20.0
0.0,-480.3483302666209,12.333763687862074,0.0,0.0,1.0,20.0
0.0,-492.2691042043667,17.82515213480383,0.0,0.0,1.0,20.0
0.0,-498.36605068528536,24.188273603425614,0.0,0.0,1.0,20.0
0.0,-484.5072222467272,-11.050457928017067,0.0,0.0,1.0,20.0
0.0,-481.58430482394556,-6.182515596044141,0.0,0.0,1.0,20.0
0.0,-471.12861416192936,-2.953381189456877,0.0,0.0,1.0,20.0
0.0,-500.4565662544236,16.12004767107669,0.0,0.0,1.0,20.0
0.0,-460.01039504657524,35.544917705550915,0.0,0.0,1.0,20.0
0.0,-430.6052028262702,81.85018207696749,0.0,0.0,1.0,20.0
0.0,-446.23667583485826,28.691724491165587,0.0,0.0,1.0,20.0
0.0,-409.7202303478566,63.32050172526601,0.0,0.0,1.0,20.0
0.0,-441.48545263924507,35.245360631599624,0.0,0.0,1.0,20.0
0.0,-442.784216873873,39.32437078448902,0.0,0.0,1.0,20.0
0.0,-444.47807632634897,45.36692684510513,0.0,0.0,1.0,20.0
0.0,-443.2596212491609,59.857742835895806,0.0,0.0,1.0,20.0
0.0,-464.4428828154464,38.894453371264035,0.0,0.0,1.0,20.0
0.0,-438.7170513777064,45.0393434792104,0.0,0.0,1.0,20.0
0.0,-416.52493430508,54.655123516075264,0.0,0.0,1.0,20.0
0.0,-417.70502875153784,72.87433128512998,0.0,0.0,1.0,20.0
0.0,-422.30381360341835,69.9299230523061,0.0,0.0,1.0,20.0
0.0,-438.71969009493534,64.06642086087277,0.0,0.0,1.0,20.0
0.0,-442.06492117360096,47.74917901566232,0.0,0.0,1.0,20.0
0.0,-399.15379389384384,43.63728920187327,0.0,0.0,1.0,20.0
0.0,-440.91352158876725,25.52674927100361,0.0,0.0,1.0,20.0
0.0,-423.57885469015764,62.77267606899591,0.0,0.0,1.0,20.0
0.0,-422.11529948213604,60.17564408093108,0.0,0.0,1.0,20.0
0.0,-462.92702388704674,53.98277064717945,0.0,0.0,1.0,20.0
0.0,-485.5896712978081,86.31778895481898,0.0,0.0,1.0,20.0
0.0,-449.89512483595036,57.584018065740565,0.0,0.0,1.0,20.0
0.0,-433.1928238553777,29.11863664686257,0.0,0.0,1.0,20.0
0.0,-443.93311046399094,60.19040513448431,0.0,0.0,1.0,20.0
0.0,-437.2095725053291,64.20035067305093,0.0,0.0,1.0,20.0
0.0,-445.8006284423293,47.104042258781874,0.0,0.0,1.0,20.0
0.0,-421.3341387069506,61.27194852998696,0.0,0.0,1.0,20.0
0.0,-458.6582635545378,43.40879401487064,0.0,0.0,1.0,20.0
0.0,-458.6156977655844,60.60810986564934,0.0,0.0,1.0,20.0
0.0,-470.692636765698,47.46686779253878,0.0,0.0,1.0,20.0
0.0,-446.55940356060955,64.07057091084289,0.0,0.0,1.0,20.0
0.0,-422.36777648248767,48.755777362393246,0.0,0.0,1.0,20.0
0.0,-466.3067410079302,93.77263980950966,0.0,0.0,1.0,20.0
0.0,-471.40655846825325,25.39487484293818,0.0,0.0,1.0,20.0
0.0,-438.91886781618496,49.61170041205287,0.0,0.0,1.0,20.0
0.0,-431.57918805264956,85.06503884530935,0.0,0.0,1.0,20.0
0.0,-447.71654721530626,115.69559908732526,0.0,0.0,1.0,20.0
0.0,-421.70515380300196,103.7015947334603,0.0,0.0,1.0,20.0
0.0,-468.92827448875255,137.24677925187325,0.0,0.0,1.0,20.0
0.0,-424.55447926153397,105.98496020506832,0.0,0.0,1.0,20.0
0.0,-451.9891051136392,117.82594428321568,0.0,0.0,1.0,20.0
0.0,-414.95668459097146,109.4254691162621,0.0,0.0,1.0,20.0
0.0,-460.9573400795691,145.67947586729588,0.0,0.0,1.0,20.0
0.0,-417.97702944296543,126.33341940796458,0.0,0.0,1.0,20.0
0.0,-461.9819036702063,110.45158316622837,0.0,0.0,1.0,20.0
0.0,-425.1442095424695,108.35619905679414,0.0,0.0,1.0,20.0
0.0,-436.557314178415,104.31709793413506,0.0,0.0,1.0,20.0
0.0,-457.7715178156834,85.59287548844941,0.0,0.0,1.0,20.0
0.0,-446.6480363705384,139.91560246675908,0.0,0.0,1.0,20.0
0.0,-421.89464363728393,93.19491700307867,0.0,0.0,1.0,20.0
0.0,-442.81716936302473,134.3527751281581,0.0,0.0,1.0,20.0
0.0,-476.11662506737207,124.15156082418889,0.0,0.0,1.0,20.0
0.0,-419.63756626856286,132.66921079613053,0.0,0.0,1.0,20.0
0.0,-440.7121764674188,116.42702762366366,0.0,0.0,1.0,20.0
0.0,-454.1065498141172,143.81995116292137,0.0,0.0,1.0,20.0
0.0,-429.1513326518507,101.16348638635259,0.0,0.0,1.0,20.0
0.0,-481.4358780433337,151.95427819915426,0.0,0.0,1.0,20.0
0.0,-487.6477196142192,132.60949964452175,0.0,0.0,1.0,20.0
0.0,-483.90010596532863,110.33848285133627,0.0,0.0,1.0,20.0
0.0,-488.24804628240736,161.57451235430563,0.0,0.0,1.0,20.0
0.0,-481.66316277348403,143.90916030502353,0.0,0.0,1.0,20.0
0.0,-465.8287268673706,152.9045563323034,0.0,0.0,1.0,20.0
0.0,-462.89375360832764,180.71775654403177,0.0,0.0,1.0,20.0
0.0,-498.09717227556166,96.19822631261172,0.0,0.0,1.0,20.0
0.0,-479.733090559959,139.1512022402926,0.0,0.0,1.0,20.0
0.0,-472.1401725374003,144.68918319927025,0.0,0.0,1.0,20.0
0.0,-487.9722178316142,147.36998709626187,0.0,0.0,1.0,20.0
0.0,-506.303506374554,160.02127282633592,0.0,0.0,1.0,20.0
0.0,-506.3110070761826,157.99704720909472,0.0,0.0,1.0,20.0
0.0,-494.2243361381288,116.24787769805562,0.0,0.0,1.0,20.0
0.0,-482.690582822072,162.56503895113337,0.0,0.0,1.0,20.0
0.0,-433.05521413993574,-149.50282230168773,0.0,0.0,1.0,21.0
0.0,-428.1752603419309,-184.3001171450437,0.0,0.0,1.0,21.0
0.0,-458.2744547237987,-153.31968703062466,0.0,0.0,1.0,21.0
0.0,-456.942437268656,-186.0828019051894,0.0,0.0,1.0,21.0
0.0,-423.6800298104695,-158.60656758382447,0.0,0.0,1.0,21.0
0.0,-446.09385574314433,-156.44490310984088,0.0,0.0,1.0,21.0
0.0,-461.2398130043557,-193.26282196386046,0.0,0.0,1.0,21.0
0.0,-431.8421083081895,-154.28234696871095,0.0,0.0,1.0,21.0
0.0,-459.16676830720803,-175.72826069410257,0.0,0.0,1.0,21.0
0.0,-417.45115820256,-130.29160486301976,0.0,0.0,1.0,21.0
0.0,-456.8100030550157,-94.6021647379198,0.0,0.0,1.0,21.0
0.0,-434.15454026594966,-126.2528594622454,0.0,0.0,1.0,21.0
0.0,-453.62877130582706,-98.88104032391493,0.0,0.0,1.0,21.0
0.0,-419.5506719245709,-126.29335576462518,0.0,0.0,1.0,21.0
0.0,-447.95015885885573,-130.39583000185712,0.0,0.0,1.0,21.0
0.0,-437.89406189804777,-106.56054003058057,0.0,0.0,1.0,21.0
0.0,-460.5595638662155,-97.72281942595669,0.0,0.0,1.0,21.0
0.0,-437.3669004604294,-127.0023969918825,0.0,0.0,1.0,21.0
0.0,-467.1063136629775,-95.789397457002,0.0,0.0,1.0,21.0
0.0,-437.8031559718836,-114.21489023688423,0.0,0.0,1.0,21.0
0.0,-447.5147819836428,-113.29941579756974,0.0,0.0,1.0,21.0
0.0,-425.72328537033377,-139.06764968496782,0.0,0.0,1.0,21.0
0.0,-436.37581956807526,-111.51504720644402,0.0,0.0,1.0,21.0
0.0,-443.0213817111468,-102.24696958093523,0.0,0.0,1.0,21.0
0.0,-431.7180183801371,-114.78878705861803,0.0,0.0,1.0,21.0
0.0,-456.025770266217,-106.8925482445004,0.0,0.0,1.0,21.0
0.0,-464.23267121996923,-88.64940521439212,0.0,0.0,1.0,21.0
0.0,-456.4944281350222,-162.26567173880903,0.0,0.0,1.0,21.0
0.0,-431.38645604169324,-123.91463647040291,0.0,0.0,1.0,21.0
0.0,-423.68292493304784,-108.23031284477065,0.0,0.0,1.0,21.0
0.0,-440.06603849475323,-105.16270035567254,0.0,0.0,1.0,21.0
0.0,-443.81417485719646,-86.19871996807842,0.0,0.0,1.0,21.0
0.0,-424.93357912414103,-95.13292712722682,0.0,0.0,1.0,21.0
0.0,-470.14670795766096,-97.84927175512348,0.0,0.0,1.0,21.0
0.0,-436.94582458165814,-124.33000522981365,0.0,0.0,1.0,21.0
0.0,-428.14012772405977,-118.04334745950041,0.0,0.0,1.0,21.0
0.0,-426.5187043197602,-112.16740177828251,0.0,0.0,1.0,21.0
0.0,-433.2489428385429,-135.21204025897032,0.0,0.0,1.0,21.0
0.0,-424.02150142637674,-129.63332019303334,0.0,0.0,1.0,21.0
0.0,-441.6534391737657,-113.58624239836308,0.0,0.0,1.0,21.0
0.0,-441.42769015302565,-113.03373169577117,0.0,0.0,1.0,21.0
0.0,-508.61584026548053,-65.92278913319888,0.0,0.0,1.0,21.0
0.0,-483.52592288917856,-81.11777905788222,0.0,0.0,1.0,21.0
0.0,-470.39689618831267,-53.894162507213196,0.0,0.0,1.0,21.0
0.0,-466.9543721074176,-62.222482598234365,0.0,0.0,1.0,21.0
0.0,-473.12390263146574,-68.73087692453555,0.0,0.0,1.0,21.0
0.0,-502.0895574416792,-83.13619202313635,0.0,0.0,1.0,21.0
0.0,-489.83450713157083,-69.24416287218605,0.0,0.0,1.0,21.0
0.0,-480.2609405041122,-58.76207533571596,0.0,0.0,1.0,21.0
0.0,-476.6155634586746,-82.96652084687548,0.0,0.0,1.0,21.0
0.0,-447.555653485617,-71.14137479794249,0.0,0.0,1.0,21.0
0.0,-516.7632023732074,-99.53679140294935,0.0,0.0,1.0,21.0
0.0,-473.32060914496583,-70.1410099419304,0.0,0.0,1.0,21.0
0.0,-480.63400155855106,-92.97325645926185,0.0,0.0,1.0,21.0
0.0,-472.57872191625347,-54.84080835349164,0.0,0.0,1.0,21.0
0.0,-503.64871121950364,-60.66468664714989,0.0,0.0,1.0,21.0
0.0,-457.1597791473131,-63.7013216048922,0.0,0.0,1.0,21.0
0.0,-474.31369694091495,-80.56345416023078,0.0,0.0,1.0,21.0
0.0,-462.2097128509856,-95.41594390954856,0.0,0.0,1.0,21.0
0.0,-472.932113667556,-67.0162625833666,0.0,0.0,1.0,21.0
0.0,-460.009810238706,-60.14614690285521,0.0,0.0,1.0,21.0
0.0,-462.2491181782668,-74.6229757261624,0.0,0.0,1.0,21.0
0.0,-449.417556316317,-76.44261449092573,0.0,0.0,1.0,21.0
0.0,-460.2158930153116,-95.8761103150116,0.0,0.0,1.0,21.0
0.0,-470.3923138761736,-77.58089753276272,0.0,0.0,1.0,21.0
0.0,-467.74908444047287,-73.88174612721377,0.0,0.0,1.0,21.0
0.0,-438.41572568929746,-85.8018005871586,0.0,0.0,1.0,21.0
0.0,-454.60331204539045,-72.42893568920408,0.0,0.0,1.0,21.0
0.0,-469.3163384975188,-62.30459371759889,0.0,0.0,1.0,21.0
0.0,-445.71335881036407,-56.46255686270047,0.0,0.0,1.0,21.0
0.0,-456.47626545692776,-97.50178015998813,0.0,0.0,1.0,21.0
0.0,-473.2175632363949,-95.42513117269709,0.0,0.0,1.0,21.0
0.0,-460.1886358408465,-62.22863811183652,0.0,0.0,1.0,21.0
0.0,-465.3520872259912,-72.08352256121725,0.0,0.0,1.0,21.0
0.0,-482.90015045935775,-91.15121979388869,0.0,0.0,1.0,21.0
0.0,-481.3162557018535,-100.65863269843703,0.0,0.0,1.0,21.0
0.0,-457.62558934367587,-62.734568917273464,0.0,0.0,1.0,21.0
0.0,-505.28072988005,-43.31382245646614,0.0,0.0,1.0,21.0
0.0,-528.979225691431,-55.29682722519806,0.0,0.0,1.0,21.0
0.0,-525.0590249904162,-50.44146048925586,0.0,0.0,1.0,21.0
0.0,-489.90293173277166,-59.891513419605644,0.0,0.0,1.0,21.0
0.0,-530.6818325371336,-38.05503733987234,0.0,0.0,1.0,21.0
0.0,-496.95990226840695,-42.12978034066509,0.0,0.0,1.0,21.0
0.0,-508.60432579235726,-34.089393008219076,0.0,0.0,1.0,21.0
0.0,-510.7839392877971,-14.141692979027084,0.0,0.0,1.0,21.0
0.0,-533.4772695560246,-55.65593651627705,0.0,0.0,1.0,21.0
0.0,-499.32177795898076,-71.46314885872926,0.0,0.0,1.0,21.0
0.0,-512.597700659337,-56.969835744612965,0.0,0.0,1.0,21.0
0.0,-482.1773217148075,-91.96536070093134,0.0,0.0,1.0,21.0
0.0,-502.5376165366797,-60.11049453174087,0.0,0.0,1.0,21.0
0.0,-517.8875091531382,-54.71379268359533,0.0,0.0,1.0,21.0
0.0,-534.9011624398121,-44.24605621716819,0.0,0.0,1.0,21.0
0.0,-490.81425109791996,-28.84705056315329,0.0,0.0,1.0,21.0
0.0,-505.97239388015055,-64.88812707064608,0.0,0.0,1.0,21.0
0.0,-538.6914630878708,-57.538111311522016,0.0,0.0,1.0,21.0
0.0,-497.0741323865991,-32.45129816948861,0.0,0.0,1.0,21.0
0.0,-532.8807480308058,-50.85417260564236,0.0,0.0,1.0,21.0
0.0,-505.88399565943143,-68.28264086667355,0.0,0.0,1.0,21.0
0.0,-522.1163369731476,-53.755625853826814,0.0,0.0,1.0,21.0
0.0,-550.3672177738591,-58.693909819035525,0.0,0.0,1.0,21.0
0.0,-502.34374718856293,-55.981521784651704,0.0,0.0,1.0,21.0
0.0,-463.8867656637117,-62.36156418138262,0.0,0.0,1.0,21.0
0.0,-540.0180058021034,-46.381823831599604,0.0,0.0,1.0,21.0
0.0,-551.7684639956803,-77.24585106050017,0.0,0.0,1.0,21.0
0.0,-524.2511305593362,-57.72189496463761,0.0,0.0,1.0,21.0
0.0,-516.4655242604879,-36.83058910867271,0.0,0.0,1.0,21.0
0.0,-503.3922021012828,-41.831084817355304,0.0,0.0,1.0,21.0
0.0,-507.5626792606637,-44.17757830330129,0.0,0.0,1.0,21.0
0.0,-528.3746105825197,-131.32947299398757,0.0,0.0,1.0,21.0
0.0,-530.4108693322156,-10.102146714475793,0.0,0.0,1.0,21.0
0.0,-525.9509720509477,-52.403691342588445,0.0,0.0,1.0,21.0
0.0,-543.2480538994687,-137.3808158133461,0.0,0.0,1.0,21.0
0.0,-481.27950267119036,-52.979634504230035,0.0,0.0,1.0,21.0
0.0,-509.17247013654685,-45.03938322499516,0.0,0.0,1.0,21.0
0.0,-527.994969918419,-34.3015911815603,0.0,0.0,1.0,21.0
0.0,-487.91391633431067,-44.98160818615452,0.0,0.0,1.0,21.0
0.0,-539.7363327103461,-32.56267174359482,0.0,0.0,1.0,21.0
0.0,-500.1587000552554,-96.50541807969671,0.0,0.0,1.0,21.0
0.0,-507.1428995651888,-37.424003152628984,0.0,0.0,1.0,21.0
0.0,-518.3915310740327,-49.03157222601294,0.0,0.0,1.0,21.0
0.0,-534.3620954370693,-50.302625094448786,0.0,0.0,1.0,21.0
0.0,-520.3669755022988,-51.454624269155374,0.0,0.0,1.0,21.0
0.0,-528.5684814837454,-92.57044067976994,0.0,0.0,1.0,21.0
0.0,-516.9232672367215,-46.8362046106854,0.0,0.0,1.0,21.0
0.0,-584.5281525007795,-109.11428707821165,0.0,0.0,1.0,21.0
0.0,-573.3796984380991,-87.99283278362623,0.0,0.0,1.0,21.0
0.0,-563.3973178306848,-114.19501716799641,0.0,0.0,1.0,21.0
0.0,-559.1457450258457,-125.17738556188601,0.0,0.0,1.0,21.0
0.0,-545.9155089594975,-142.35890623407522,0.0,0.0,1.0,21.0
0.0,-546.0494296513098,-84.98265172301353,0.0,0.0,1.0,21.0
0.0,-563.3492262558616,-91.27347013584972,0.0,0.0,1.0,21.0
0.0,-557.2267206164103,-91.87053768397959,0.0,0.0,1.0,21.0
0.0,-578.1684313126168,-81.26197182464375,0.0,0.0,1.0,21.0
0.0,-544.7322053874524,-106.62386871307763,0.0,0.0,1.0,21.0
0.0,-564.4474942300346,-90.56838007604324,0.0,0.0,1.0,21.0
0.0,-545.2494285555005,-144.2020109095597,0.0,0.0,1.0,21.0
0.0,-558.6137095458876,-94.90933025538106,0.0,0.0,1.0,21.0
0.0,-502.37869299664305,-70.43717290189966,0.0,0.0,1.0,21.0
0.0,-578.8969541068716,-91.37981073277933,0.0,0.0,1.0,21.0
0.0,-511.10872307202203,-73.47395576977146,0.0,0.0,1.0,21.0
0.0,-557.1870737489066,-79.78281888696233,0.0,0.0,1.0,21.0
0.0,-588.3489674376874,-116.13168491539432,0.0,0.0,1.0,21.0
0.0,-573.2794496510937,-146.75493832165648,0.0,0.0,1.0,21.0
0.0,-569.164233806665,-64.42156477283356,0.0,0.0,1.0,21.0
0.0,-579.1234306623979,-76.8276978545573,0.0,0.0,1.0,21.0
0.0,-562.6844588951343,-94.5767553830326,0.0,0.0,1.0,21.0
0.0,-558.6736895881113,-102.63114950696331,0.0,0.0,1.0,21.0
0.0,-532.6030385004864,-92.50667350838967,0.0,0.0,1.0,21.0
0.0,-509.2251306373879,-94.26569094105434,0.0,0.0,1.0,21.0
0.0,-579.5445975823317,-67.63258317704458,0.0,0.0,1.0,21.0
0.0,-573.1431615834589,-102.16598080283075,0.0,0.0,1.0,21.0
0.0,-576.6343886035065,-127.73333375303355,0.0,0.0,1.0,21.0
0.0,-575.2727309212548,-128.996819837143,0.0,0.0,1.0,21.0
0.0,-590.5143936978022,-116.02128645894777,0.0,0.0,1.0,21.0
0.0,-574.8818443463416,-139.5138134455308,0.0,0.0,1.0,21.0
0.0,-589.1287953751704,-133.0445335588256,0.0,0.0,1.0,21.0
0.0,-572.3481030919257,-117.78175687540784,0.0,0.0,1.0,21.0
0.0,-586.305959526067,-119.10914239466047,0.0,0.0,1.0,21.0
0.0,-566.214536301389,-132.27195571168704,0.0,0.0,1.0,21.0
0.0,-574.4118708654453,-129.70351948610164,0.0,0.0,1.0,21.0
0.0,-588.7747429923852,-122.1468346765912,0.0,0.0,1.0,21.0
0.0,-596.3610170912912,-136.32241510003223,0.0,0.0,1.0,21.0
0.0,-573.023391063416,-120.59312410487769,0.0,0.0,1.0,21.0
0.0,-538.7240636109108,-129.826489698077,0.0,0.0,1.0,21.0
0.0,-554.2892328894615,-84.71216778830353,0.0,0.0,1.0,21.0
0.0,-592.816414422462,-111.1291139327343,0.0,0.0,1.0,21.0
0.0,-574.3875408858854,-158.57777545069348,0.0,0.0,1.0,21.0
0.0,-588.7689894159636,-116.31817091192761,0.0,0.0,1.0,21.0
0.0,-571.6798428664547,-115.46898906149931,0.0,0.0,1.0,21.0
0.0,-570.3745373875223,-141.0933679262505,0.0,0.0,1.0,21.0
0.0,-571.2628588542946,-143.7667231162784,0.0,0.0,1.0,21.0
0.0,-572.3324915318341,-143.49431657633795,0.0,0.0,1.0,21.0
0.0,-584.1725705601336,-138.04667102896724,0.0,0.0,1.0,21.0
0.0,-608.5856283264814,-116.24926868818056,0.0,0.0,1.0,21.0
0.0,-585.9066788122645,-137.5807678126141,0.0,0.0,1.0,21.0
0.0,-594.6971751433756,-128.3299463728872,0.0,0.0,1.0,21.0
0.0,-604.6147908883185,-158.47641362861646,0.0,0.0,1.0,21.0
0.0,-587.4799485594798,-136.8348197313694,0.0,0.0,1.0,21.0
0.0,-528.838072666168,-87.36184977523317,0.0,0.0,1.0,21.0
0.0,-604.6882647652385,-141.29606558716227,0.0,0.0,1.0,21.0
0.0,-585.7763268301993,-116.55560476645178,0.0,0.0,1.0,21.0
0.0,-574.2606377680229,-118.81897341817876,0.0,0.0,1.0,21.0
0.0,-580.1753267990618,-141.53506668964883,0.0,0.0,1.0,21.0
0.0,-591.8725450656385,-112.26910441630753,0.0,0.0,1.0,21.0
0.0,-568.1218104555586,-133.2647701994524,0.0,0.0,1.0,21.0
0.0,-568.2831870678888,-185.45349521703656,0.0,0.0,1.0,21.0
0.0,-550.4663975655418,-171.45374541849515,0.0,0.0,1.0,21.0
0.0,-540.7531979669047,-107.715113724096,0.0,0.0,1.0,21.0
0.0,-534.5369612853057,-165.491812901314,0.0,0.0,1.0,21.0
0.0,-533.6451297569861,-184.82166339419746,0.0,0.0,1.0,21.0
0.0,-555.3451852446447,-189.03693672825307,0.0,0.0,1.0,21.0
0.0,-552.0095684267509,-209.02888992434282,0.0,0.0,1.0,21.0
0.0,-549.874694377784,-180.99412712851972,0.0,0.0,1.0,21.0
0.0,-538.8677917743177,-175.9368318655022,0.0,0.0,1.0,21.0
0.0,-556.4710585776214,-186.79848654019952,0.0,0.0,1.0,21.0
0.0,-561.0073741094706,-155.80514083727644,0.0,0.0,1.0,21.0
0.0,-535.6806623318485,-210.65255619280833,0.0,0.0,1.0,21.0
0.0,-505.32272370850956,-160.78038786222987,0.0,0.0,1.0,21.0
0.0,-534.2376346558884,-187.57750595188418,0.0,0.0,1.0,21.0
0.0,-568.2263281556982,-166.7246559862533,0.0,0.0,1.0,21.0
0.0,-555.6123115752483,-190.03631547866758,0.0,0.0,1.0,21.0
0.0,-549.2449911427009,-148.30189660789847,0.0,0.0,1.0,21.0
0.0,-561.0831537624019,-195.97257118779476,0.0,0.0,1.0,21.0
0.0,-542.0731768813971,-182.16504397889412,0.0,0.0,1.0,21.0
0.0,-541.3072236352233,-179.73889711419793,0.0,0.0,1.0,21.0
0.0,-561.2362024081415,-200.8331716223397,0.0,0.0,1.0,21.0
0.0,-550.4264484379999,-150.47557245493908,0.0,0.0,1.0,21.0
0.0,-500.57959826667616,-204.34320306790778,0.0,0.0,1.0,21.0
0.0,-556.3210944769057,-167.64996244968347,0.0,0.0,1.0,21.0
0.0,-532.8199933022703,-166.58393384160263,0.0,0.0,1.0,21.0
0.0,-548.1083680361453,-171.54839196977696,0.0,0.0,1.0,21.0
0.0,-559.2754560041681,-171.1474687932216,0.0,0.0,1.0,21.0
0.0,-548.0772503746713,-185.49471145092684,0.0,0.0,1.0,21.0
0.0,-567.9006113987955,-197.94825409270516,0.0,0.0,1.0,21.0
0.0,-528.1336425814471,-175.40904040320538,0.0,0.0,1.0,21.0
0.0,-536.5962012853902,-184.8430975014801,0.0,0.0,1.0,21.0
0.0,-588.1325034174004,-171.2342779636308,0.0,0.0,1.0,21.0
0.0,-534.8827737887829,-120.89556227150706,0.0,0.0,1.0,21.0
0.0,-567.3517534032137,-178.75586735178126,0.0,0.0,1.0,21.0
0.0,-531.9418794291721,-174.80517218151,0.0,0.0,1.0,21.0
0.0,-544.852654822791,-188.44522812090736,0.0,0.0,1.0,21.0
0.0,-567.635297304593,-190.8427750296578,0.0,0.0,1.0,21.0
0.0,-595.6300348608913,-146.40570312982982,0.0,0.0,1.0,21.0
0.0,-562.6174874840567,-177.1848293714197,0.0,0.0,1.0,21.0
0.0,-525.4952680548633,-113.06307023414956,0.0,0.0,1.0,21.0
0.0,-553.697117521806,-204.7302245731521,0.0,0.0,1.0,21.0
0.0,-505.54630891509566,-198.63154187146256,0.0,0.0,1.0,21.0
0.0,-487.67662481806406,-195.53909020095193,0.0,0.0,1.0,21.0
0.0,-512.7937778794582,-197.21605252333643,0.0,0.0,1.0,21.0
0.0,-482.45220786310097,-194.2435319238134,0.0,0.0,1.0,21.0
0.0,-492.93786776039224,-203.87659645940903,0.0,0.0,1.0,21.0
0.0,-478.956577948577,-205.30779137398622,0.0,0.0,1.0,21.0
0.0,-487.38565844002846,-209.49627096989457,0.0,0.0,1.0,21.0
0.0,-504.74594692661356,-188.92909125784627,0.0,0.0,1.0,21.0
0.0,-485.91080471157136,-181.48104181518875,0.0,0.0,1.0,21.0
0.0,-496.2199597057015,-212.46674345377414,0.0,0.0,1.0,21.0
0.0,-491.3544107392644,-211.95377840905712,0.0,0.0,1.0,21.0
0.0,-480.18910979551936,-198.18112211462176,0.0,0.0,1.0,21.0
0.0,-501.90921923527276,-176.1018532855337,0.0,0.0,1.0,21.0
0.0,-492.1634243258269,-187.60210358363838,0.0,0.0,1.0,21.0
0.0,-508.752553331958,-191.8491913087105,0.0,0.0,1.0,21.0
0.0,-505.6754383220974,-191.4466427866073,0.0,0.0,1.0,21.0
0.0,-502.7857458270523,-183.51936840942517,0.0,0.0,1.0,21.0
0.0,-511.1184141776664,-194.4911116329872,0.0,0.0,1.0,21.0
0.0,-503.1033677039036,-163.33419442765626,0.0,0.0,1.0,21.0
0.0,-517.4249171665867,-179.88215100613434,0.0,0.0,1.0,21.0
0.0,-512.8282234141376,-204.5000545531566,0.0,0.0,1.0,21.0
0.0,-487.65863517097364,-165.30289866992644,0.0,0.0,1.0,21.0
0.0,-502.9391247789147,-203.17862845863647,0.0,0.0,1.0,21.0
0.0,-504.7381349913817,-175.52463765099992,0.0,0.0,1.0,21.0
0.0,-510.11834892138086,-218.82887618396785,0.0,0.0,1.0,21.0
0.0,-518.2639571016495,-217.25192538798342,0.0,0.0,1.0,21.0
0.0,-498.94979149612516,-197.74559516362524,0.0,0.0,1.0,21.0
0.0,-474.60163058175203,-169.40867487975765,0.0,0.0,1.0,21.0
0.0,-533.0268557651768,-183.9563112213416,0.0,0.0,1.0,21.0
0.0,-497.9901433547675,-185.16096073410608,0.0,0.0,1.0,21.0
0.0,-222.99304487142444,-466.515907004518,0.0,0.0,1.0,22.0
0.0,-233.64990433754906,-470.8380357103018,0.0,0.0,1.0,22.0
0.0,-219.66865482109097,-440.70016152628716,0.0,0.0,1.0,22.0
0.0,-236.0846185102339,-481.19375026606986,0.0,0.0,1.0,22.0
0.0,-205.5551503263914,-478.75339380256014,0.0,0.0,1.0,22.0
0.0,-207.71092264370645,-476.0448604557315,0.0,0.0,1.0,22.0
0.0,-225.36248192524135,-457.48462844601215,0.0,0.0,1.0,22.0
0.0,-207.01701740753015,-459.2261355911796,0.0,0.0,1.0,22.0
0.0,-221.38826569846015,-457.19352727554826,0.0,0.0,1.0,22.0
0.0,-221.29216602667293,-469.56612527958566,0.0,0.0,1.0,22.0
0.0,-218.64393479694263,-464.05333976591135,0.0,0.0,1.0,22.0
0.0,-223.79608028966504,-480.79804116386276,0.0,0.0,1.0,22.0
0.0,-189.52607154984457,-483.8546293057867,0.0,0.0,1.0,22.0
0.0,-214.54618701395611,-467.14149033329716,0.0,0.0,1.0,22.0
0.0,-241.35376186898793,-489.7941278903072,0.0,0.0,1.0,22.0
0.0,-223.58580479543116,-505.68466619801893,0.0,0.0,1.0,22.0
0.0,-205.55377737157414,-492.1583253903517,0.0,0.0,1.0,22.0
0.0,-220.02743425070366,-467.6281486187504,0.0,0.0,1.0,22.0
0.0,-245.6068323399934,-497.25071557703995,0.0,0.0,1.0,22.0
0.0,-227.1768651611012,-467.8259038182598,0.0,0.0,1.0,22.0
0.0,-206.7343223054752,-468.0050861486951,0.0,0.0,1.0,22.0
0.0,-195.91838539284663,-471.6662724661991,0.0,0.0,1.0,22.0
0.0,-209.62849555751973,-477.01324618423575,0.0,0.0,1.0,22.0
0.0,-199.8697005776878,-485.62606735632073,0.0,0.0,1.0,22.0
0.0,-221.26356195167727,-474.5681198331707,0.0,0.0,1.0,22.0
0.0,-195.80352521779082,-493.5303432637229,0.0,0.0,1.0,22.0
0.0,-211.42280585263325,-488.26005288776196,0.0,0.0,1.0,22.0
0.0,-193.55074435783217,-459.99003450756436,0.0,0.0,1.0,22.0
0.0,-269.0745760847374,-447.06691368189604,0.0,0.0,1.0,22.0
0.0,-199.45462351748347,-479.39788034266064,0.0,0.0,1.0,22.0
0.0,-213.6576562003113,-473.2926244773913,0.0,0.0,1.0,22.0
0.0,-269.0796247999224,-413.90003595459336,0.0,0.0,1.0,22.0
0.0,-206.37863199902108,-443.4164758527778,0.0,0.0,1.0,22.0
0.0,-212.82738506489386,-486.3683059272952,0.0,0.0,1.0,22.0
0.0,-238.29398431064465,-524.8087020888946,0.0,0.0,1.0,22.0
0.0,-227.89496930091286,-508.08200874139175,0.0,0.0,1.0,22.0
0.0,-206.5922692486845,-479.2017431351835,0.0,0.0,1.0,22.0
0.0,-237.9261972743875,-434.4617788747835,0.0,0.0,1.0,22.0
0.0,-215.0420070140251,-440.5341892460451,0.0,0.0,1.0,22.0
0.0,-233.53764354353757,-429.24951176584955,0.0,0.0,1.0,22.0
0.0,-244.85274852035218,-427.1613118987178,0.0,0.0,1.0,22.0
0.0,-229.93123871802118,-424.2735644000579,0.0,0.0,1.0,22.0
0.0,-205.70703593629878,-422.44779002617656,0.0,0.0,1.0,22.0
0.0,-235.63275929735573,-421.2427723734023,0.0,0.0,1.0,22.0
0.0,-226.32301730990207,-429.0328707429269,0.0,0.0,1.0,22.0
0.0,-222.0697821817123,-435.69321883701286,0.0,0.0,1.0,22.0
0.0,-218.32493209947188,-427.42832597412405,0.0,0.0,1.0,22.0
0.0,-251.66354117236074,-421.033095619213,0.0,0.0,1.0,22.0
0.0,-205.3289704635822,-407.7025148659392,0.0,0.0,1.0,22.0
0.0,-231.0499458276613,-419.32513248378154,0.0,0.0,1.0,22.0
0.0,-246.1049733949112,-443.469873509834,0.0,0.0,1.0,22.0
0.0,-248.41120190338575,-452.9797813529734,0.0,0.0,1.0,22.0
0.0,-235.06247027691575,-431.1746806349098,0.0,0.0,1.0,22.0
0.0,-218.24717505632498,-430.3495580396982,0.0,0.0,1.0,22.0
0.0,-189.9164287176086,-467.2375732961016,0.0,0.0,1.0,22.0
0.0,-230.33315122358317,-456.57788387060066,0.0,0.0,1.0,22.0
0.0,-222.67044799646965,-426.211860616055,0.0,0.0,1.0,22.0
0.0,-229.7894937286369,-445.1899542177608,0.0,0.0,1.0,22.0
0.0,-212.143912751191,-419.19055741336547,0.0,0.0,1.0,22.0
0.0,-238.85378685715864,-428.6162498607338,0.0,0.0,1.0,22.0
0.0,-218.1935693745454,-433.01894132534096,0.0,0.0,1.0,22.0
0.0,-264.05402260494157,-388.84405112313254,0.0,0.0,1.0,22.0
0.0,-216.64467247296784,-424.3990548912759,0.0,0.0,1.0,22.0
0.0,-214.8241836466109,-457.9348576303853,0.0,0.0,1.0,22.0
0.0,-224.98455160694743,-419.3711171749918,0.0,0.0,1.0,22.0
0.0,-211.137388191971,-434.46383419890856,0.0,0.0,1.0,22.0
0.0,-263.6278359499113,-411.37977685762235,0.0,0.0,1.0,22.0
0.0,-250.18804269374982,-441.0807335802035,0.0,0.0,1.0,22.0
0.0,-229.18582831002936,-447.50278957778426,0.0,0.0,1.0,22.0
0.0,-205.58923806507755,-406.66651488192485,0.0,0.0,1.0,22.0
0.0,-205.8598137102622,-455.53793131832833,0.0,0.0,1.0,22.0
0.0,-208.55458148855223,-444.6544916528686,0.0,0.0,1.0,22.0
0.0,-220.49791010968488,-443.24344969099684,0.0,0.0,1.0,22.0
0.0,-220.46259609733374,-442.6401839250269,0.0,0.0,1.0,22.0
0.0,-289.8727931396211,-406.00385401001176,0.0,0.0,1.0,22.0
0.0,-261.1418213406564,-411.6282226501105,0.0,0.0,1.0,22.0
0.0,-253.03490066923632,-414.3452875464502,0.0,0.0,1.0,22.0
0.0,-255.81666026082053,-403.0648591376071,0.0,0.0,1.0,22.0
0.0,-243.07156925919435,-436.11251371929677,0.0,0.0,1.0,22.0
0.0,-265.9838751379152,-409.56716006834404,0.0,0.0,1.0,22.0
0.0,-251.92704152033275,-386.61785345275473,0.0,0.0,1.0,22.0
0.0,-259.63010487520614,-400.39132580879436,0.0,0.0,1.0,22.0
0.0,-268.65727333933023,-413.1969903092506,0.0,0.0,1.0,22.0
0.0,-255.77441575289504,-399.9603865084564,0.0,0.0,1.0,22.0
0.0,-252.61936667888745,-394.86400876298933,0.0,0.0,1.0,22.0
0.0,-252.3200505744403,-412.2923443066916,0.0,0.0,1.0,22.0
0.0,-266.20596907908384,-406.12192607768486,0.0,0.0,1.0,22.0
0.0,-281.61432600688386,-412.2684686550756,0.0,0.0,1.0,22.0
0.0,-267.7109796073387,-402.3863725979022,0.0,0.0,1.0,22.0
0.0,-285.6646600498202,-405.2590266236341,0.0,0.0,1.0,22.0
0.0,-291.72028067761516,-408.2447263619356,0.0,0.0,1.0,22.0
0.0,-224.9995951519279,-451.6933879652512,0.0,0.0,1.0,22.0
0.0,-257.66509101953534,-396.1374767903869,0.0,0.0,1.0,22.0
0.0,-272.64843213774407,-403.14440763260177,0.0,0.0,1.0,22.0
0.0,-277.04517073961847,-406.43680363375574,0.0,0.0,1.0,22.0
0.0,-271.9045468105055,-404.7054402534675,0.0,0.0,1.0,22.0
0.0,-258.6863909219883,-424.57002985337,0.0,0.0,1.0,22.0
0.0,-260.0725359214207,-386.88402931562496,0.0,0.0,1.0,22.0
0.0,-321.9326586170912,-428.284668657363,0.0,0.0,1.0,22.0
0.0,-323.10132636451226,-416.0434141280449,0.0,0.0,1.0,22.0
0.0,-282.76437891476826,-420.67464680041735,0.0,0.0,1.0,22.0
0.0,-317.84525928296694,-401.50801186485705,0.0,0.0,1.0,22.0
0.0,-305.84767339818404,-378.57100882861187,0.0,0.0,1.0,22.0
0.0,-316.1695870658277,-417.90502985374053,0.0,0.0,1.0,22.0
0.0,-293.42837376849525,-362.2014870621281,0.0,0.0,1.0,22.0
0.0,-323.91208330705035,-408.3840346751987,0.0,0.0,1.0,22.0
0.0,-327.7526727052377,-413.99839371141195,0.0,0.0,1.0,22.0
0.0,-315.77301812700034,-404.55956883338206,0.0,0.0,1.0,22.0
0.0,-343.96795865115337,-439.64644305850254,0.0,0.0,1.0,22.0
0.0,-290.02675249034974,-409.92245655364945,0.0,0.0,1.0,22.0
0.0,-318.53244124933417,-389.7992327890279,0.0,0.0,1.0,22.0
0.0,-316.86551412861604,-418.50231165715206,0.0,0.0,1.0,22.0
0.0,-297.33209751897425,-406.35991595509734,0.0,0.0,1.0,22.0
0.0,-315.9992759026586,-386.7424183773197,0.0,0.0,1.0,22.0
0.0,-326.8495104088054,-393.4276772058744,0.0,0.0,1.0,22.0
0.0,-304.09342579312306,-402.5751971672387,0.0,0.0,1.0,22.0
0.0,-293.832403284219,-404.265467093325,0.0,0.0,1.0,22.0
0.0,-305.58906527711633,-380.06316148585665,0.0,0.0,1.0,22.0
0.0,-321.5291422260864,-411.13580708390975,0.0,0.0,1.0,22.0
0.0,-278.22428155250464,-407.88982465415654,0.0,0.0,1.0,22.0
0.0,-327.14309957771775,-399.1942078460588,0.0,0.0,1.0,22.0
0.0,-305.16627300144864,-410.3737154317049,0.0,0.0,1.0,22.0
0.0,-298.55256291375645,-410.23401593984386,0.0,0.0,1.0,22.0
0.0,-312.87289873827217,-398.99805744455887,0.0,0.0,1.0,22.0
0.0,-313.59341021284763,-397.8385014856992,0.0,0.0,1.0,22.0
0.0,-364.61253478547064,-412.2500287129361,0.0,0.0,1.0,22.0
0.0,-344.40451214196355,-443.85035242628066,0.0,0.0,1.0,22.0
0.0,-334.27742742195153,-459.0205340804349,0.0,0.0,1.0,22.0
0.0,-326.85993674995575,-442.426534727122,0.0,0.0,1.0,22.0
0.0,-369.7299236454836,-466.8970020373604,0.0,0.0,1.0,22.0
0.0,-348.79468657428447,-429.43848759993693,0.0,0.0,1.0,22.0
0.0,-363.90840844928925,-474.54236366186126,0.0,0.0,1.0,22.0
0.0,-340.0832523650188,-464.3891521708864,0.0,0.0,1.0,22.0
0.0,-342.33699530561194,-443.22423749190364,0.0,0.0,1.0,22.0
0.0,-339.77182913832075,-451.29919917180257,0.0,0.0,1.0,22.0
0.0,-344.4725510411448,-459.51194272169846,0.0,0.0,1.0,22.0
0.0,-312.3420326571195,-467.7150856897599,0.0,0.0,1.0,22.0
0.0,-333.5278160058898,-431.722439599199,0.0,0.0,1.0,22.0
0.0,-336.68097048370055,-457.25331009589127,0.0,0.0,1.0,22.0
0.0,-365.03860904682733,-455.23247296573754,0.0,0.0,1.0,22.0
0.0,-322.7948499797244,-443.5158392793246,0.0,0.0,1.0,22.0
0.0,-340.45280049344285,-434.13775230819533,0.0,0.0,1.0,22.0
0.0,-328.81331991377544,-441.95944150923424,0.0,0.0,1.0,22.0
0.0,-290.8744173941127,-475.87258766473656,0.0,0.0,1.0,22.0
0.0,-322.81276700724925,-495.51402594129866,0.0,0.0,1.0,22.0
0.0,-339.30451121285523,-462.0909855682064,0.0,0.0,1.0,22.0
0.0,-327.1221293824847,-428.56711962651707,0.0,0.0,1.0,22.0
0.0,-359.9058926507903,-463.259312707806,0.0,0.0,1.0,22.0
0.0,-345.45937855384113,-451.6507286431827,0.0,0.0,1.0,22.0
0.0,-360.3113914398517,-450.3553375806332,0.0,0.0,1.0,22.0
0.0,-336.0982881707689,-450.89904155873637,0.0,0.0,1.0,22.0
0.0,-292.5811280894063,-521.5446252423334,0.0,0.0,1.0,22.0
0.0,-272.0238545965524,-546.028005816144,0.0,0.0,1.0,22.0
0.0,-295.2751231402524,-516.9661374970252,0.0,0.0,1.0,22.0
0.0,-290.9460387295228,-517.4941762391088,0.0,0.0,1.0,22.0
0.0,-250.77840973325738,-512.9859461976496,0.0,0.0,1.0,22.0
0.0,-301.51674853617624,-481.49396825914505,0.0,0.0,1.0,22.0
0.0,-316.55145580178646,-519.1082983350875,0.0,0.0,1.0,22.0
0.0,-311.11886515484775,-505.64790662501423,0.0,0.0,1.0,22.0
0.0,-256.1552619052586,-526.9520933646295,0.0,0.0,1.0,22.0
0.0,-288.83683264227056,-519.7354844633655,0.0,0.0,1.0,22.0
0.0,-311.93085957290555,-538.1047442587649,0.0,0.0,1.0,22.0
0.0,-278.5903250121719,-516.8389924190618,0.0,0.0,1.0,22.0
0.0,-309.1332503911085,-560.134628397664,0.0,0.0,1.0,22.0
0.0,-279.4317507961805,-568.3354146706331,0.0,0.0,1.0,22.0
0.0,-284.468414423882,-506.3475108596582,0.0,0.0,1.0,22.0
0.0,-306.36121318068354,-529.6575148327937,0.0,0.0,1.0,22.0
0.0,-314.3292367158124,-522.5618769126203,0.0,0.0,1.0,22.0
0.0,-303.39512203401046,-494.53958893096274,0.0,0.0,1.0,22.0
0.0,-302.28329524638934,-516.726521584266,0.0,0.0,1.0,22.0
0.0,-292.64395719194385,-509.352672808791,0.0,0.0,1.0,22.0
0.0,-283.90299149155567,-520.722658698701,0.0,0.0,1.0,22.0
0.0,-303.09819677425776,-450.40510170832385,0.0,0.0,1.0,22.0
0.0,-289.64644525389554,-533.1569007154221,0.0,0.0,1.0,22.0
0.0,-271.12861718863496,-544.3488579135517,0.0,0.0,1.0,22.0
0.0,-285.6718036909317,-533.0602084562278,0.0,0.0,1.0,22.0
0.0,-256.59559099087255,-475.09842381373824,0.0,0.0,1.0,22.0
0.0,-292.69670624055584,-519.5283860625455,0.0,0.0,1.0,22.0
0.0,-287.4176854411103,-551.1672300655748,0.0,0.0,1.0,22.0
0.0,-259.8189176710589,-522.2864963557109,0.0,0.0,1.0,22.0
0.0,-238.85403435530293,-539.6490933234379,0.0,0.0,1.0,22.0
0.0,-254.6049871692876,-518.6642836712443,0.0,0.0,1.0,22.0
0.0,-238.5714110413378,-501.8367194430741,0.0,0.0,1.0,22.0
0.0,-255.8334479808932,-542.310409155805,0.0,0.0,1.0,22.0
0.0,-248.93866313180547,-486.3313837602334,0.0,0.0,1.0,22.0
0.0,-238.19640524971828,-507.4833870640972,0.0,0.0,1.0,22.0
0.0,-244.35217351637334,-498.24013896688825,0.0,0.0,1.0,22.0
0.0,-238.63763071556468,-542.8311621412838,0.0,0.0,1.0,22.0
0.0,-261.40303996908074,-486.1274911926148,0.0,0.0,1.0,22.0
0.0,-257.70867986200597,-515.7544115623399,0.0,0.0,1.0,22.0
0.0,-252.09172202460036,-543.9901166462304,0.0,0.0,1.0,22.0
0.0,-257.6078235934888,-518.4482044250508,0.0,0.0,1.0,22.0
0.0,-240.26436620606592,-519.7874130063567,0.0,0.0,1.0,22.0
0.0,-253.02409615457054,-502.919121482248,0.0,0.0,1.0,22.0
0.0,-217.83414006706334,-499.922759748517,0.0,0.0,1.0,22.0
0.0,-244.5503132468882,-514.7406053806845,0.0,0.0,1.0,22.0
0.0,-267.98461803122495,-528.6961404297338,0.0,0.0,1.0,22.0
0.0,-249.55536632884719,-496.79050352340244,0.0,0.0,1.0,22.0
0.0,-217.76373547519165,-521.2142915466163,0.0,0.0,1.0,22.0
0.0,-263.2719400819783,-488.3114931864876,0.0,0.0,1.0,22.0
0.0,-225.29810615320685,-513.6945641862493,0.0,0.0,1.0,22.0
0.0,-246.61563053071063,-472.32055954416205,0.0,0.0,1.0,22.0
0.0,-232.13981786855607,-494.2092481582648,0.0,0.0,1.0,22.0
0.0,-243.39444002041728,-485.7531752847874,0.0,0.0,1.0,22.0
0.0,-226.9783049604339,-513.3990075695216,0.0,0.0,1.0,22.0
0.0,-240.21937109642636,-508.79931128987494,0.0,0.0,1.0,22.0
0.0,-241.08594824903116,-522.7473764661828,0.0,0.0,1.0,22.0
0.0,-253.59039042444965,-510.275023710101,0.0,0.0,1.0,22.0
0.0,-256.8717653184333,-465.4262346340008,0.0,0.0,1.0,22.0
0.0,-235.58056443811847,-463.76921486893946,0.0,0.0,1.0,22.0
0.0,-97.34816738235236,-669.035344624394,0.0,0.0,1.0,23.0
0.0,-76.97207302024913,-665.9937082608684,0.0,0.0,1.0,23.0
0.0,-108.65632712979368,-644.3412255570192,0.0,0.0,1.0,23.0
0.0,-85.52134845673959,-665.3368760632503,0.0,0.0,1.0,23.0
0.0,-102.39833964456602,-674.3446760344907,0.0,0.0,1.0,23.0
0.0,-98.37782401253753,-675.5298307347394,0.0,0.0,1.0,23.0
0.0,-95.1422397448789,-653.9076747398962,0.0,0.0,1.0,23.0
0.0,-89.81857649230801,-657.8754496690958,0.0,0.0,1.0,23.0
0.0,-130.09326286649411,-632.8165723375349,0.0,0.0,1.0,23.0
0.0,-106.34881800511175,-659.8820371946832,0.0,0.0,1.0,23.0
0.0,-98.82088895069319,-660.4415937228634,0.0,0.0,1.0,23.0
0.0,-98.1072596460715,-673.4421641714482,0.0,0.0,1.0,23.0
0.0,-96.56851071681763,-660.9420889877091,0.0,0.0,1.0,23.0
0.0,-99.12114554791424,-627.0517471327709,0.0,0.0,1.0,23.0
0.0,-80.43049431775285,-666.859609474928,0.0,0.0,1.0,23.0
0.0,-101.42305124107361,-667.7412342754745,0.0,0.0,1.0,23.0
0.0,-88.33597683417611,-649.32129325161,0.0,0.0,1.0,23.0
0.0,-81.46736622237654,-685.8742771934237,0.0,0.0,1.0,23.0
0.0,-83.74383316843773,-640.4704308302496,0.0,0.0,1.0,23.0
0.0,-77.69631207790644,-642.8801937995793,0.0,0.0,1.0,23.0
0.0,-114.71635482840747,-679.4083181072164,0.0,0.0,1.0,23.0
0.0,-86.48456060269359,-656.8424188182086,0.0,0.0,1.0,23.0
0.0,-96.793393147409,-657.6765733979892,0.0,0.0,1.0,23.0
0.0,-136.83441064271688,-668.1980140293583,0.0,0.0,1.0,23.0
0.0,-85.4088971785277,-639.6533830633798,0.0,0.0,1.0,23.0
0.0,-79.21973877007144,-665.5278986893774,0.0,0.0,1.0,23.0
0.0,-81.96006039125541,-662.7307480759277,0.0,0.0,1.0,23.0
0.0,-101.22651137704952,-652.9541104145985,0.0,0.0,1.0,23.0
0.0,-100.7723212440842,-639.2465344760932,0.0,0.0,1.0,23.0
0.0,-97.11565373453368,-636.0031158605793,0.0,0.0,1.0,23.0
0.0,-56.88272700061157,-639.1792731557598,0.0,0.0,1.0,23.0
0.0,-60.79453706231743,-590.8196919058178,0.0,0.0,1.0,23.0
0.0,-73.97269638455032,-619.3653444979791,0.0,0.0,1.0,23.0
0.0,-72.43207583520598,-636.9013713037297,0.0,0.0,1.0,23.0
0.0,-62.171746983405,-628.9635729497206,0.0,0.0,1.0,23.0
0.0,-81.98329934277831,-648.3272857258986,0.0,0.0,1.0,23.0
0.0,-43.19997350863059,-637.2408977042895,0.0,0.0,1.0,23.0
0.0,-75.99532289756849,-633.3915278538537,0.0,0.0,1.0,23.0
0.0,-36.61809901550464,-632.1487775879269,0.0,0.0,1.0,23.0
0.0,-69.80620392408423,-619.883526776091,0.0,0.0,1.0,23.0
0.0,-14.127874847015846,-608.4716106841271,0.0,0.0,1.0,23.0
0.0,-52.19303980218456,-570.4372832128305,0.0,0.0,1.0,23.0
0.0,-28.698085259675054,-615.4468461860394,0.0,0.0,1.0,23.0
0.0,-48.56633209733832,-607.9264419201751,0.0,0.0,1.0,23.0
0.0,-53.890829809186926,-635.8922765648124,0.0,0.0,1.0,23.0
0.0,-58.75820029833312,-612.0183839479811,0.0,0.0,1.0,23.0
0.0,-57.38086379514084,-615.3449924399682,0.0,0.0,1.0,23.0
0.0,-25.48563790753974,-588.4985990606912,0.0,0.0,1.0,23.0
0.0,-92.03469319773353,-576.4349080686816,0.0,0.0,1.0,23.0
0.0,-45.503310931654596,-618.1987738575407,0.0,0.0,1.0,23.0
0.0,-28.30633763746573,-636.712710006579,0.0,0.0,1.0,23.0
0.0,-51.19661788369922,-600.2672225607557,0.0,0.0,1.0,23.0
0.0,-49.650360878138144,-628.864705088564,0.0,0.0,1.0,23.0
0.0,-50.006699831099695,-606.3302544857427,0.0,0.0,1.0,23.0
0.0,-64.20268120710807,-595.0017569614809,0.0,0.0,1.0,23.0
0.0,-73.18639323742696,-628.1494877697444,0.0,0.0,1.0,23.0
0.0,-59.441221407673765,-602.9666336362508,0.0,0.0,1.0,23.0
0.0,-59.00148164799862,-623.0665731877372,0.0,0.0,1.0,23.0
0.0,-62.75336587531092,-583.4155587174974,0.0,0.0,1.0,23.0
0.0,-32.94684097651043,-536.4910588947619,0.0,0.0,1.0,23.0
0.0,-49.92533769056581,-544.0186013546493,0.0,0.0,1.0,23.0
0.0,-99.80941663640488,-601.3119939965903,0.0,0.0,1.0,23.0
0.0,-65.28394173319725,-551.061009804704,0.0,0.0,1.0,23.0
0.0,-76.37860538878067,-579.5453751437711,0.0,0.0,1.0,23.0
0.0,-73.408203350941,-565.4478940022901,0.0,0.0,1.0,23.0
0.0,-38.204776572430774,-579.174234639882,0.0,0.0,1.0,23.0
0.0,-63.266070065687245,-564.9260966826763,0.0,0.0,1.0,23.0
0.0,-76.96615232848012,-556.3493417259551,0.0,0.0,1.0,23.0
0.0,-70.66904127151201,-547.3923227931683,0.0,0.0,1.0,23.0
0.0,-62.46639340835395,-555.0370719456976,0.0,0.0,1.0,23.0
0.0,-84.07781503518686,-550.9421286882492,0.0,0.0,1.0,23.0
0.0,-63.670996525931514,-535.0443576842638,0.0,0.0,1.0,23.0
0.0,-39.72646787460667,-574.5249796033312,0.0,0.0,1.0,23.0
0.0,-87.04775862808378,-594.5779077227296,0.0,0.0,1.0,23.0
0.0,-58.78014374306463,-583.0707452418255,0.0,0.0,1.0,23.0
0.0,-60.83163058931814,-564.4356829493294,0.0,0.0,1.0,23.0
0.0,-98.56680029277572,-545.8678623179985,0.0,0.0,1.0,23.0
0.0,-75.8298736755603,-603.4497118785497,0.0,0.0,1.0,23.0
0.0,-59.10204940640392,-557.3371992335512,0.0,0.0,1.0,23.0
0.0,-36.69166304468581,-570.9650000247194,0.0,0.0,1.0,23.0
0.0,-43.47125502451695,-615.2720571595755,0.0,0.0,1.0,23.0
0.0,-57.42919903701659,-545.7830503172839,0.0,0.0,1.0,23.0
0.0,-56.4858340997439,-591.3909291165835,0.0,0.0,1.0,23.0
0.0,-56.80516980283983,-564.4510060363388,0.0,0.0,1.0,23.0
0.0,-106.80537627700141,-523.3936344928092,0.0,0.0,1.0,23.0
0.0,-46.982389073948525,-610.9623424157489,0.0,0.0,1.0,23.0
0.0,-63.17137703664048,-600.4781232249644,0.0,0.0,1.0,23.0
0.0,-87.58714900928294,-536.7939618891197,0.0,0.0,1.0,23.0
0.0,-117.88047879736746,-573.8225570686967,0.0,0.0,1.0,23.0
0.0,-117.95092276585956,-522.2361465139708,0.0,0.0,1.0,23.0
0.0,-65.79493528000307,-576.3999955828909,0.0,0.0,1.0,23.0
0.0,-107.11900397094928,-548.6856410888266,0.0,0.0,1.0,23.0
0.0,-68.37169105213707,-513.5968218011918,0.0,0.0,1.0,23.0
0.0,-123.77497009576109,-506.08088817051976,0.0,0.0,1.0,23.0
0.0,-106.76621690503362,-528.9916894730347,0.0,0.0,1.0,23.0
0.0,-85.01872673015896,-519.2941692298422,0.0,0.0,1.0,23.0
0.0,-135.05924254452702,-534.4025383277557,0.0,0.0,1.0,23.0
0.0,-84.65085066621123,-566.1177717311335,0.0,0.0,1.0,23.0
0.0,-113.44971380705283,-540.7871329768291,0.0,0.0,1.0,23.0
0.0,-81.4512412420604,-549.3483647247317,0.0,0.0,1.0,23.0
0.0,-72.4929422049172,-527.2257844622848,0.0,0.0,1.0,23.0
0.0,-81.34303840866914,-517.3273468608021,0.0,0.0,1.0,23.0
0.0,-117.60991951569667,-538.5413773035557,0.0,0.0,1.0,23.0
0.0,-104.07658505190784,-546.8672482608154,0.0,0.0,1.0,23.0
0.0,-85.47645535035144,-537.6044197821523,0.0,0.0,1.0,23.0
0.0,-111.0268202996433,-513.9390407543548,0.0,0.0,1.0,23.0
0.0,-79.7688930210229,-559.7739259182655,0.0,0.0,1.0,23.0
0.0,-110.86142151336685,-516.1513930726597,0.0,0.0,1.0,23.0
0.0,-100.01643412955832,-504.6780860321858,0.0,0.0,1.0,23.0
0.0,-106.4045953570992,-509.7324258954203,0.0,0.0,1.0,23.0
0.0,-98.44195450819143,-532.5851906087222,0.0,0.0,1.0,23.0
0.0,-81.48373585891136,-507.40902752369425,0.0,0.0,1.0,23.0
0.0,-87.34741849818465,-510.98440242762047,0.0,0.0,1.0,23.0
0.0,-91.88031890927869,-499.22701809750845,0.0,0.0,1.0,23.0
0.0,-126.49468424661586,-534.1688540350691,0.0,0.0,1.0,23.0
0.0,-112.12872211188096,-540.7356536279688,0.0,0.0,1.0,23.0
0.0,-100.39758375855581,-502.7835753943766,0.0,0.0,1.0,23.0
0.0,-82.49487522963204,-523.8435533647792,0.0,0.0,1.0,23.0
0.0,-119.55870826554383,-544.4929996202128,0.0,0.0,1.0,23.0
0.0,-130.14863957024818,-524.8893710883946,0.0,0.0,1.0,23.0
0.0,-92.07167118393681,-545.5408506060497,0.0,0.0,1.0,23.0
0.0,-102.68620372109035,-518.4220358141595,0.0,0.0,1.0,23.0
0.0,-102.9416330787194,-533.2142476486546,0.0,0.0,1.0,23.0
0.0,-99.49992784727988,-524.3709862013802,0.0,0.0,1.0,23.0
0.0,-133.06052570804763,-523.6591266513467,0.0,0.0,1.0,23.0
0.0,-102.54181470518074,-542.978398189216,0.0,0.0,1.0,23.0
0.0,-113.57861087076412,-529.179492516971,0.0,0.0,1.0,23.0
0.0,-73.3292783466793,-514.2443373767092,0.0,0.0,1.0,23.0
0.0,-81.31026012034818,-519.2143461430867,0.0,0.0,1.0,23.0
0.0,-104.74943233040722,-514.5058454166177,0.0,0.0,1.0,23.0
0.0,-81.08323862714883,-518.1586889480219,0.0,0.0,1.0,23.0
0.0,-138.76388480444075,-531.1291598416614,0.0,0.0,1.0,23.0
0.0,-173.83283340882872,-534.6670445209114,0.0,0.0,1.0,23.0
0.0,-162.5178890427121,-544.1076889884084,0.0,0.0,1.0,23.0
0.0,-167.15155095987961,-548.7366410656913,0.0,0.0,1.0,23.0
0.0,-148.17514659066865,-569.1259487210782,0.0,0.0,1.0,23.0
0.0,-158.12028213476674,-547.4772325344377,0.0,0.0,1.0,23.0
0.0,-158.89970033454483,-523.2910714885663,0.0,0.0,1.0,23.0
0.0,-152.59565361121258,-528.5151807205453,0.0,0.0,1.0,23.0
0.0,-141.6458970603967,-530.5662295047655,0.0,0.0,1.0,23.0
0.0,-126.46764780152193,-534.5277871156014,0.0,0.0,1.0,23.0
0.0,-148.14301274876175,-512.9686120802621,0.0,0.0,1.0,23.0
0.0,-123.861827438197,-521.7000525300563,0.0,0.0,1.0,23.0
0.0,-163.19734766124816,-511.7829485481876,0.0,0.0,1.0,23.0
0.0,-129.37377532340906,-535.6563336850791,0.0,0.0,1.0,23.0
0.0,-195.10093758777361,-543.3832440110393,0.0,0.0,1.0,23.0
0.0,-141.32627511749297,-519.7352646457771,0.0,0.0,1.0,23.0
0.0,-144.34036547062942,-544.9824677245667,0.0,0.0,1.0,23.0
0.0,-147.54842478588057,-549.1177311493617,0.0,0.0,1.0,23.0
0.0,-176.74981863336848,-510.72454496306193,0.0,0.0,1.0,23.0
0.0,-157.49579172840367,-537.1808152470373,0.0,0.0,1.0,23.0
0.0,-157.82181880861276,-515.0642288474534,0.0,0.0,1.0,23.0
0.0,-158.65469734059639,-499.2250306032603,0.0,0.0,1.0,23.0
0.0,-167.58299044827663,-521.3520841177849,0.0,0.0,1.0,23.0
0.0,-167.08634356629182,-561.5738675792578,0.0,0.0,1.0,23.0
0.0,-139.55716391325586,-539.1973563321445,0.0,0.0,1.0,23.0
0.0,-182.58215315672828,-601.6525354380387,0.0,0.0,1.0,23.0
0.0,-167.46000851552913,-516.0561025525589,0.0,0.0,1.0,23.0
0.0,-135.34638450554712,-525.865784102215,0.0,0.0,1.0,23.0
0.0,-202.3985409843349,-585.8140846980858,0.0,0.0,1.0,23.0
0.0,-198.80957834838136,-580.8495116555016,0.0,0.0,1.0,23.0
0.0,-197.17058434031833,-570.7439323513138,0.0,0.0,1.0,23.0
0.0,-172.53902314312836,-579.3294417658216,0.0,0.0,1.0,23.0
0.0,-167.02560947025813,-533.6379811188345,0.0,0.0,1.0,23.0
0.0,-185.1140153198105,-553.5322980335919,0.0,0.0,1.0,23.0
0.0,-206.99380494625416,-603.9315685419267,0.0,0.0,1.0,23.0
0.0,-181.5199343773138,-574.1890048889144,0.0,0.0,1.0,23.0
0.0,-213.64062717319212,-547.4657370665101,0.0,0.0,1.0,23.0
0.0,-216.3765111795401,-584.9847694204838,0.0,0.0,1.0,23.0
0.0,-128.9743519734286,-560.5259793143703,0.0,0.0,1.0,23.0
0.0,-235.98434573739996,-579.8449701252438,0.0,0.0,1.0,23.0
0.0,-126.9897731857809,-555.1457435626032,0.0,0.0,1.0,23.0
0.0,-228.8126219131475,-537.5214099382321,0.0,0.0,1.0,23.0
0.0,-178.93645327077706,-554.3224358396293,0.0,0.0,1.0,23.0
0.0,-197.7410506299459,-573.6183261127891,0.0,0.0,1.0,23.0
0.0,-204.24515691475517,-569.4227297133154,0.0,0.0,1.0,23.0
0.0,-180.4000385083507,-537.4234052995089,0.0,0.0,1.0,23.0
0.0,-215.7343136036709,-601.7391304242309,0.0,0.0,1.0,23.0
0.0,-206.78422182465079,-610.0656243894462,0.0,0.0,1.0,23.0
0.0,-192.98918575615085,-550.8662068846573,0.0,0.0,1.0,23.0
0.0,-202.78032024734603,-559.2471769033532,0.0,0.0,1.0,23.0
0.0,-177.15636262379894,-539.943600652772,0.0,0.0,1.0,23.0
0.0,-176.91658586959352,-518.0748681978557,0.0,0.0,1.0,23.0
0.0,-206.73502738289653,-569.5627558671097,0.0,0.0,1.0,23.0
0.0,-201.31360240287745,-608.7807144604686,0.0,0.0,1.0,23.0
0.0,-210.29350469220958,-569.7423337509292,0.0,0.0,1.0,23.0
0.0,-207.25131606264063,-542.2430277435362,0.0,0.0,1.0,23.0
0.0,-208.0631321573328,-559.9510216890932,0.0,0.0,1.0,23.0
0.0,-199.0863589213186,-545.3922672545599,0.0,0.0,1.0,23.0
0.0,-206.66202178093226,-560.0598992047621,0.0,0.0,1.0,23.0
0.0,-215.08943745589158,-539.5794019908686,0.0,0.0,1.0,23.0
0.0,-189.99005508963455,-601.7190161364093,0.0,0.0,1.0,23.0
0.0,-144.29287703436057,-604.7926083340876,0.0,0.0,1.0,23.0
0.0,-215.17675693270598,-564.9699263496636,0.0,0.0,1.0,23.0
0.0,-197.40103698160465,-534.1676076696617,0.0,0.0,1.0,23.0
0.0,-144.65633745274772,-542.9175051691741,0.0,0.0,1.0,23.0
0.0,-204.81917758529198,-656.4340970296556,0.0,0.0,1.0,23.0
0.0,-200.51309430770493,-621.3207213173288,0.0,0.0,1.0,23.0
0.0,-175.99169108244314,-618.5385296547624,0.0,0.0,1.0,23.0
0.0,-212.30930209458757,-653.6824247961898,0.0,0.0,1.0,23.0
0.0,-189.44565282278973,-623.8646813639311,0.0,0.0,1.0,23.0
0.0,-192.28231336264662,-634.0170487775756,0.0,0.0,1.0,23.0
0.0,-208.0959440873428,-627.7802093935867,0.0,0.0,1.0,23.0
0.0,-204.25559503802924,-602.9505298884052,0.0,0.0,1.0,23.0
0.0,-181.90276060038036,-619.6748002146036,0.0,0.0,1.0,23.0
0.0,-179.29798119647626,-636.5634729822134,0.0,0.0,1.0,23.0
0.0,-144.14802403265594,-618.9484180890221,0.0,0.0,1.0,23.0
0.0,-207.1980431657148,-629.1592596656969,0.0,0.0,1.0,23.0
0.0,-197.190035374314,-621.6666665447989,0.0,0.0,1.0,23.0
0.0,-179.597315255269,-614.4058686891404,0.0,0.0,1.0,23.0
0.0,-130.39545775475563,-603.4853485933813,0.0,0.0,1.0,23.0
0.0,-196.30002052741202,-635.7694198974781,0.0,0.0,1.0,23.0
0.0,-224.557344549866,-615.4222349583779,0.0,0.0,1.0,23.0
0.0,-180.576175756187,-631.8254229392535,0.0,0.0,1.0,23.0
0.0,-188.87816150603885,-608.5919622897615,0.0,0.0,1.0,23.0
0.0,-192.9967221697375,-630.2329719627058,0.0,0.0,1.0,23.0
0.0,-197.58554225788043,-633.6592145748922,0.0,0.0,1.0,23.0
0.0,-210.40095508717468,-626.3045539169059,0.0,0.0,1.0,23.0
0.0,-217.7575972894765,-611.0368930431557,0.0,0.0,1.0,23.0
0.0,-186.9518271516372,-623.174414642913,0.0,0.0,1.0,23.0
0.0,-173.98637915735185,-621.6566321441843,0.0,0.0,1.0,23.0
0.0,-193.4029044808201,-635.2601479437428,0.0,0.0,1.0,23.0
0.0,-203.36879444306032,-587.9349923308757,0.0,0.0,1.0,23.0
0.0,-223.0942140291795,-649.3953243208845,0.0,0.0,1.0,23.0
0.0,-205.4345793372006,-639.056386771843,0.0,0.0,1.0,23.0
0.0,-204.48224805656264,-636.4531579176397,0.0,0.0,1.0,23.0
0.0,-171.466171434148,-599.918207983127,0.0,0.0,1.0,23.0
0.0,-192.8685601848033,-636.2258278213061,0.0,0.0,1.0,23.0
0.0,-174.37706836068423,-663.269854687421,0.0,0.0,1.0,23.0
0.0,-180.6284715176032,-607.1992721038422,0.0,0.0,1.0,23.0
0.0,-177.20504931579035,-625.279102162675,0.0,0.0,1.0,23.0
0.0,-152.0370397752281,-621.2800919628132,0.0,0.0,1.0,23.0
0.0,-143.76625138886038,-680.0504530075528,0.0,0.0,1.0,23.0
0.0,-164.5299361356797,-692.5211456231046,0.0,0.0,1.0,23.0
0.0,-167.116685638862,-676.7560471504903,0.0,0.0,1.0,23.0
0.0,-147.24625501615537,-679.4732121385238,0.0,0.0,1.0,23.0
0.0,-167.05809841597716,-664.9169876442286,0.0,0.0,1.0,23.0
0.0,-162.14501659914094,-665.6941232143815,0.0,0.0,1.0,23.0
0.0,-140.8352749710241,-666.2374339335908,0.0,0.0,1.0,23.0
0.0,-177.81473223809758,-643.7415579310024,0.0,0.0,1.0,23.0
0.0,-157.90024744081597,-678.1125356873041,0.0,0.0,1.0,23.0
0.0,-171.35107176159204,-666.8556241863671,0.0,0.0,1.0,23.0
0.0,-149.0020733642657,-681.6870802945458,0.0,0.0,1.0,23.0
0.0,-138.12352857541714,-656.0742218509823,0.0,0.0,1.0,23.0
0.0,-160.64055623216404,-643.1724010984749,0.0,0.0,1.0,23.0
0.0,-155.64369582281915,-643.0866395774286,0.0,0.0,1.0,23.0
0.0,-155.72199415337764,-671.634641545028,0.0,0.0,1.0,23.0
0.0,-161.85877415909226,-680.4394187282218,0.0,0.0,1.0,23.0
0.0,-158.8950868333045,-667.9230185572251,0.0,0.0,1.0,23.0
0.0,-173.80186138404247,-665.4525238604928,0.0,0.0,1.0,23.0
0.0,-137.6620291771353,-635.1178625186261,0.0,0.0,1.0,23.0
0.0,-151.02839065659737,-664.6352111175189,0.0,0.0,1.0,23.0
0.0,-98.09093788722635,-632.4809758570793,0.0,0.0,1.0,23.0
0.0,-151.92770643248014,-661.473585778945,0.0,0.0,1.0,23.0
0.0,-164.88519647501425,-682.5250027706173,0.0,0.0,1.0,23.0
0.0,-93.5531568302747,-628.4182989173655,0.0,0.0,1.0,23.0
0.0,-179.47649091408903,-587.4707533568053,0.0,0.0,1.0,23.0
0.0,-141.17871983951636,-669.3913199876367,0.0,0.0,1.0,23.0
0.0,-142.2901265933226,-658.2624376841673,0.0,0.0,1.0,23.0
0.0,-131.4653102566483,-623.0185337410896,0.0,0.0,1.0,23.0
0.0,-102.69595802911454,-615.3223992672376,0.0,0.0,1.0,23.0
0.0,-160.9998679979758,-659.4644154334292,0.0,0.0,1.0,23.0
0.0,-167.27473402431292,-648.5455072562825,0.0,0.0,1.0,23.0
0.0,-177.45708935696825,-657.7227705318626,0.0,0.0,1.0,23.0
0.0,-141.29485771818577,-661.410153600219,0.0,0.0,1.0,23.0
0.0,-169.323690757323,-657.56131604575,0.0,0.0,1.0,23.0
0.0,-156.78925272904303,-666.4253891065209,0.0,0.0,1.0,23.0
0.0,-149.27180341514645,-655.0554762613612,0.0,0.0,1.0,23.0
0.0,-144.66162573214797,-703.147042175435,0.0,0.0,1.0,23.0
0.0,-150.4257243840957,-631.831835370822,0.0,0.0,1.0,23.0
0.0,16.82241317003468,-618.4741327609597,0.0,0.0,1.0,24.0
0.0,15.24268535519127,-614.3102914614003,0.0,0.0,1.0,24.0
0.0,29.112911001435805,-627.9704857685027,0.0,0.0,1.0,24.0
0.0,13.015924228221138,-596.8832584747829,0.0,0.0,1.0,24.0
0.0,46.618970839640724,-625.2221760565442,0.0,0.0,1.0,24.0
0.0,58.35587478712887,-597.5915777896644,0.0,0.0,1.0,24.0
0.0,32.63892100785279,-613.3180171589071,0.0,0.0,1.0,24.0
0.0,36.220090119955785,-645.9592980054498,0.0,0.0,1.0,24.0
0.0,11.730474713724334,-623.7644703943647,0.0,0.0,1.0,24.0
0.0,40.50811686776183,-626.0354640892594,0.0,0.0,1.0,24.0
0.0,22.40140171522785,-605.2210425265491,0.0,0.0,1.0,24.0
0.0,9.065615291116046,-606.133953686071,0.0,0.0,1.0,24.0
0.0,48.343652304615944,-626.7716871010794,0.0,0.0,1.0,24.0
0.0,40.8626693238798,-633.853255725655,0.0,0.0,1.0,24.0
0.0,49.813023720814044,-616.1319099083025,0.0,0.0,1.0,24.0
0.0,1.3033977887191668,-610.7435402350726,0.0,0.0,1.0,24.0
0.0,3.4631031366864136,-598.0130619907391,0.0,0.0,1.0,24.0
0.0,45.364067091146126,-627.040343988823,0.0,0.0,1.0,24.0
0.0,33.88670270940156,-619.2877080039807,0.0,0.0,1.0,24.0
0.0,53.736744117456965,-608.2872964614384,0.0,0.0,1.0,24.0
0.0,25.540927202688863,-628.8301675780782,0.0,0.0,1.0,24.0
0.0,12.368874287414428,-642.7215823251711,0.0,0.0,1.0,24.0
0.0,26.36481477934558,-631.2638613206886,0.0,0.0,1.0,24.0
0.0,33.24592435618342,-610.5057787453392,0.0,0.0,1.0,24.0
0.0,1.6382744998627459,-629.0180811140316,0.0,0.0,1.0,24.0
0.0,24.269214894994548,-620.1788382780508,0.0,0.0,1.0,24.0
0.0,22.511612307678206,-617.2762611506262,0.0,0.0,1.0,24.0
0.0,24.96997942953476,-595.9205452200324,0.0,0.0,1.0,24.0
0.0,-4.751217934829356,-619.5087587567672,0.0,0.0,1.0,24.0
0.0,28.667401034706927,-619.0986825144035,0.0,0.0,1.0,24.0
0.0,32.62766887182647,-597.9190521070449,0.0,0.0,1.0,24.0
0.0,81.47152085605808,-670.4853918098554,0.0,0.0,1.0,24.0
0.0,73.34595868488168,-661.4726362940298,0.0,0.0,1.0,24.0
0.0,26.00587510677269,-650.3717665160516,0.0,0.0,1.0,24.0
0.0,56.1323730740246,-679.0478697223978,0.0,0.0,1.0,24.0
0.0,71.00991923595802,-653.1733000932644,0.0,0.0,1.0,24.0
0.0,65.83171728160255,-621.5831122737796,0.0,0.0,1.0,24.0
0.0,66.58042294141228,-668.550293495363,0.0,0.0,1.0,24.0
0.0,75.1422176609185,-642.4608967396258,0.0,0.0,1.0,24.0
0.0,93.0674107980899,-671.7605254699791,0.0,0.0,1.0,24.0
0.0,93.53317226297008,-655.1939256959964,0.0,0.0,1.0,24.0
0.0,31.525496700194026,-628.816847727844,0.0,0.0,1.0,24.0
0.0,70.4114745945958,-641.19952200987,0.0,0.0,1.0,24.0
0.0,52.10378646637241,-649.013908870674,0.0,0.0,1.0,24.0
0.0,65.29942804166308,-652.2205474210192,0.0,0.0,1.0,24.0
0.0,62.440986516660814,-660.8064015321133,0.0,0.0,1.0,24.0
0.0,63.176848429181746,-680.3080854514042,0.0,0.0,1.0,24.0
0.0,57.65998687317392,-654.0495463739996,0.0,0.0,1.0,24.0
0.0,65.47991607154586,-656.6504020107744,0.0,0.0,1.0,24.0
0.0,44.2945772597775,-653.7337148532563,0.0,0.0,1.0,24.0
0.0,58.811213552055506,-645.3103447197861,0.0,0.0,1.0,24.0
0.0,60.4759384256522,-661.8088350440765,0.0,0.0,1.0,24.0
0.0,58.42733206470871,-665.567410360864,0.0,0.0,1.0,24.0
0.0,52.850423121517224,-620.3323359555312,0.0,0.0,1.0,24.0
0.0,76.63574861698794,-672.7575635313949,0.0,0.0,1.0,24.0
0.0,59.409919580536325,-648.6957440556484,0.0,0.0,1.0,24.0
0.0,77.04967468868358,-639.1797788331442,0.0,0.0,1.0,24.0
0.0,97.26073016983446,-645.9918543947938,0.0,0.0,1.0,24.0
0.0,86.43272644128706,-646.4340707367223,0.0,0.0,1.0,24.0
0.0,142.78813845774084,-637.3920433243528,0.0,0.0,1.0,24.0
0.0,86.90304571350453,-631.3792002553414,0.0,0.0,1.0,24.0
0.0,114.54972952586786,-637.192995814428,0.0,0.0,1.0,24.0
0.0,111.37114439132347,-672.3229580407509,0.0,0.0,1.0,24.0
0.0,110.3844459493157,-665.308251506209,0.0,0.0,1.0,24.0
0.0,118.12376122403862,-652.4553365791287,0.0,0.0,1.0,24.0
0.0,127.15084287121272,-621.3544775396754,0.0,0.0,1.0,24.0
0.0,101.70543821674369,-653.1506057350167,0.0,0.0,1.0,24.0
0.0,120.7617609332492,-636.6984195251466,0.0,0.0,1.0,24.0
0.0,109.56301665374963,-640.6393986756389,0.0,0.0,1.0,24.0
0.0,97.18134457626275,-638.7631370371839,0.0,0.0,1.0,24.0
0.0,123.48084365975978,-659.1065210693515,0.0,0.0,1.0,24.0
0.0,123.05818963963702,-640.6296461465095,0.0,0.0,1.0,24.0
0.0,146.0107276214569,-626.8670233259198,0.0,0.0,1.0,24.0
0.0,111.37319713402462,-674.0198281372828,0.0,0.0,1.0,24.0
0.0,96.64349823611815,-628.1726920555526,0.0,0.0,1.0,24.0
0.0,48.02147584465774,-647.9505069067606,0.0,0.0,1.0,24.0
0.0,108.56625711185416,-639.1799548857662,0.0,0.0,1.0,24.0
0.0,92.98981085307832,-642.218926073906,0.0,0.0,1.0,24.0
0.0,116.33604949577716,-645.8524122170123,0.0,0.0,1.0,24.0
0.0,118.06606881790663,-600.3732649454045,0.0,0.0,1.0,24.0
0.0,164.1270086689551,-622.7910119698063,0.0,0.0,1.0,24.0
0.0,165.55828322597313,-600.560960937985,0.0,0.0,1.0,24.0
0.0,144.05906619100847,-618.5654438434437,0.0,0.0,1.0,24.0
0.0,148.11547935865133,-593.9399520269404,0.0,0.0,1.0,24.0
0.0,167.00703143604778,-612.5000332804848,0.0,0.0,1.0,24.0
0.0,151.6697053500311,-589.4151996480931,0.0,0.0,1.0,24.0
0.0,106.28725707878971,-549.9288697283077,0.0,0.0,1.0,24.0
0.0,148.0757727248756,-590.0829810825221,0.0,0.0,1.0,24.0
0.0,150.16275458811083,-624.198090869336,0.0,0.0,1.0,24.0
0.0,135.3435206102804,-584.2647082148776,0.0,0.0,1.0,24.0
0.0,154.35670699893376,-612.8534370834394,0.0,0.0,1.0,24.0
0.0,136.1604171059032,-595.3870025771895,0.0,0.0,1.0,24.0
0.0,122.26589014819001,-563.8183015532057,0.0,0.0,1.0,24.0
0.0,146.99911149909167,-580.2218409149788,0.0,0.0,1.0,24.0
0.0,136.59265367013563,-616.8794926299837,0.0,0.0,1.0,24.0
0.0,119.31362068087446,-616.7761037398342,0.0,0.0,1.0,24.0
0.0,140.87199085763746,-605.6788119315362,0.0,0.0,1.0,24.0
0.0,144.77387055973668,-625.8379641596172,0.0,0.0,1.0,24.0
0.0,138.10573482450604,-637.1680117031626,0.0,0.0,1.0,24.0
0.0,166.88479639841717,-589.3975986077436,0.0,0.0,1.0,24.0
0.0,125.8166122496948,-607.7663788539263,0.0,0.0,1.0,24.0
0.0,138.79286906791685,-617.256778052279,0.0,0.0,1.0,24.0
0.0,159.50452173977305,-567.9772180472723,0.0,0.0,1.0,24.0
0.0,143.86921740508615,-538.486369067207,0.0,0.0,1.0,24.0
0.0,117.7772410646694,-601.6157032522842,0.0,0.0,1.0,24.0
0.0,132.90211509656092,-532.261060391194,0.0,0.0,1.0,24.0
0.0,139.22676026760064,-588.4405238788263,0.0,0.0,1.0,24.0
0.0,139.09960333269737,-555.4527227425733,0.0,0.0,1.0,24.0
0.0,133.1825060789613,-626.1486668067066,0.0,0.0,1.0,24.0
0.0,136.05306569607023,-554.5589891656906,0.0,0.0,1.0,24.0
0.0,150.68753778824998,-564.1415800176321,0.0,0.0,1.0,24.0
0.0,141.52668633916574,-527.7665861164634,0.0,0.0,1.0,24.0
0.0,144.69268247229502,-548.3045712791527,0.0,0.0,1.0,24.0
0.0,141.50890517968878,-580.3628913360062,0.0,0.0,1.0,24.0
0.0,100.35844542461314,-538.5803217848265,0.0,0.0,1.0,24.0
0.0,140.604396271802,-572.1124977240867,0.0,0.0,1.0,24.0
0.0,122.11698394561449,-583.8493780847538,0.0,0.0,1.0,24.0
0.0,150.1446656085484,-518.514689605504,0.0,0.0,1.0,24.0
0.0,118.13202542030808,-566.8042535594315,0.0,0.0,1.0,24.0
0.0,158.49033145814974,-542.4713959397178,0.0,0.0,1.0,24.0
0.0,168.18448569098973,-570.1129573658825,0.0,0.0,1.0,24.0
0.0,145.51980623714644,-553.0816284516292,0.0,0.0,1.0,24.0
0.0,147.56252903398695,-542.6558433623826,0.0,0.0,1.0,24.0
0.0,158.72219051851152,-556.9549759732364,0.0,0.0,1.0,24.0
0.0,137.97854497450794,-537.5791147975798,0.0,0.0,1.0,24.0
0.0,126.99877061839675,-579.9036144869672,0.0,0.0,1.0,24.0
0.0,145.78200457428534,-533.6912561514682,0.0,0.0,1.0,24.0
0.0,139.729197571668,-594.2900064907544,0.0,0.0,1.0,24.0
0.0,156.40257872667212,-558.6316933442629,0.0,0.0,1.0,24.0
0.0,138.48430758660948,-570.5576966042668,0.0,0.0,1.0,24.0
0.0,84.01335631565053,-537.600637136011,0.0,0.0,1.0,24.0
0.0,139.65145136589172,-558.5080680362925,0.0,0.0,1.0,24.0
0.0,158.38048491088284,-536.7451833353539,0.0,0.0,1.0,24.0
0.0,118.72484762699719,-557.1793107018464,0.0,0.0,1.0,24.0
0.0,110.85562964432756,-532.6039564436757,0.0,0.0,1.0,24.0
0.0,133.02679038038013,-557.8699746832386,0.0,0.0,1.0,24.0
0.0,174.07289784767204,-555.5998015478173,0.0,0.0,1.0,24.0
0.0,148.28412764940276,-560.5646150566972,0.0,0.0,1.0,24.0
0.0,138.32177216085847,-605.2237102648442,0.0,0.0,1.0,24.0
0.0,141.6721759885213,-552.2216415305237,0.0,0.0,1.0,24.0
0.0,136.79690662444227,-564.5177310773654,0.0,0.0,1.0,24.0
0.0,161.39991613330744,-552.228119409471,0.0,0.0,1.0,24.0
0.0,146.20476234342846,-556.7130678904595,0.0,0.0,1.0,24.0
0.0,135.1655567394016,-564.0314686600906,0.0,0.0,1.0,24.0
0.0,141.87692805219422,-552.1478221801513,0.0,0.0,1.0,24.0
0.0,158.86022809423298,-555.8264299612227,0.0,0.0,1.0,24.0
0.0,141.92810274114004,-581.3745450111064,0.0,0.0,1.0,24.0
0.0,148.6634747139301,-560.2426250947633,0.0,0.0,1.0,24.0
0.0,108.92705167392569,-562.5107635990512,0.0,0.0,1.0,24.0
0.0,66.51271306728677,-515.2637359099348,0.0,0.0,1.0,24.0
0.0,48.56706087376165,-583.8500690346983,0.0,0.0,1.0,24.0
0.0,103.5960941859903,-517.1276238869801,0.0,0.0,1.0,24.0
0.0,103.3891206733706,-511.2819493683529,0.0,0.0,1.0,24.0
0.0,113.38725958215878,-527.8926942153196,0.0,0.0,1.0,24.0
0.0,105.09284341796706,-571.8982544872038,0.0,0.0,1.0,24.0
0.0,68.27853414390302,-513.4697317541697,0.0,0.0,1.0,24.0
0.0,85.53460717837675,-515.09748216508,0.0,0.0,1.0,24.0
0.0,117.70972222572482,-514.0099045699762,0.0,0.0,1.0,24.0
0.0,120.93755720114586,-520.0955487372712,0.0,0.0,1.0,24.0
0.0,118.31426006122047,-521.1131961418537,0.0,0.0,1.0,24.0
0.0,88.86010300614339,-506.2596492073262,0.0,0.0,1.0,24.0
0.0,106.94402849054563,-518.9044015759436,0.0,0.0,1.0,24.0
0.0,93.66069205472945,-521.0212477430746,0.0,0.0,1.0,24.0
0.0,62.43357917495359,-518.6562011526233,0.0,0.0,1.0,24.0
0.0,71.09829362131677,-542.2449560824689,0.0,0.0,1.0,24.0
0.0,34.272394938090656,-531.0904857014755,0.0,0.0,1.0,24.0
0.0,57.56028596593296,-549.9089918089913,0.0,0.0,1.0,24.0
0.0,28.438547387285553,-546.1255859897154,0.0,0.0,1.0,24.0
0.0,84.21376474253384,-511.8651151457958,0.0,0.0,1.0,24.0
0.0,44.83725714583966,-539.1077513420156,0.0,0.0,1.0,24.0
0.0,49.66105110304102,-539.9320648541948,0.0,0.0,1.0,24.0
0.0,35.90192413691739,-534.6014921532027,0.0,0.0,1.0,24.0
0.0,36.94374157052266,-542.3517763710515,0.0,0.0,1.0,24.0
0.0,60.11925142820019,-539.8320375041136,0.0,0.0,1.0,24.0
0.0,41.13240307107185,-523.2048143537838,0.0,0.0,1.0,24.0
0.0,59.20137737907794,-538.4534559874172,0.0,0.0,1.0,24.0
0.0,49.155770066849755,-534.8338108388514,0.0,0.0,1.0,24.0
0.0,42.70589701151971,-533.1527723915416,0.0,0.0,1.0,24.0
0.0,29.074418939972247,-530.7540238826512,0.0,0.0,1.0,24.0
0.0,59.5378036344207,-527.0183131612994,0.0,0.0,1.0,24.0
0.0,66.94771428400736,-526.7183616284027,0.0,0.0,1.0,24.0
0.0,51.27535909812377,-578.0538726108911,0.0,0.0,1.0,24.0
0.0,51.635319859230776,-525.0934016677868,0.0,0.0,1.0,24.0
0.0,25.094352740180284,-548.4982133579753,0.0,0.0,1.0,24.0
0.0,59.266855920137004,-517.1986063987187,0.0,0.0,1.0,24.0
0.0,46.217964238031755,-559.9090657501946,0.0,0.0,1.0,24.0
0.0,79.4327171161251,-520.3667379415713,0.0,0.0,1.0,24.0
0.0,42.46215399616017,-529.2020764989672,0.0,0.0,1.0,24.0
0.0,51.264875146785926,-509.2990074798922,0.0,0.0,1.0,24.0
0.0,69.12167300747319,-534.102894368485,0.0,0.0,1.0,24.0
0.0,57.426488803990196,-524.9060327939376,0.0,0.0,1.0,24.0
0.0,50.84893655952919,-531.2315822603522,0.0,0.0,1.0,24.0
0.0,52.33857383384043,-499.65743524754043,0.0,0.0,1.0,24.0
0.0,55.26185301411897,-555.9124304271525,0.0,0.0,1.0,24.0
0.0,79.56521636137268,-516.2650931728007,0.0,0.0,1.0,24.0
0.0,40.93851944476887,-530.2633695787391,0.0,0.0,1.0,24.0
0.0,86.86626654716429,-511.8962177815421,0.0,0.0,1.0,24.0
0.0,55.71199263280482,-526.1540449622365,0.0,0.0,1.0,24.0
0.0,58.32546501844831,-525.5239333880949,0.0,0.0,1.0,24.0
0.0,13.923677775061606,-549.785592355535,0.0,0.0,1.0,24.0
0.0,26.77209205285226,-584.1242252315106,0.0,0.0,1.0,24.0
0.0,6.674878540689178,-615.7495398024582,0.0,0.0,1.0,24.0
0.0,28.45262699916134,-558.4484142329628,0.0,0.0,1.0,24.0
0.0,1.9650524812200274,-556.4617081639252,0.0,0.0,1.0,24.0
0.0,49.30971830081239,-564.0662944708681,0.0,0.0,1.0,24.0
0.0,0.43223411164740355,-562.7550060108812,0.0,0.0,1.0,24.0
0.0,10.108418975886707,-574.6192759950239,0.0,0.0,1.0,24.0
0.0,25.401218719865028,-575.0924387952576,0.0,0.0,1.0,24.0
0.0,6.241630700289534,-548.5219822218124,0.0,0.0,1.0,24.0
0.0,17.7566308130813,-569.3140123739079,0.0,0.0,1.0,24.0
0.0,36.45213260498099,-543.7438805802499,0.0,0.0,1.0,24.0
0.0,22.25446203740762,-539.6419888699886,0.0,0.0,1.0,24.0
0.0,24.89249247865473,-553.402996979746,0.0,0.0,1.0,24.0
0.0,22.385863947876032,-578.091984777524,0.0,0.0,1.0,24.0
0.0,7.710139590715244,-575.60895025757,0.0,0.0,1.0,24.0
0.0,11.619194889362007,-590.0609793864403,0.0,0.0,1.0,24.0
0.0,7.66695545505263,-558.664053005285,0.0,0.0,1.0,24.0
0.0,35.583378257483446,-554.4962862168954,0.0,0.0,1.0,24.0
0.0,16.863453743761283,-563.9388579564692,0.0,0.0,1.0,24.0
0.0,7.745956958384113,-560.8041371298233,0.0,0.0,1.0,24.0
0.0,1.0164244792410955,-567.8670797419657,0.0,0.0,1.0,24.0
0.0,28.79957228370563,-571.1680715299153,0.0,0.0,1.0,24.0
0.0,-12.913867930391461,-583.3146474939357,0.0,0.0,1.0,24.0
0.0,34.47166765221391,-542.0294838842314,0.0,0.0,1.0,24.0
0.0,-7.300938999392201,-580.7860143478345,0.0,0.0,1.0,24.0
0.0,-9.847137012496205,-583.9747550311131,0.0,0.0,1.0,24.0
0.0,349.5063938968692,-514.6841049573719,0.0,0.0,1.0,25.0
0.0,374.66793901643996,-529.380558395065,0.0,0.0,1.0,25.0
0.0,361.4949801645373,-515.0988351809015,0.0,0.0,1.0,25.0
0.0,367.42866462948314,-527.3300766331513,0.0,0.0,1.0,25.0
0.0,362.60920686526015,-516.8089351452096,0.0,0.0,1.0,25.0
0.0,362.0010739268412,-528.8393807674764,0.0,0.0,1.0,25.0
0.0,339.5400352446045,-518.9403609290614,0.0,0.0,1.0,25.0
0.0,339.1636426567741,-488.90973456343386,0.0,0.0,1.0,25.0
0.0,367.31022107457875,-502.06196983427435,0.0,0.0,1.0,25.0
0.0,348.68821728435773,-533.4326985157155,0.0,0.0,1.0,25.0
0.0,354.4962532112081,-547.5897575835407,0.0,0.0,1.0,25.0
0.0,330.4426089414367,-510.94815323049716,0.0,0.0,1.0,25.0
0.0,332.4101472748421,-533.9006891207399,0.0,0.0,1.0,25.0
0.0,347.62918632963056,-517.3673806476937,0.0,0.0,1.0,25.0
0.0,369.3049122193397,-515.255385865783,0.0,0.0,1.0,25.0
0.0,351.58425282566463,-521.8655311975574,0.0,0.0,1.0,25.0
0.0,328.2633374445545,-523.9133443665,0.0,0.0,1.0,25.0
0.0,364.7162517234401,-538.3402527363527,0.0,0.0,1.0,25.0
0.0,367.8107824297326,-513.2270586377438,0.0,0.0,1.0,25.0
0.0,359.88098049553673,-535.2082406625785,0.0,0.0,1.0,25.0
0.0,363.5932338611501,-531.4250129053216,0.0,0.0,1.0,25.0
0.0,350.23332323799286,-519.0061221126193,0.0,0.0,1.0,25.0
0.0,322.30745995912275,-542.2164168935554,0.0,0.0,1.0,25.0
0.0,350.5455033046994,-536.0121960246267,0.0,0.0,1.0,25.0
0.0,300.725445194596,-492.7069736558494,0.0,0.0,1.0,25.0
0.0,343.0683037697479,-524.815791656384,0.0,0.0,1.0,25.0
0.0,358.9581739170135,-540.7688275009793,0.0,0.0,1.0,25.0
0.0,367.52018901210704,-513.7738446901915,0.0,0.0,1.0,25.0
0.0,357.7125549591585,-517.8011046776842,0.0,0.0,1.0,25.0
0.0,360.77993284672266,-514.3284597585985,0.0,0.0,1.0,25.0
0.0,334.5622062072546,-545.3298060295996,0.0,0.0,1.0,25.0
0.0,343.1350198198618,-563.8261593522647,0.0,0.0,1.0,25.0
0.0,346.51481144878403,-556.4677688289112,0.0,0.0,1.0,25.0
0.0,346.9835836515367,-495.6314730082213,0.0,0.0,1.0,25.0
0.0,360.48868088391737,-520.7935976304042,0.0,0.0,1.0,25.0
0.0,356.3210823070258,-537.5060212357192,0.0,0.0,1.0,25.0
0.0,336.0054685591472,-496.3703242476014,0.0,0.0,1.0,25.0
0.0,311.5893576220153,-449.35153461609355,0.0,0.0,1.0,25.0
0.0,312.8054283347244,-447.9878837551904,0.0,0.0,1.0,25.0
0.0,326.5822074844591,-481.4748136931273,0.0,0.0,1.0,25.0
0.0,324.4473195774258,-476.8927112106338,0.0,0.0,1.0,25.0
0.0,334.9715996445889,-519.2974390037997,0.0,0.0,1.0,25.0
0.0,329.64081119418165,-497.1245550095657,0.0,0.0,1.0,25.0
0.0,331.99140539460427,-480.08990225667367,0.0,0.0,1.0,25.0
0.0,322.57238838107605,-477.849126975603,0.0,0.0,1.0,25.0
0.0,328.5274501075328,-471.23379035796984,0.0,0.0,1.0,25.0
0.0,330.10192981134105,-488.6311811596629,0.0,0.0,1.0,25.0
0.0,336.9326564946364,-487.18335186098443,0.0,0.0,1.0,25.0
0.0,345.3457616545559,-480.9236347046576,0.0,0.0,1.0,25.0
0.0,325.30778485837914,-476.5303547503162,0.0,0.0,1.0,25.0
0.0,284.4177853359538,-471.72617116268486,0.0,0.0,1.0,25.0
0.0,298.1942896528951,-469.5426769007154,0.0,0.0,1.0,25.0
0.0,313.62944120615066,-469.1870948448095,0.0,0.0,1.0,25.0
0.0,328.81095687672996,-494.9986006362087,0.0,0.0,1.0,25.0
0.0,347.99400123655255,-495.1522826480906,0.0,0.0,1.0,25.0
0.0,356.2066993355097,-504.6738790468871,0.0,0.0,1.0,25.0
0.0,323.34053128765595,-474.94516272070587,0.0,0.0,1.0,25.0
0.0,345.88385791481005,-467.69997069320937,0.0,0.0,1.0,25.0
0.0,253.2620799880999,-501.041342447171,0.0,0.0,1.0,25.0
0.0,345.84899900260643,-498.37544088400966,0.0,0.0,1.0,25.0
0.0,323.33095435610585,-475.9417973292278,0.0,0.0,1.0,25.0
0.0,342.475398076931,-486.297454774656,0.0,0.0,1.0,25.0
0.0,310.8131643978577,-453.4728438912199,0.0,0.0,1.0,25.0
0.0,348.3574965773769,-522.0555771184031,0.0,0.0,1.0,25.0
0.0,361.32475511616894,-472.58269515472125,0.0,0.0,1.0,25.0
0.0,325.08152859978986,-481.2241884052214,0.0,0.0,1.0,25.0
0.0,336.1083312499484,-481.333469017772,0.0,0.0,1.0,25.0
0.0,334.91884987211597,-480.62173260211785,0.0,0.0,1.0,25.0
0.0,305.73040515306525,-508.5046887289825,0.0,0.0,1.0,25.0
0.0,308.43088239895724,-463.9592517420904,0.0,0.0,1.0,25.0
0.0,280.59643426356956,-439.03051543173444,0.0,0.0,1.0,25.0
0.0,301.30035067593485,-455.7106042627198,0.0,0.0,1.0,25.0
0.0,323.03274705625427,-503.4228162397121,0.0,0.0,1.0,25.0
0.0,298.2244154242121,-471.30574271515854,0.0,0.0,1.0,25.0
0.0,258.93441749804174,-455.48335038960613,0.0,0.0,1.0,25.0
0.0,323.0079445610879,-445.91173055684044,0.0,0.0,1.0,25.0
0.0,309.5982719985718,-430.83316436079485,0.0,0.0,1.0,25.0
0.0,292.96601791528315,-441.6997271869328,0.0,0.0,1.0,25.0
0.0,281.579019649427,-454.24506591144495,0.0,0.0,1.0,25.0
0.0,277.760036858331,-442.41554721567627,0.0,0.0,1.0,25.0
0.0,281.7971709520159,-455.7167307568893,0.0,0.0,1.0,25.0
0.0,284.59931421175975,-443.8763998482124,0.0,0.0,1.0,25.0
0.0,258.89822893193264,-447.4218964073033,0.0,0.0,1.0,25.0
0.0,279.15883433142335,-466.0379738566801,0.0,0.0,1.0,25.0
0.0,299.11923437155974,-458.4647892313129,0.0,0.0,1.0,25.0
0.0,303.79703524797105,-448.8939355008421,0.0,0.0,1.0,25.0
0.0,281.7687685335584,-460.8341685183783,0.0,0.0,1.0,25.0
0.0,288.6684526379256,-440.0493664141246,0.0,0.0,1.0,25.0
0.0,306.72189721602285,-451.53453933147114,0.0,0.0,1.0,25.0
0.0,307.1250019010183,-450.60324385081856,0.0,0.0,1.0,25.0
0.0,234.58776732012348,-497.45743187530684,0.0,0.0,1.0,25.0
0.0,313.7315584909038,-458.83579415851307,0.0,0.0,1.0,25.0
0.0,262.6538398169023,-454.3215683782255,0.0,0.0,1.0,25.0
0.0,276.4404693372521,-432.502638591743,0.0,0.0,1.0,25.0
0.0,266.0147302562582,-438.7389751284679,0.0,0.0,1.0,25.0
0.0,279.09052077338924,-465.74810996925885,0.0,0.0,1.0,25.0
0.0,289.23046977891795,-474.2125490636404,0.0,0.0,1.0,25.0
0.0,294.4701163362879,-475.72735228935574,0.0,0.0,1.0,25.0
0.0,275.0530065563403,-461.8284455242132,0.0,0.0,1.0,25.0
0.0,275.60342301704077,-501.3466769817004,0.0,0.0,1.0,25.0
0.0,280.5062605512537,-454.00775072038175,0.0,0.0,1.0,25.0
0.0,271.095717117488,-456.1038172892886,0.0,0.0,1.0,25.0
0.0,274.1835167042025,-468.13424094020047,0.0,0.0,1.0,25.0
0.0,283.94089033328623,-434.969469383455,0.0,0.0,1.0,25.0
0.0,265.0751135853691,-422.26036279199536,0.0,0.0,1.0,25.0
0.0,276.5085304083361,-440.3568833321665,0.0,0.0,1.0,25.0
0.0,290.2398623814877,-437.69910798305136,0.0,0.0,1.0,25.0
0.0,302.6969648597401,-440.30617261328143,0.0,0.0,1.0,25.0
0.0,277.4252124176835,-442.63440254686714,0.0,0.0,1.0,25.0
0.0,295.26115914978163,-484.8810440490257,0.0,0.0,1.0,25.0
0.0,272.87826975203666,-482.08560181494056,0.0,0.0,1.0,25.0
0.0,331.09621615833885,-464.1454551402717,0.0,0.0,1.0,25.0
0.0,312.62875506256137,-524.5186505062754,0.0,0.0,1.0,25.0
0.0,274.35960965063896,-456.3036346805692,0.0,0.0,1.0,25.0
0.0,259.39478861622933,-469.32256931699374,0.0,0.0,1.0,25.0
0.0,281.8273712775738,-470.8755448667216,0.0,0.0,1.0,25.0
0.0,263.4446672476986,-436.5148185381979,0.0,0.0,1.0,25.0
0.0,245.3051195534258,-484.4957582766383,0.0,0.0,1.0,25.0
0.0,233.31516372107535,-461.74590261208607,0.0,0.0,1.0,25.0
0.0,237.69810054167783,-477.14336402211404,0.0,0.0,1.0,25.0
0.0,241.60713219943068,-474.4161261175825,0.0,0.0,1.0,25.0
0.0,226.3401941809334,-472.845295434548,0.0,0.0,1.0,25.0
0.0,212.3995312452871,-470.59644712720217,0.0,0.0,1.0,25.0
0.0,234.67413808921492,-477.7717425929827,0.0,0.0,1.0,25.0
0.0,241.7029496613468,-472.3223948933944,0.0,0.0,1.0,25.0
0.0,215.5241795193274,-466.21417896566686,0.0,0.0,1.0,25.0
0.0,216.9343486535679,-461.15503874374417,0.0,0.0,1.0,25.0
0.0,245.87309715452648,-443.95169438291146,0.0,0.0,1.0,25.0
0.0,227.32932100117387,-464.75634507238726,0.0,0.0,1.0,25.0
0.0,205.3505352955708,-489.69280934202504,0.0,0.0,1.0,25.0
0.0,226.97205506263117,-474.8037686134255,0.0,0.0,1.0,25.0
0.0,204.32637848361128,-472.4020564363167,0.0,0.0,1.0,25.0
0.0,275.0903689436591,-483.70430090663115,0.0,0.0,1.0,25.0
0.0,235.53377011103862,-481.9647887721444,0.0,0.0,1.0,25.0
0.0,235.8056503477037,-519.9549871334505,0.0,0.0,1.0,25.0
0.0,285.2336617119379,-488.5839167000595,0.0,0.0,1.0,25.0
0.0,236.93744904658024,-467.44051734698894,0.0,0.0,1.0,25.0
0.0,254.38569227410312,-473.58542000407454,0.0,0.0,1.0,25.0
0.0,250.56918265653053,-481.77678501932917,0.0,0.0,1.0,25.0
0.0,246.09813776881083,-450.40410204526995,0.0,0.0,1.0,25.0
0.0,239.34974217405215,-473.2219763145272,0.0,0.0,1.0,25.0
0.0,223.7165654871285,-472.69027782256046,0.0,0.0,1.0,25.0
0.0,243.89683145069353,-462.9918997203812,0.0,0.0,1.0,25.0
0.0,236.25590359446255,-462.96300267893275,0.0,0.0,1.0,25.0
0.0,224.43346337779008,-476.1104245810659,0.0,0.0,1.0,25.0
0.0,201.72934258815053,-517.1784182967067,0.0,0.0,1.0,25.0
0.0,219.61263268584685,-545.8754673691396,0.0,0.0,1.0,25.0
0.0,242.66319019167577,-490.5956037578135,0.0,0.0,1.0,25.0
0.0,220.48676721561765,-530.2790899669457,0.0,0.0,1.0,25.0
0.0,199.89222166213358,-533.0791764138872,0.0,0.0,1.0,25.0
0.0,206.48564662977174,-512.2152677654807,0.0,0.0,1.0,25.0
0.0,231.12705551020508,-534.9035678800599,0.0,0.0,1.0,25.0
0.0,193.84901616944126,-519.6418830049404,0.0,0.0,1.0,25.0
0.0,223.95998615580402,-522.3706249629063,0.0,0.0,1.0,25.0
0.0,214.66180623843888,-557.2107659370627,0.0,0.0,1.0,25.0
0.0,184.32845107474418,-521.8839246677936,0.0,0.0,1.0,25.0
0.0,221.04604722196314,-556.7050619725343,0.0,0.0,1.0,25.0
0.0,195.44685133846883,-516.8658811325016,0.0,0.0,1.0,25.0
0.0,200.0716736325653,-570.1961167549769,0.0,0.0,1.0,25.0
0.0,202.30212569999594,-530.6585786672908,0.0,0.0,1.0,25.0
0.0,227.48743912962686,-515.4501484652113,0.0,0.0,1.0,25.0
0.0,222.32861624091743,-527.6129861823629,0.0,0.0,1.0,25.0
0.0,210.34534078088427,-539.7146619165943,0.0,0.0,1.0,25.0
0.0,219.06698678030443,-527.0603965036362,0.0,0.0,1.0,25.0
0.0,198.24089970546333,-516.6669265368373,0.0,0.0,1.0,25.0
0.0,209.5041779327737,-526.224019613718,0.0,0.0,1.0,25.0
0.0,202.3927585939839,-520.4507096426215,0.0,0.0,1.0,25.0
0.0,257.1868047702717,-575.5876063177245,0.0,0.0,1.0,25.0
0.0,220.69238561658585,-571.151768578156,0.0,0.0,1.0,25.0
0.0,235.75484110461548,-566.5851218407942,0.0,0.0,1.0,25.0
0.0,214.82379445906804,-551.3286344045368,0.0,0.0,1.0,25.0
0.0,229.57188186970347,-570.8010762978289,0.0,0.0,1.0,25.0
0.0,218.18535702996996,-562.202701483229,0.0,0.0,1.0,25.0
0.0,257.03590989656095,-551.4846520757875,0.0,0.0,1.0,25.0
0.0,239.92400095362086,-565.4328623666225,0.0,0.0,1.0,25.0
0.0,227.0109544482134,-603.6958899967177,0.0,0.0,1.0,25.0
0.0,299.1256965662699,-579.2631568165257,0.0,0.0,1.0,25.0
0.0,230.3747354351392,-562.6921746554334,0.0,0.0,1.0,25.0
0.0,235.4290175647875,-572.4469673896727,0.0,0.0,1.0,25.0
0.0,223.21227973173018,-566.9209713908102,0.0,0.0,1.0,25.0
0.0,229.08690744006117,-572.9816741883179,0.0,0.0,1.0,25.0
0.0,251.3707187630705,-554.1650607349676,0.0,0.0,1.0,25.0
0.0,217.38555528647566,-577.6654476127669,0.0,0.0,1.0,25.0
0.0,253.2737168353242,-575.8738297369531,0.0,0.0,1.0,25.0
0.0,247.81926998039808,-582.760610173411,0.0,0.0,1.0,25.0
0.0,233.64938520898727,-569.6861241415628,0.0,0.0,1.0,25.0
0.0,226.8690986040849,-542.0684407047082,0.0,0.0,1.0,25.0
0.0,239.19271968322596,-569.1495369011175,0.0,0.0,1.0,25.0
0.0,221.91224014024056,-569.3516488976244,0.0,0.0,1.0,25.0
0.0,222.04276274954077,-565.048798615645,0.0,0.0,1.0,25.0
0.0,223.3305290139367,-542.8980658086405,0.0,0.0,1.0,25.0
0.0,216.84472627289892,-576.3868072585975,0.0,0.0,1.0,25.0
0.0,240.82099771434514,-551.6206933888313,0.0,0.0,1.0,25.0
0.0,221.23593576781036,-556.1966759509467,0.0,0.0,1.0,25.0
0.0,215.94074780376786,-569.7994256161938,0.0,0.0,1.0,25.0
0.0,287.2329385468297,-579.9848068882358,0.0,0.0,1.0,25.0
0.0,277.26852980681815,-624.5168461075642,0.0,0.0,1.0,25.0
0.0,278.97090878230665,-602.0530743979792,0.0,0.0,1.0,25.0
0.0,264.3743313696191,-577.4768684191731,0.0,0.0,1.0,25.0
0.0,279.72156665866373,-597.359287598861,0.0,0.0,1.0,25.0
0.0,261.42121760582904,-596.929270765625,0.0,0.0,1.0,25.0
0.0,253.83573886097656,-613.5343385138029,0.0,0.0,1.0,25.0
0.0,275.49033047603507,-601.8463087307318,0.0,0.0,1.0,25.0
0.0,253.44299122539132,-592.3897516415411,0.0,0.0,1.0,25.0
0.0,290.71367360875433,-588.8148079602033,0.0,0.0,1.0,25.0
0.0,262.6297892775208,-607.274743975884,0.0,0.0,1.0,25.0
0.0,285.12243726856104,-587.4176020101921,0.0,0.0,1.0,25.0
0.0,250.2950649459292,-571.9837443843877,0.0,0.0,1.0,25.0
0.0,250.79727359213257,-581.2642816760565,0.0,0.0,1.0,25.0
0.0,298.5103795326977,-600.3407304586303,0.0,0.0,1.0,25.0
0.0,246.30681901896378,-620.5767504711258,0.0,0.0,1.0,25.0
0.0,261.44639199754283,-575.5815155709854,0.0,0.0,1.0,25.0
0.0,284.22955376826076,-605.6085929414704,0.0,0.0,1.0,25.0
0.0,324.84329776548316,-551.5130237960817,0.0,0.0,1.0,25.0
0.0,323.2251304257222,-565.2172162057254,0.0,0.0,1.0,25.0
0.0,285.10089592690497,-565.124474797732,0.0,0.0,1.0,25.0
0.0,244.53409199658336,-574.9960981781993,0.0,0.0,1.0,25.0
0.0,297.19933522625706,-572.4021720745463,0.0,0.0,1.0,25.0
0.0,274.58482633166295,-592.513680701804,0.0,0.0,1.0,25.0
0.0,278.515925190346,-592.9283835066353,0.0,0.0,1.0,25.0
0.0,274.92652291629315,-583.3426836682445,0.0,0.0,1.0,25.0
0.0,327.27811786952043,-574.7371568368912,0.0,0.0,1.0,25.0
0.0,283.90197701773855,-561.7067081627164,0.0,0.0,1.0,25.0
0.0,268.9842254845148,-600.112385405921,0.0,0.0,1.0,25.0
0.0,277.3978297720412,-590.8014203922365,0.0,0.0,1.0,25.0
0.0,309.053515976952,-537.0237178509612,0.0,0.0,1.0,25.0
0.0,277.959397677904,-604.1061517162751,0.0,0.0,1.0,25.0
0.0,313.2559320653413,-564.2927748039662,0.0,0.0,1.0,25.0
0.0,269.80148812267544,-611.553633617646,0.0,0.0,1.0,25.0
0.0,271.1657482360549,-611.8590003395516,0.0,0.0,1.0,25.0
0.0,286.98041923839423,-580.7856969104549,0.0,0.0,1.0,25.0
0.0,271.99302561296486,-604.234118256638,0.0,0.0,1.0,25.0
0.0,284.26275847871784,-623.4198915037148,0.0,0.0,1.0,25.0
0.0,256.85094930737387,-614.7210944420957,0.0,0.0,1.0,25.0
0.0,338.22328470952334,-570.4125837077795,0.0,0.0,1.0,25.0
0.0,269.43443485312014,-587.5723724659673,0.0,0.0,1.0,25.0
0.0,260.61632765373747,-557.5261168236963,0.0,0.0,1.0,25.0
0.0,271.36345628237723,-611.3138003828041,0.0,0.0,1.0,25.0
0.0,293.49711088471236,-608.2409841563275,0.0,0.0,1.0,25.0
0.0,250.50387331301658,-597.7465838615649,0.0,0.0,1.0,25.0
0.0,266.402960581275,-581.5853203166338,0.0,0.0,1.0,25.0
0.0,339.50469727473956,-573.6278981329774,0.0,0.0,1.0,25.0
0.0,341.4799734774829,-558.8659732810468,0.0,0.0,1.0,25.0
0.0,344.19462619870046,-582.6686225043454,0.0,0.0,1.0,25.0
0.0,287.6536170142615,-583.1709373185964,0.0,0.0,1.0,25.0
0.0,331.85943636048296,-590.2513085144019,0.0,0.0,1.0,25.0
0.0,263.91636976393283,-531.8255486084147,0.0,0.0,1.0,25.0
0.0,299.97968240879845,-559.1197831169247,0.0,0.0,1.0,25.0
0.0,331.73094351281134,-592.2774852401769,0.0,0.0,1.0,25.0
0.0,315.08111170470283,-563.7170175790699,0.0,0.0,1.0,25.0
0.0,324.57929735841344,-583.0599354288871,0.0,0.0,1.0,25.0
0.0,341.49431396498744,-579.6841328130593,0.0,0.0,1.0,25.0
0.0,338.007765100072,-553.5887409928475,0.0,0.0,1.0,25.0
0.0,331.11412815006224,-586.7194593422935,0.0,0.0,1.0,25.0
0.0,310.79813408622067,-601.2314543638724,0.0,0.0,1.0,25.0
0.0,337.6629720738358,-570.1168543990419,0.0,0.0,1.0,25.0
0.0,320.7352168769555,-560.4794415036874,0.0,0.0,1.0,25.0
0.0,336.5082297959193,-509.67531422939214,0.0,0.0,1.0,25.0
0.0,339.98354269809874,-576.9681783999187,0.0,0.0,1.0,25.0
0.0,344.32561896047946,-560.4274274907273,0.0,0.0,1.0,25.0
0.0,321.17742513258827,-562.8888380487192,0.0,0.0,1.0,25.0
0.0,314.2253162488348,-579.4272838264997,0.0,0.0,1.0,25.0
0.0,334.35674119618943,-569.4348654683428,0.0,0.0,1.0,25.0
0.0,349.4399136671234,-585.1577253458678,0.0,0.0,1.0,25.0
0.0,330.4527563281936,-592.1561133771596,0.0,0.0,1.0,25.0
0.0,323.7317734874771,-512.9396411280782,0.0,0.0,1.0,25.0
0.0,589.1871547537519,-60.405432205225,0.0,0.0,1.0,26.0
0.0,587.7831581558717,-109.11554201275021,0.0,0.0,1.0,26.0
0.0,605.0902102944378,-116.77449292176334,0.0,0.0,1.0,26.0
0.0,622.234555796821,-117.04854093828999,0.0,0.0,1.0,26.0
0.0,670.9468241013565,-103.83024496678195,0.0,0.0,1.0,26.0
0.0,599.3707040880522,-117.78355434722903,0.0,0.0,1.0,26.0
0.0,594.4792037257971,-140.02198640417078,0.0,0.0,1.0,26.0
0.0,586.8999576651513,-89.89387755086568,0.0,0.0,1.0,26.0
0.0,604.2702439733225,-104.65036016050362,0.0,0.0,1.0,26.0
0.0,625.2121248969429,-99.95886713048299,0.0,0.0,1.0,26.0
0.0,571.4245135055062,-131.03658858161498,0.0,0.0,1.0,26.0
0.0,633.7745609659084,-97.99741421709496,0.0,0.0,1.0,26.0
0.0,593.3984170728968,-119.29426394076359,0.0,0.0,1.0,26.0
0.0,592.4250319091998,-127.0124427476394,0.0,0.0,1.0,26.0
0.0,593.9700460340762,-120.16263457385071,0.0,0.0,1.0,26.0
0.0,587.0811293164352,-148.3120201828974,0.0,0.0,1.0,26.0
0.0,606.3613348672848,-129.05042677128995,0.0,0.0,1.0,26.0
0.0,617.1196103360858,-81.81547912981046,0.0,0.0,1.0,26.0
0.0,649.3734763859247,-130.4651701054854,0.0,0.0,1.0,26.0
0.0,667.6265547026144,-120.24861803547674,0.0,0.0,1.0,26.0
0.0,633.7769383331013,-105.4833557303341,0.0,0.0,1.0,26.0
0.0,612.8535929787422,-133.86229148303687,0.0,0.0,1.0,26.0
0.0,619.4368825431939,-105.3230131970472,0.0,0.0,1.0,26.0
0.0,632.2114513980234,-108.58123796591917,0.0,0.0,1.0,26.0
0.0,608.9963281498424,-118.42843800732908,0.0,0.0,1.0,26.0
0.0,603.0351150632746,-122.93423008373247,0.0,0.0,1.0,26.0
0.0,591.7478501746218,-137.18837843269534,0.0,0.0,1.0,26.0
0.0,592.8077513226337,-144.85002423447213,0.0,0.0,1.0,26.0
0.0,579.602879214437,-106.23486135274652,0.0,0.0,1.0,26.0
0.0,604.2835894446521,-119.7691947742153,0.0,0.0,1.0,26.0
0.0,627.2581814557664,-157.03617383755727,0.0,0.0,1.0,26.0
0.0,617.8926105242901,-94.46576518641018,0.0,0.0,1.0,26.0
0.0,611.8094989628303,-91.935777991941,0.0,0.0,1.0,26.0
0.0,608.782599125559,-143.18140054405148,0.0,0.0,1.0,26.0
0.0,600.0354541674931,-129.11259894227396,0.0,0.0,1.0,26.0
0.0,595.989372247398,-124.07000033143527,0.0,0.0,1.0,26.0
0.0,620.8710472261969,-120.4623960718427,0.0,0.0,1.0,26.0
0.0,589.996614384459,-137.52025557477532,0.0,0.0,1.0,26.0
0.0,663.8793786515635,-118.01575335877351,0.0,0.0,1.0,26.0
0.0,653.4795532476328,-133.72689348071117,0.0,0.0,1.0,26.0
0.0,650.626397250267,-153.56672940615954,0.0,0.0,1.0,26.0
0.0,651.497021454155,-134.91841728184204,0.0,0.0,1.0,26.0
0.0,643.9964033467295,-138.83274168702565,0.0,0.0,1.0,26.0
0.0,637.5622389430962,-128.08077523404563,0.0,0.0,1.0,26.0
0.0,612.6577931806814,-150.61068849584285,0.0,0.0,1.0,26.0
0.0,633.0717284073439,-118.27100191691443,0.0,0.0,1.0,26.0
0.0,666.8011523804964,-114.94326283735563,0.0,0.0,1.0,26.0
0.0,649.0310273119057,-150.2037020363291,0.0,0.0,1.0,26.0
0.0,612.475379658471,-103.9745615555596,0.0,0.0,1.0,26.0
0.0,654.4177448589978,-106.8765479283486,0.0,0.0,1.0,26.0
0.0,687.8167198112351,-140.16787598208293,0.0,0.0,1.0,26.0
0.0,661.2709211172014,-134.0659596785024,0.0,0.0,1.0,26.0
0.0,629.1358334333263,-103.24532821874163,0.0,0.0,1.0,26.0
0.0,651.8605151947345,-125.73997859951578,0.0,0.0,1.0,26.0
0.0,669.238424396116,-145.66353322495752,0.0,0.0,1.0,26.0
0.0,653.1510434833415,-137.2422447265858,0.0,0.0,1.0,26.0
0.0,677.1818336570343,-123.16398457242076,0.0,0.0,1.0,26.0
0.0,665.1183358835845,-150.3093045157234,0.0,0.0,1.0,26.0
0.0,633.9118412859036,-125.79894921044115,0.0,0.0,1.0,26.0
0.0,597.7570152090243,-115.47144690957975,0.0,0.0,1.0,26.0
0.0,681.5404465253127,-108.38539726960835,0.0,0.0,1.0,26.0
0.0,679.0582611525101,-118.88581683447774,0.0,0.0,1.0,26.0
0.0,645.3009360730105,-109.15356132987245,0.0,0.0,1.0,26.0
0.0,663.011095577503,-139.3989039631265,0.0,0.0,1.0,26.0
0.0,635.2035992725616,-147.7441328623895,0.0,0.0,1.0,26.0
0.0,666.0111261513607,-122.8789631710249,0.0,0.0,1.0,26.0
0.0,654.339742385609,-103.27436100648492,0.0,0.0,1.0,26.0
0.0,669.4568633649988,-145.71022984768751,0.0,0.0,1.0,26.0
0.0,669.8911929919482,-98.93056773309968,0.0,0.0,1.0,26.0
0.0,703.858553087754,-88.83835816317014,0.0,0.0,1.0,26.0
0.0,691.7014713359602,-90.5218548063915,0.0,0.0,1.0,26.0
0.0,714.0401246182323,-68.77636962664974,0.0,0.0,1.0,26.0
0.0,634.7106280276112,-123.06483758558943,0.0,0.0,1.0,26.0
0.0,692.445603837157,-87.00113586449379,0.0,0.0,1.0,26.0
0.0,715.2689296268823,-77.45848519836613,0.0,0.0,1.0,26.0
0.0,703.5814724684346,-121.0198659445548,0.0,0.0,1.0,26.0
0.0,698.6138512016942,-98.88581608719801,0.0,0.0,1.0,26.0
0.0,685.9292181137912,-114.04107653278243,0.0,0.0,1.0,26.0
0.0,699.8883212127625,-101.7754171160293,0.0,0.0,1.0,26.0
0.0,697.2893678635251,-77.90530359761487,0.0,0.0,1.0,26.0
0.0,694.1813623922487,-107.5332415992932,0.0,0.0,1.0,26.0
0.0,714.5248476349389,-91.6467500081717,0.0,0.0,1.0,26.0
0.0,666.7712871653252,-64.73597673833638,0.0,0.0,1.0,26.0
0.0,709.7866878797608,-100.02089154021269,0.0,0.0,1.0,26.0
0.0,638.7397983444948,-113.15415384436528,0.0,0.0,1.0,26.0
0.0,691.6756422645942,-70.7917526592521,0.0,0.0,1.0,26.0
0.0,669.871736319757,-28.471282317778787,0.0,0.0,1.0,26.0
0.0,687.4050839443044,-117.36679267514432,0.0,0.0,1.0,26.0
0.0,700.8142418655166,-68.37103824746396,0.0,0.0,1.0,26.0
0.0,692.1658551116866,-111.85482938157838,0.0,0.0,1.0,26.0
0.0,708.9333759917904,-93.20732728807116,0.0,0.0,1.0,26.0
0.0,690.3259576980645,-63.070289559009325,0.0,0.0,1.0,26.0
0.0,696.3152853913239,-91.90193708833476,0.0,0.0,1.0,26.0
0.0,706.3936532106877,-84.539432848454,0.0,0.0,1.0,26.0
0.0,706.1724406622652,-103.2304518369042,0.0,0.0,1.0,26.0
0.0,724.7537122639501,-109.83824328634523,0.0,0.0,1.0,26.0
0.0,696.3080255715226,-77.57472237219872,0.0,0.0,1.0,26.0
0.0,697.0250545075291,-110.80833569586366,0.0,0.0,1.0,26.0
0.0,689.0858584809339,-89.1526346144808,0.0,0.0,1.0,26.0
0.0,686.6782345157058,-108.31768205273147,0.0,0.0,1.0,26.0
0.0,686.7174850922513,-102.48193137902445,0.0,0.0,1.0,26.0
0.0,714.5273270944017,-109.29005886923028,0.0,0.0,1.0,26.0
0.0,695.569388984205,-35.748789426399526,0.0,0.0,1.0,26.0
0.0,714.3610817622157,-67.12831256946629,0.0,0.0,1.0,26.0
0.0,716.3582833416681,-53.96932479911311,0.0,0.0,1.0,26.0
0.0,705.8982803257145,-42.18279648155385,0.0,0.0,1.0,26.0
0.0,719.5482550684765,-49.81130832812164,0.0,0.0,1.0,26.0
0.0,669.7750464890739,-6.530318945706313,0.0,0.0,1.0,26.0
0.0,703.1784912254625,-60.01493198347248,0.0,0.0,1.0,26.0
0.0,704.4008377680334,-44.93462884755513,0.0,0.0,1.0,26.0
0.0,722.4440114248123,-51.20557615297753,0.0,0.0,1.0,26.0
0.0,705.9302107950525,-91.72624730225857,0.0,0.0,1.0,26.0
0.0,685.2239924498037,-46.41229088333375,0.0,0.0,1.0,26.0
0.0,704.4185595940721,-64.19411998742862,0.0,0.0,1.0,26.0
0.0,718.2593075732198,-65.59577016254389,0.0,0.0,1.0,26.0
0.0,670.7309767172826,-22.9675772044518,0.0,0.0,1.0,26.0
0.0,705.6124694268237,-33.361508817291906,0.0,0.0,1.0,26.0
0.0,711.1047701857738,-62.775707489227216,0.0,0.0,1.0,26.0
0.0,693.3619732860375,-77.53634600147984,0.0,0.0,1.0,26.0
0.0,695.7421066114334,-63.821233441926324,0.0,0.0,1.0,26.0
0.0,678.1380680896932,-58.65601900832189,0.0,0.0,1.0,26.0
0.0,675.6584617778637,-62.15206928347402,0.0,0.0,1.0,26.0
0.0,691.9183412682223,-60.85345577400267,0.0,0.0,1.0,26.0
0.0,708.5868674234398,-39.64677102150927,0.0,0.0,1.0,26.0
0.0,702.7488988006694,-53.40958221061783,0.0,0.0,1.0,26.0
0.0,725.2613279089528,-32.03535737544007,0.0,0.0,1.0,26.0
0.0,707.4750501443395,-44.186388758339035,0.0,0.0,1.0,26.0
0.0,699.1644177149028,-61.86854707289035,0.0,0.0,1.0,26.0
0.0,715.462267379929,-79.80556983010365,0.0,0.0,1.0,26.0
0.0,735.4681551005528,-33.619859662558156,0.0,0.0,1.0,26.0
0.0,696.6431084660662,-44.49870639865185,0.0,0.0,1.0,26.0
0.0,724.204157833542,-80.1962658444877,0.0,0.0,1.0,26.0
0.0,734.5213462723641,-31.936425060046076,0.0,0.0,1.0,26.0
0.0,726.7665447188265,-61.6251753398908,0.0,0.0,1.0,26.0
0.0,659.3053738279787,-108.34853954136247,0.0,0.0,1.0,26.0
0.0,680.8085377265452,-63.267773584217366,0.0,0.0,1.0,26.0
0.0,702.6139309094447,-79.59988695379934,0.0,0.0,1.0,26.0
0.0,660.3954264813356,-16.862476575743358,0.0,0.0,1.0,26.0
0.0,665.1898857983347,-28.839096758984397,0.0,0.0,1.0,26.0
0.0,669.3067112017834,-19.949330107082005,0.0,0.0,1.0,26.0
0.0,644.4583449235884,-14.470789388912863,0.0,0.0,1.0,26.0
0.0,677.6135655557919,-20.41957482260409,0.0,0.0,1.0,26.0
0.0,685.5169571183728,-26.56406297882154,0.0,0.0,1.0,26.0
0.0,652.9490890178317,-0.24920480368109565,0.0,0.0,1.0,26.0
0.0,656.1295550823213,-19.571740607094853,0.0,0.0,1.0,26.0
0.0,667.0498956535246,-13.644338803950177,0.0,0.0,1.0,26.0
0.0,667.9427560818381,-33.2835367484206,0.0,0.0,1.0,26.0
0.0,687.5830456157778,-32.161100249797755,0.0,0.0,1.0,26.0
0.0,694.6144441387878,-31.246830923835432,0.0,0.0,1.0,26.0
0.0,671.4137425203094,25.28012566986081,0.0,0.0,1.0,26.0
0.0,702.3389370859768,-25.509664051712207,0.0,0.0,1.0,26.0
0.0,676.019772876487,-32.00040397413568,0.0,0.0,1.0,26.0
0.0,691.1921063898903,-9.037590193479446,0.0,0.0,1.0,26.0
0.0,646.0933265005474,-14.67004318937552,0.0,0.0,1.0,26.0
0.0,680.0016434808781,-26.29909800269661,0.0,0.0,1.0,26.0
0.0,673.6675380398303,11.709824775583911,0.0,0.0,1.0,26.0
0.0,685.6265741355523,-47.34022032492521,0.0,0.0,1.0,26.0
0.0,676.8534579916513,-27.824043488439884,0.0,0.0,1.0,26.0
0.0,627.6649021066337,-32.516295379307394,0.0,0.0,1.0,26.0
0.0,618.5908487937136,-28.944867591035973,0.0,0.0,1.0,26.0
0.0,610.1227659016522,-25.106604793690394,0.0,0.0,1.0,26.0
0.0,645.6401363657369,3.582132671534737,0.0,0.0,1.0,26.0
0.0,617.9090503555126,-5.032912450348249,0.0,0.0,1.0,26.0
0.0,596.1774362006533,-12.512150103703107,0.0,0.0,1.0,26.0
0.0,647.4295996195749,-4.62085219895107,0.0,0.0,1.0,26.0
0.0,628.9938808286636,-13.964363168348882,0.0,0.0,1.0,26.0
0.0,597.0482357362794,-15.792197341021392,0.0,0.0,1.0,26.0
0.0,627.0620694450431,-9.557412172204522,0.0,0.0,1.0,26.0
0.0,648.0690242618889,-16.365247432556544,0.0,0.0,1.0,26.0
0.0,633.502849988856,-5.341326799994931,0.0,0.0,1.0,26.0
0.0,611.040662076005,25.89214619214522,0.0,0.0,1.0,26.0
0.0,608.5161592951974,-30.553167728772905,0.0,0.0,1.0,26.0
0.0,648.6792439635981,-12.192881417948684,0.0,0.0,1.0,26.0
0.0,641.5678787535669,-13.352837758212672,0.0,0.0,1.0,26.0
0.0,640.9578709290331,-16.94662028962648,0.0,0.0,1.0,26.0
0.0,624.6057764659481,-27.537346271119986,0.0,0.0,1.0,26.0
0.0,607.0499687642905,8.767537654365015,0.0,0.0,1.0,26.0
0.0,644.4544466392085,-21.933465055801207,0.0,0.0,1.0,26.0
0.0,613.037423448244,-1.5575761551574487,0.0,0.0,1.0,26.0
0.0,610.399020114336,-10.474197130794437,0.0,0.0,1.0,26.0
0.0,627.9341154414103,-1.6873833249228483,0.0,0.0,1.0,26.0
0.0,650.1489801724738,-52.256097009745645,0.0,0.0,1.0,26.0
0.0,579.736172088366,-49.824334644030614,0.0,0.0,1.0,26.0
0.0,589.0165906985899,-22.42970169791397,0.0,0.0,1.0,26.0
0.0,577.3148086637043,-17.768379973860647,0.0,0.0,1.0,26.0
0.0,577.9675020679456,-1.2143586502847938,0.0,0.0,1.0,26.0
0.0,562.4626352171299,-39.192598067159224,0.0,0.0,1.0,26.0
0.0,576.2407459235856,-47.418497835307335,0.0,0.0,1.0,26.0
0.0,595.1933880238041,-37.907269450646254,0.0,0.0,1.0,26.0
0.0,591.7867340514599,-41.772036810226155,0.0,0.0,1.0,26.0
0.0,593.4191928688069,-54.625531072660806,0.0,0.0,1.0,26.0
0.0,596.310584657635,-49.49381852013971,0.0,0.0,1.0,26.0
0.0,574.6138824816758,-15.88264017868596,0.0,0.0,1.0,26.0
0.0,597.7207145940301,-23.595828022647993,0.0,0.0,1.0,26.0
0.0,590.5921327951082,-33.112276988954136,0.0,0.0,1.0,26.0
0.0,567.679192180728,-36.73625462151131,0.0,0.0,1.0,26.0
0.0,615.8870594866128,-10.72590357800982,0.0,0.0,1.0,26.0
0.0,595.972309527267,-61.28199459884786,0.0,0.0,1.0,26.0
0.0,584.0565632227731,-83.55772821559003,0.0,0.0,1.0,26.0
0.0,570.1124705241971,-62.25573825256174,0.0,0.0,1.0,26.0
0.0,564.5500549922604,-88.06406794050918,0.0,0.0,1.0,26.0
0.0,560.5835995892019,-87.93712869218666,0.0,0.0,1.0,26.0
0.0,556.0501412966419,-67.10050453318308,0.0,0.0,1.0,26.0
0.0,556.803337721565,-82.30719549334708,0.0,0.0,1.0,26.0
0.0,574.6982293442411,-87.31667407743635,0.0,0.0,1.0,26.0
0.0,571.4195382546854,-83.059503764066,0.0,0.0,1.0,26.0
0.0,567.7036125658769,-118.28176724008836,0.0,0.0,1.0,26.0
0.0,568.7055356755704,-74.40956252115893,0.0,0.0,1.0,26.0
0.0,568.9988475156415,-55.157885519053934,0.0,0.0,1.0,26.0
0.0,566.0738846397292,-91.99187805047131,0.0,0.0,1.0,26.0
0.0,612.9021375645796,-101.22359290152326,0.0,0.0,1.0,26.0
0.0,572.0378318467683,-80.3796773323304,0.0,0.0,1.0,26.0
0.0,602.6516159401554,-101.56686390440927,0.0,0.0,1.0,26.0
0.0,576.9388055665881,-101.99676592585047,0.0,0.0,1.0,26.0
0.0,584.2850941146321,-47.515592506313624,0.0,0.0,1.0,26.0
0.0,589.4618518159812,-103.73765800493584,0.0,0.0,1.0,26.0
0.0,569.7876957864191,-92.16330568585522,0.0,0.0,1.0,26.0
0.0,593.6741923044742,-110.61607856090177,0.0,0.0,1.0,26.0
0.0,578.8831833210779,-83.17411539960563,0.0,0.0,1.0,26.0
0.0,571.1594493472594,-86.75565599431638,0.0,0.0,1.0,26.0
0.0,556.1142489025456,-82.10927785627337,0.0,0.0,1.0,26.0
0.0,572.689967077051,-90.56227311216344,0.0,0.0,1.0,26.0
0.0,568.8998653761641,-101.81167354095965,0.0,0.0,1.0,26.0
0.0,586.809539732579,-95.94742669945163,0.0,0.0,1.0,26.0
0.0,635.7045628026774,-93.27987824819456,0.0,0.0,1.0,26.0
0.0,576.4769596884933,-77.02538684039655,0.0,0.0,1.0,26.0
0.0,621.0107059940212,-93.02966876364007,0.0,0.0,1.0,26.0
0.0,612.9244302023385,-91.18883612309628,0.0,0.0,1.0,26.0
0.0,558.2691418622876,-86.18732859517559,0.0,0.0,1.0,26.0
0.0,580.9677632771368,-64.51861883694392,0.0,0.0,1.0,26.0
0.0,565.9815327320084,-70.97215245953271,0.0,0.0,1.0,26.0
0.0,564.262458512577,-110.0582196429973,0.0,0.0,1.0,26.0
0.0,566.3744208143623,-92.34183649267698,0.0,0.0,1.0,26.0
0.0,612.4212393053426,-83.94736259016986,0.0,0.0,1.0,26.0
0.0,563.7050682367149,-80.02704732332086,0.0,0.0,1.0,26.0
0.0,581.2341574879101,-96.01392868090443,0.0,0.0,1.0,26.0
0.0,590.3476332284795,-104.79230115255905,0.0,0.0,1.0,26.0
0.0,567.9534209892399,-85.92893884087425,0.0,0.0,1.0,26.0
0.0,567.2634428723909,-86.66615015425327,0.0,0.0,1.0,26.0
0.0,648.6590681411121,68.89801768210873,0.0,0.0,1.0,27.0
0.0,628.9125510871149,115.20822883281244,0.0,0.0,1.0,27.0
0.0,677.9785703740208,174.47271885249006,0.0,0.0,1.0,27.0
0.0,647.6748335987706,112.40859357221348,0.0,0.0,1.0,27.0
0.0,631.812265526532,103.63646850759778,0.0,0.0,1.0,27.0
0.0,620.0125137534862,104.69797182704747,0.0,0.0,1.0,27.0
0.0,629.001671578691,119.33149694049371,0.0,0.0,1.0,27.0
0.0,626.5975866807885,127.44006849638004,0.0,0.0,1.0,27.0
0.0,624.676261643893,82.58020648410434,0.0,0.0,1.0,27.0
0.0,610.512647392377,85.40952427975708,0.0,0.0,1.0,27.0
0.0,623.31480116587,96.02534560026197,0.0,0.0,1.0,27.0
0.0,656.7131179967014,87.3134890546446,0.0,0.0,1.0,27.0
0.0,623.9749604854887,105.24275344080456,0.0,0.0,1.0,27.0
0.0,625.1026285251457,139.32539358678446,0.0,0.0,1.0,27.0
0.0,640.7948848185763,112.14794679935608,0.0,0.0,1.0,27.0
0.0,623.9199458009789,121.35048947643554,0.0,0.0,1.0,27.0
0.0,668.2728148796184,74.15238331371847,0.0,0.0,1.0,27.0
0.0,627.9777731352178,92.16860925108608,0.0,0.0,1.0,27.0
0.0,667.6652110797972,79.78686830625998,0.0,0.0,1.0,27.0
0.0,665.4100937774892,89.43274131260932,0.0,0.0,1.0,27.0
0.0,703.926224937923,79.07512728149754,0.0,0.0,1.0,27.0
0.0,700.3769270763964,25.00467242344098,0.0,0.0,1.0,27.0
0.0,673.0488262206495,47.24561797785714,0.0,0.0,1.0,27.0
0.0,654.798381161843,43.06275762341352,0.0,0.0,1.0,27.0
0.0,677.1863334306479,34.68083747837545,0.0,0.0,1.0,27.0
0.0,646.9681632139864,51.01872877190567,0.0,0.0,1.0,27.0
0.0,702.9052162203975,48.24483385974554,0.0,0.0,1.0,27.0
0.0,684.3193108167898,42.45638943913286,0.0,0.0,1.0,27.0
0.0,665.5001737486684,81.08339702547619,0.0,0.0,1.0,27.0
0.0,658.6537350534654,77.90261283095697,0.0,0.0,1.0,27.0
0.0,646.5485722820858,107.07701107107755,0.0,0.0,1.0,27.0
0.0,678.1648522626019,63.89621112728764,0.0,0.0,1.0,27.0
0.0,651.1277275799557,64.52000886408814,0.0,0.0,1.0,27.0
0.0,726.0098282322624,64.25733327839089,0.0,0.0,1.0,27.0
0.0,674.7879882620182,65.4648353531461,0.0,0.0,1.0,27.0
0.0,698.0345435665558,29.169483714639455,0.0,0.0,1.0,27.0
0.0,690.6656746093286,95.97029425953633,0.0,0.0,1.0,27.0
0.0,684.4166926772339,61.1885438736424,0.0,0.0,1.0,27.0
0.0,678.9633648630909,55.535877595076954,0.0,0.0,1.0,27.0
0.0,670.8507508718944,64.31866160551112,0.0,0.0,1.0,27.0
0.0,675.9223735184264,53.11867531208645,0.0,0.0,1.0,27.0
0.0,661.8021229634919,53.41735615756784,0.0,0.0,1.0,27.0
0.0,670.260434151201,84.19016548090667,0.0,0.0,1.0,27.0
0.0,727.1566991915292,84.98669522534169,0.0,0.0,1.0,27.0
0.0,715.8356495216303,57.35676984258271,0.0,0.0,1.0,27.0
0.0,747.2963740107621,61.649640198008456,0.0,0.0,1.0,27.0
0.0,734.2454125728996,28.463207594008054,0.0,0.0,1.0,27.0
0.0,720.6841912229015,39.30731452529312,0.0,0.0,1.0,27.0
0.0,717.9408725487733,88.36368793211159,0.0,0.0,1.0,27.0
0.0,731.8297923566633,62.38118061065029,0.0,0.0,1.0,27.0
0.0,707.255498980378,39.17615241667659,0.0,0.0,1.0,27.0
0.0,736.4188110017444,57.61370388900241,0.0,0.0,1.0,27.0
0.0,683.4110501195437,54.47159765617994,0.0,0.0,1.0,27.0
0.0,729.340066686299,67.60768479242279,0.0,0.0,1.0,27.0
0.0,743.5868548542953,83.94180499616868,0.0,0.0,1.0,27.0
0.0,753.4987197356754,45.861845237372336,0.0,0.0,1.0,27.0
0.0,750.3177676436321,118.5960233064684,0.0,0.0,1.0,27.0
0.0,740.1485038838259,48.17996296574779,0.0,0.0,1.0,27.0
0.0,709.8706192701961,103.0188032563999,0.0,0.0,1.0,27.0
0.0,722.3487388090689,48.077246540673286,0.0,0.0,1.0,27.0
0.0,741.4940377001581,71.92472348682804,0.0,0.0,1.0,27.0
0.0,711.3025489641077,44.36948201154155,0.0,0.0,1.0,27.0
0.0,736.0421569282175,77.2117095760384,0.0,0.0,1.0,27.0
0.0,730.5114249064213,26.618798607317785,0.0,0.0,1.0,27.0
0.0,714.4166712681294,71.0557290419988,0.0,0.0,1.0,27.0
0.0,739.8429948456228,61.46265302401389,0.0,0.0,1.0,27.0
0.0,736.896907422793,63.75266021308562,0.0,0.0,1.0,27.0
0.0,739.3127436877562,38.75572076698268,0.0,0.0,1.0,27.0
0.0,751.8611020660705,94.59298120336894,0.0,0.0,1.0,27.0
0.0,710.4947765248867,60.33315736381792,0.0,0.0,1.0,27.0
0.0,775.4089473889112,94.16884893411839,0.0,0.0,1.0,27.0
0.0,784.974523954821,68.99847443652243,0.0,0.0,1.0,27.0
0.0,781.8356964514455,101.74498120707358,0.0,0.0,1.0,27.0
0.0,774.3422382146828,112.99115858523123,0.0,0.0,1.0,27.0
0.0,789.2123034206356,112.30786188452453,0.0,0.0,1.0,27.0
0.0,773.8816303359513,98.30706333092303,0.0,0.0,1.0,27.0
0.0,763.3987566980654,109.18216614610174,0.0,0.0,1.0,27.0
0.0,792.0178924411434,126.2934219092881,0.0,0.0,1.0,27.0
0.0,754.1646933231877,87.33622194463896,0.0,0.0,1.0,27.0
0.0,761.7169159107661,83.10000927936903,0.0,0.0,1.0,27.0
0.0,760.9640930224427,134.2785803822901,0.0,0.0,1.0,27.0
0.0,791.9917216174085,116.76015787623396,0.0,0.0,1.0,27.0
0.0,770.426046125614,130.05329413338904,0.0,0.0,1.0,27.0
0.0,782.441656544524,105.7150285189648,0.0,0.0,1.0,27.0
0.0,790.3287544344994,98.7168173903151,0.0,0.0,1.0,27.0
0.0,673.8309024650673,103.48874475349248,0.0,0.0,1.0,27.0
0.0,791.415978834078,95.29156579751407,0.0,0.0,1.0,27.0
0.0,787.9108430324445,103.34928628111197,0.0,0.0,1.0,27.0
0.0,733.387087540696,116.06023063828184,0.0,0.0,1.0,27.0
0.0,780.1167125811289,114.46052364714751,0.0,0.0,1.0,27.0
0.0,807.7768219185195,107.46334271811702,0.0,0.0,1.0,27.0
0.0,768.9452281280769,92.05941753710954,0.0,0.0,1.0,27.0
0.0,736.5474629119949,68.46306110609112,0.0,0.0,1.0,27.0
0.0,768.3179626565475,145.5925396345283,0.0,0.0,1.0,27.0
0.0,782.1011767390373,97.53664268055422,0.0,0.0,1.0,27.0
0.0,763.197769159809,92.75596901105064,0.0,0.0,1.0,27.0
0.0,775.9596412910046,87.71233685646553,0.0,0.0,1.0,27.0
0.0,785.5910126424242,112.28365737635886,0.0,0.0,1.0,27.0
0.0,699.726159771511,125.01136483867504,0.0,0.0,1.0,27.0
0.0,768.2464811427949,143.8967068334439,0.0,0.0,1.0,27.0
0.0,767.4832082821513,115.6593265116619,0.0,0.0,1.0,27.0
0.0,768.3357463190873,165.5352718675058,0.0,0.0,1.0,27.0
0.0,753.7272833902493,146.29787594503478,0.0,0.0,1.0,27.0
0.0,741.0185347392785,218.7575276094508,0.0,0.0,1.0,27.0
0.0,767.0850135161013,156.88082369926792,0.0,0.0,1.0,27.0
0.0,753.98007887615,170.28794977505845,0.0,0.0,1.0,27.0
0.0,778.7120505065468,162.29379444809092,0.0,0.0,1.0,27.0
0.0,785.9808703753065,190.6483244498927,0.0,0.0,1.0,27.0
0.0,781.2817678822644,199.4802596390216,0.0,0.0,1.0,27.0
0.0,749.3637357843563,142.74091728563235,0.0,0.0,1.0,27.0
0.0,774.1082867480063,126.41828546372835,0.0,0.0,1.0,27.0
0.0,770.4311672204144,176.95833579524628,0.0,0.0,1.0,27.0
0.0,762.9883800466155,163.9591695520278,0.0,0.0,1.0,27.0
0.0,795.3556496421602,174.58847348510994,0.0,0.0,1.0,27.0
0.0,795.3526723578752,174.62750920073609,0.0,0.0,1.0,27.0
0.0,767.596143741941,141.5377707573498,0.0,0.0,1.0,27.0
0.0,779.0398644147472,157.65025124397107,0.0,0.0,1.0,27.0
0.0,760.9502620410553,184.34482089600056,0.0,0.0,1.0,27.0
0.0,761.0024659977184,168.077724447842,0.0,0.0,1.0,27.0
0.0,800.9184074573777,131.69339736327606,0.0,0.0,1.0,27.0
0.0,743.071698132564,209.17833631428584,0.0,0.0,1.0,27.0
0.0,681.443715865676,186.28621862582668,0.0,0.0,1.0,27.0
0.0,722.6720219990552,198.50614981467038,0.0,0.0,1.0,27.0
0.0,715.2560448167992,193.52546970865114,0.0,0.0,1.0,27.0
0.0,637.5177959278003,150.42577001829932,0.0,0.0,1.0,27.0
0.0,706.9780044690133,194.38563814362897,0.0,0.0,1.0,27.0
0.0,721.6967440170224,215.30056322935502,0.0,0.0,1.0,27.0
0.0,711.7389143947594,218.05608509317722,0.0,0.0,1.0,27.0
0.0,735.9265236422675,185.99348486713689,0.0,0.0,1.0,27.0
0.0,673.1323435838228,155.10554133855226,0.0,0.0,1.0,27.0
0.0,673.2404416506397,181.80942285158972,0.0,0.0,1.0,27.0
0.0,733.0737933258765,178.20780988383467,0.0,0.0,1.0,27.0
0.0,760.9206523488929,222.54836544910313,0.0,0.0,1.0,27.0
0.0,747.5495905767038,222.75114483646803,0.0,0.0,1.0,27.0
0.0,664.8890114158517,197.3744698334226,0.0,0.0,1.0,27.0
0.0,732.0948316880849,147.2170553696651,0.0,0.0,1.0,27.0
0.0,743.1456791752476,200.8769494890671,0.0,0.0,1.0,27.0
0.0,750.2393189743093,176.1179235799159,0.0,0.0,1.0,27.0
0.0,696.7710019034498,124.02200844667868,0.0,0.0,1.0,27.0
0.0,759.7026967968909,209.12917018844405,0.0,0.0,1.0,27.0
0.0,719.7224139715167,195.30518343319545,0.0,0.0,1.0,27.0
0.0,652.8558008780733,134.94630399954121,0.0,0.0,1.0,27.0
0.0,684.5422059224557,183.51268588869675,0.0,0.0,1.0,27.0
0.0,736.4631175170307,217.83549774895823,0.0,0.0,1.0,27.0
0.0,706.5316377497311,198.05085900090307,0.0,0.0,1.0,27.0
0.0,707.9992907493975,144.66296479633388,0.0,0.0,1.0,27.0
0.0,708.909915412079,143.52335565036014,0.0,0.0,1.0,27.0
0.0,677.9091913880297,166.379670081609,0.0,0.0,1.0,27.0
0.0,603.9810432269473,158.99244841630252,0.0,0.0,1.0,27.0
0.0,633.6715842845692,150.52186352481363,0.0,0.0,1.0,27.0
0.0,607.6500840761128,152.40068658173823,0.0,0.0,1.0,27.0
0.0,622.9286158656964,152.59734779472933,0.0,0.0,1.0,27.0
0.0,621.4092127909335,139.9142120150616,0.0,0.0,1.0,27.0
0.0,628.6980801992186,174.5764178217928,0.0,0.0,1.0,27.0
0.0,629.8499582445097,136.1511521820728,0.0,0.0,1.0,27.0
0.0,616.3310896629628,167.08728913797904,0.0,0.0,1.0,27.0
0.0,611.3351869682538,144.14507254085606,0.0,0.0,1.0,27.0
0.0,631.0592924031621,142.13593086702053,0.0,0.0,1.0,27.0
0.0,614.6893808655104,147.67245745902096,0.0,0.0,1.0,27.0
0.0,612.9265612533582,159.3086129993976,0.0,0.0,1.0,27.0
0.0,644.7991435782383,171.93352389743495,0.0,0.0,1.0,27.0
0.0,620.9525790165708,191.59272071844157,0.0,0.0,1.0,27.0
0.0,622.2085266915576,168.77962718378762,0.0,0.0,1.0,27.0
0.0,621.6179147762032,180.9775549104204,0.0,0.0,1.0,27.0
0.0,605.8627357392688,172.21106054121492,0.0,0.0,1.0,27.0
0.0,639.3532035986179,175.3280766589371,0.0,0.0,1.0,27.0
0.0,629.1877827450235,167.0617143010786,0.0,0.0,1.0,27.0
0.0,684.2771499990554,188.2455785274867,0.0,0.0,1.0,27.0
0.0,603.5379639084706,157.86788062458368,0.0,0.0,1.0,27.0
0.0,679.6902243529014,111.92919633675524,0.0,0.0,1.0,27.0
0.0,597.4134721486482,142.75356594571304,0.0,0.0,1.0,27.0
0.0,622.2592500748269,170.89643981206518,0.0,0.0,1.0,27.0
0.0,631.7867942189505,164.63692276863185,0.0,0.0,1.0,27.0
0.0,696.015290958261,334.4360660378088,0.0,0.0,1.0,28.0
0.0,697.165175487251,438.19475281090877,0.0,0.0,1.0,28.0
0.0,680.8568544070263,421.5492126900324,0.0,0.0,1.0,28.0
0.0,662.7369705101819,405.6456137175164,0.0,0.0,1.0,28.0
0.0,700.9668106215836,425.36481789047,0.0,0.0,1.0,28.0
0.0,739.7334929117092,362.3508586290568,0.0,0.0,1.0,28.0
0.0,707.1942238311153,419.4806264198494,0.0,0.0,1.0,28.0
0.0,679.9421157244547,433.64816458822384,0.0,0.0,1.0,28.0
0.0,717.2458452982537,415.0491053925002,0.0,0.0,1.0,28.0
0.0,699.8053780081468,416.5359027365107,0.0,0.0,1.0,28.0
0.0,723.7085162500725,420.7270503984453,0.0,0.0,1.0,28.0
0.0,703.8059763814113,415.35464150996063,0.0,0.0,1.0,28.0
0.0,692.9675466282665,361.000686645232,0.0,0.0,1.0,28.0
0.0,693.0683909874742,408.84002570435223,0.0,0.0,1.0,28.0
0.0,739.7587565581348,345.6590770803996,0.0,0.0,1.0,28.0
0.0,730.2231529409655,377.42935675305216,0.0,0.0,1.0,28.0
0.0,705.7051250546315,399.01539805023526,0.0,0.0,1.0,28.0
0.0,697.9152066480251,400.5753875484629,0.0,0.0,1.0,28.0
0.0,684.7141748775798,433.387231637121,0.0,0.0,1.0,28.0
0.0,716.2693660574046,413.516212690643,0.0,0.0,1.0,28.0
0.0,683.9433274346286,410.6275596516707,0.0,0.0,1.0,28.0
0.0,681.9901478648685,414.9328969682242,0.0,0.0,1.0,28.0
0.0,671.1494129861971,331.34205067060066,0.0,0.0,1.0,28.0
0.0,707.9657193826492,410.3731514470628,0.0,0.0,1.0,28.0
0.0,691.4807422066592,421.78652377474396,0.0,0.0,1.0,28.0
0.0,703.1688042843011,415.2733589582713,0.0,0.0,1.0,28.0
0.0,709.3237706184736,410.0965531210229,0.0,0.0,1.0,28.0
0.0,690.4735836198261,413.6078735877279,0.0,0.0,1.0,28.0
0.0,693.7960057037708,408.74444152558567,0.0,0.0,1.0,28.0
0.0,709.9405312517756,414.549506616896,0.0,0.0,1.0,28.0
0.0,709.3498349818165,399.52640837834065,0.0,0.0,1.0,28.0
0.0,733.3639429342493,354.5143095818544,0.0,0.0,1.0,28.0
0.0,726.8066113025134,352.21120277510295,0.0,0.0,1.0,28.0
0.0,705.6331521338975,384.0962136649475,0.0,0.0,1.0,28.0
0.0,708.6267619762261,412.2258781258611,0.0,0.0,1.0,28.0
0.0,704.0806722087755,412.622562555101,0.0,0.0,1.0,28.0
0.0,681.7302635284645,420.9211480815702,0.0,0.0,1.0,28.0
0.0,691.8299911726285,410.8027682487457,0.0,0.0,1.0,28.0
0.0,659.4965475218614,291.8580853381209,0.0,0.0,1.0,28.0
0.0,691.3161006728114,294.0864744988321,0.0,0.0,1.0,28.0
0.0,659.0720080831411,281.6185221310284,0.0,0.0,1.0,28.0
0.0,662.1709883366693,268.9233893758826,0.0,0.0,1.0,28.0
0.0,722.0188950391585,355.9475772218382,0.0,0.0,1.0,28.0
0.0,694.4485922760025,278.71349624027835,0.0,0.0,1.0,28.0
0.0,647.0914990365754,288.35920136344953,0.0,0.0,1.0,28.0
0.0,656.2073670414698,277.9582018874123,0.0,0.0,1.0,28.0
0.0,679.6936032523263,283.61725793907976,0.0,0.0,1.0,28.0
0.0,644.0141595780608,290.9788399401125,0.0,0.0,1.0,28.0
0.0,714.2050033278383,293.4472436145543,0.0,0.0,1.0,28.0
0.0,726.1028516097299,301.54597239791065,0.0,0.0,1.0,28.0
0.0,683.6455809586946,283.66180963342845,0.0,0.0,1.0,28.0
0.0,714.7838935193349,296.1466428572769,0.0,0.0,1.0,28.0
0.0,667.2086475522642,296.2890052211417,0.0,0.0,1.0,28.0
0.0,681.0104402467255,293.1137410255303,0.0,0.0,1.0,28.0
0.0,686.2329601826996,325.7452871706098,0.0,0.0,1.0,28.0
0.0,659.3262918350117,295.6749861986043,0.0,0.0,1.0,28.0
0.0,668.8670704496494,273.5967858696383,0.0,0.0,1.0,28.0
0.0,666.6203809423102,288.10600204649086,0.0,0.0,1.0,28.0
0.0,688.5880861359485,296.82444078057415,0.0,0.0,1.0,28.0
0.0,657.608253624092,288.69517066336493,0.0,0.0,1.0,28.0
0.0,699.8078553898204,352.09644738289103,0.0,0.0,1.0,28.0
0.0,647.9667635857613,318.4341562612881,0.0,0.0,1.0,28.0
0.0,711.8242081750127,288.6581864968889,0.0,0.0,1.0,28.0
0.0,709.8246052712475,253.08611754313756,0.0,0.0,1.0,28.0
0.0,734.0640887273898,279.15506628519984,0.0,0.0,1.0,28.0
0.0,715.0505454917989,291.7604030947309,0.0,0.0,1.0,28.0
0.0,725.3637847620366,289.099358655109,0.0,0.0,1.0,28.0
0.0,742.3648146319824,300.3669229902655,0.0,0.0,1.0,28.0
0.0,708.4097064041307,289.56818024422,0.0,0.0,1.0,28.0
0.0,687.9572178612912,290.4079673985457,0.0,0.0,1.0,28.0
0.0,726.4631323956914,283.44486036881426,0.0,0.0,1.0,28.0
0.0,735.2014146537726,266.3177665098124,0.0,0.0,1.0,28.0
0.0,727.4041646829405,304.3504435358436,0.0,0.0,1.0,28.0
0.0,707.3913579814439,266.5749023329997,0.0,0.0,1.0,28.0
0.0,715.465479915757,274.34308158669273,0.0,0.0,1.0,28.0
0.0,709.7724619295959,276.92099783480467,0.0,0.0,1.0,28.0
0.0,715.2326809783785,258.16688549603737,0.0,0.0,1.0,28.0
0.0,736.7981610918396,292.02296792944344,0.0,0.0,1.0,28.0
0.0,708.6786603333826,287.06816387708363,0.0,0.0,1.0,28.0
0.0,713.7161652353775,267.5097678412267,0.0,0.0,1.0,28.0
0.0,670.7593643484904,270.3916300994206,0.0,0.0,1.0,28.0
0.0,717.9961335133585,269.90093927981616,0.0,0.0,1.0,28.0
0.0,718.0379053846941,265.29058000331133,0.0,0.0,1.0,28.0
0.0,735.679157706149,314.24723733556357,0.0,0.0,1.0,28.0
0.0,766.1343219346531,321.1214657361902,0.0,0.0,1.0,28.0
0.0,718.6482956139021,268.20484726650125,0.0,0.0,1.0,28.0
0.0,713.7346844878743,276.58156445566715,0.0,0.0,1.0,28.0
0.0,732.7419983967188,290.5487251002039,0.0,0.0,1.0,28.0
0.0,743.8580429404415,284.4426227115523,0.0,0.0,1.0,28.0
0.0,697.1194819291504,305.73631564816765,0.0,0.0,1.0,28.0
0.0,711.0101864518756,286.806042230588,0.0,0.0,1.0,28.0
0.0,717.0260117210992,322.7353628626861,0.0,0.0,1.0,28.0
0.0,729.435039448846,305.1439808839191,0.0,0.0,1.0,28.0
0.0,751.7263539185856,324.105448878958,0.0,0.0,1.0,28.0
0.0,770.3158744547536,263.6243732142516,0.0,0.0,1.0,28.0
0.0,747.6042150806034,320.51243076315745,0.0,0.0,1.0,28.0
0.0,781.8435715938544,299.23265678652547,0.0,0.0,1.0,28.0
0.0,754.4814904182331,325.84190722779795,0.0,0.0,1.0,28.0
0.0,756.5229313039617,295.7595530300882,0.0,0.0,1.0,28.0
0.0,769.0575424504605,287.9487151917415,0.0,0.0,1.0,28.0
0.0,754.1394446608756,291.49026496111173,0.0,0.0,1.0,28.0
0.0,744.9941939024225,294.5729983693102,0.0,0.0,1.0,28.0
0.0,779.191598319891,305.65192131363915,0.0,0.0,1.0,28.0
0.0,748.0864934976335,285.45455172703464,0.0,0.0,1.0,28.0
0.0,730.8799974654557,261.5908237773772,0.0,0.0,1.0,28.0
0.0,772.2196784464636,297.0720245160044,0.0,0.0,1.0,28.0
0.0,778.5638647533756,317.40414465767844,0.0,0.0,1.0,28.0
0.0,764.6962317131115,308.79535659261956,0.0,0.0,1.0,28.0
0.0,773.279835861531,305.1379290769462,0.0,0.0,1.0,28.0
0.0,766.1359705230047,295.052783218164,0.0,0.0,1.0,28.0
0.0,774.2785035083616,326.2863237778415,0.0,0.0,1.0,28.0
0.0,763.1271196742196,292.29094702546604,0.0,0.0,1.0,28.0
0.0,759.647418039388,299.9521567320621,0.0,0.0,1.0,28.0
0.0,764.9195641035999,320.68457205410755,0.0,0.0,1.0,28.0
0.0,761.269852773713,306.7397152461747,0.0,0.0,1.0,28.0
0.0,757.2683159728754,307.8430222692041,0.0,0.0,1.0,28.0
0.0,752.6488489118883,282.35973492446556,0.0,0.0,1.0,28.0
0.0,773.2310315755844,328.2451046550684,0.0,0.0,1.0,28.0
0.0,768.1618079255309,303.8263693021597,0.0,0.0,1.0,28.0
0.0,791.9930091422752,338.9026255409624,0.0,0.0,1.0,28.0
0.0,792.314433325274,351.795634749431,0.0,0.0,1.0,28.0
0.0,756.8154806370117,351.94175736563284,0.0,0.0,1.0,28.0
0.0,748.8041100980872,366.10334244501655,0.0,0.0,1.0,28.0
0.0,762.8507324176308,378.62660208167085,0.0,0.0,1.0,28.0
0.0,792.1749832895362,371.00568058672206,0.0,0.0,1.0,28.0
0.0,787.1646320921454,355.18954793703324,0.0,0.0,1.0,28.0
0.0,735.8671490782467,346.79455346210193,0.0,0.0,1.0,28.0
0.0,795.2703836151536,359.98522958103194,0.0,0.0,1.0,28.0
0.0,765.3578770446061,363.43725985496826,0.0,0.0,1.0,28.0
0.0,754.704543704011,349.5558282571458,0.0,0.0,1.0,28.0
0.0,771.3767924574122,325.5142792558263,0.0,0.0,1.0,28.0
0.0,750.3570803752223,355.51972316802903,0.0,0.0,1.0,28.0
0.0,794.2881898210462,351.758348804427,0.0,0.0,1.0,28.0
0.0,738.2208946851656,390.8904272041634,0.0,0.0,1.0,28.0
0.0,769.4338014891282,359.8862700605273,0.0,0.0,1.0,28.0
0.0,772.7566625750337,351.02222336896784,0.0,0.0,1.0,28.0
0.0,801.076612543608,353.43322918102604,0.0,0.0,1.0,28.0
0.0,798.3848677204905,329.4116530091105,0.0,0.0,1.0,28.0
0.0,779.6634377634136,336.7966700567126,0.0,0.0,1.0,28.0
0.0,770.5596055163646,339.4553291928621,0.0,0.0,1.0,28.0
0.0,775.8318859839164,351.1478186116892,0.0,0.0,1.0,28.0
0.0,739.0599993983019,355.08157329300684,0.0,0.0,1.0,28.0
0.0,753.2983364630395,369.90082091905015,0.0,0.0,1.0,28.0
0.0,747.685234931158,323.8385739886944,0.0,0.0,1.0,28.0
0.0,755.3038290472086,308.8124262517533,0.0,0.0,1.0,28.0
0.0,769.3744574094835,350.68206186555926,0.0,0.0,1.0,28.0
0.0,777.0177803668475,344.52661912369786,0.0,0.0,1.0,28.0
0.0,779.205371263914,336.14859249361166,0.0,0.0,1.0,28.0
0.0,793.48993927732,366.3110673402148,0.0,0.0,1.0,28.0
0.0,765.9444426008699,362.8344079592989,0.0,0.0,1.0,28.0
0.0,500.6358829495009,460.01351440758026,0.0,0.0,1.0,29.0
0.0,500.0878561283389,482.8345679207946,0.0,0.0,1.0,29.0
0.0,522.7620022005676,479.20766991297023,0.0,0.0,1.0,29.0
0.0,497.54891199421377,453.34289935504626,0.0,0.0,1.0,29.0
0.0,516.856695514283,436.8381801085475,0.0,0.0,1.0,29.0
0.0,511.6825692258126,479.5807140845891,0.0,0.0,1.0,29.0
0.0,470.7825888426132,479.3445077343272,0.0,0.0,1.0,29.0
0.0,522.8774967909253,462.28736430776576,0.0,0.0,1.0,29.0
0.0,514.9587945122994,525.9198250723987,0.0,0.0,1.0,29.0
0.0,498.9106286713427,482.90253309149693,0.0,0.0,1.0,29.0
0.0,546.2557133326125,489.1672726737031,0.0,0.0,1.0,29.0
0.0,526.5164311697577,474.16017126350357,0.0,0.0,1.0,29.0
0.0,538.9409694621022,496.5286703618972,0.0,0.0,1.0,29.0
0.0,506.68594421113653,460.6904729216924,0.0,0.0,1.0,29.0
0.0,500.03893309775253,477.99213404032935,0.0,0.0,1.0,29.0
0.0,505.1296689749356,472.8723833012232,0.0,0.0,1.0,29.0
0.0,503.11204153614517,491.00414894796927,0.0,0.0,1.0,29.0
0.0,528.2528679223524,453.50488354752315,0.0,0.0,1.0,29.0
0.0,514.7812220983897,520.6574360516283,0.0,0.0,1.0,29.0
0.0,524.4089057433753,482.8237398872825,0.0,0.0,1.0,29.0
0.0,492.07086280173667,448.0200016721906,0.0,0.0,1.0,29.0
0.0,492.48595792140554,503.4332819288011,0.0,0.0,1.0,29.0
0.0,497.5396284231517,477.35675567395947,0.0,0.0,1.0,29.0
0.0,496.8140382335014,495.4253407510121,0.0,0.0,1.0,29.0
0.0,520.534173715942,473.2289709437523,0.0,0.0,1.0,29.0
0.0,514.8291349317376,499.94723061024115,0.0,0.0,1.0,29.0
0.0,523.5751618121776,444.9223693164672,0.0,0.0,1.0,29.0
0.0,549.7926779235688,441.11572360122295,0.0,0.0,1.0,29.0
0.0,548.0826684260951,411.984001490265,0.0,0.0,1.0,29.0
0.0,533.2396301248909,438.1451679032482,0.0,0.0,1.0,29.0
0.0,521.1334165601297,451.5123243059552,0.0,0.0,1.0,29.0
0.0,555.2309413649009,437.8905919187928,0.0,0.0,1.0,29.0
0.0,542.9517467119883,432.2589494144611,0.0,0.0,1.0,29.0
0.0,574.7587965441094,447.3726004958544,0.0,0.0,1.0,29.0
0.0,539.0052376735098,433.8530479776264,0.0,0.0,1.0,29.0
0.0,547.7818317584315,419.3341705366129,0.0,0.0,1.0,29.0
0.0,551.2634308203214,437.3374555903524,0.0,0.0,1.0,29.0
0.0,538.3792686390066,424.55364390302384,0.0,0.0,1.0,29.0
0.0,568.8672005450867,459.0806479092737,0.0,0.0,1.0,29.0
0.0,569.3265266359294,447.68205174081277,0.0,0.0,1.0,29.0
0.0,524.9119850436218,422.7733993678082,0.0,0.0,1.0,29.0
0.0,557.6589020662395,506.21240256954457,0.0,0.0,1.0,29.0
0.0,542.494160314478,407.1518614304514,0.0,0.0,1.0,29.0
0.0,521.1384086334629,454.7714860698327,0.0,0.0,1.0,29.0
0.0,529.0057406836554,425.07894160775254,0.0,0.0,1.0,29.0
0.0,528.1414079225324,420.13220274138484,0.0,0.0,1.0,29.0
0.0,591.4948964828404,395.7624732268696,0.0,0.0,1.0,29.0
0.0,583.5723573640457,424.97117505732035,0.0,0.0,1.0,29.0
0.0,569.7353616023006,438.8011710040323,0.0,0.0,1.0,29.0
0.0,577.7475817730542,427.11646361815383,0.0,0.0,1.0,29.0
0.0,597.2563573042303,428.26427088598257,0.0,0.0,1.0,29.0
0.0,605.0025090229867,409.5003660500879,0.0,0.0,1.0,29.0
0.0,596.4753497621739,394.84595696435645,0.0,0.0,1.0,29.0
0.0,590.0272050233691,421.42855456471716,0.0,0.0,1.0,29.0
0.0,582.5316028857026,408.66057716645355,0.0,0.0,1.0,29.0
0.0,589.6455534220256,408.14714144116556,0.0,0.0,1.0,29.0
0.0,596.0212504244585,416.99790885258494,0.0,0.0,1.0,29.0
0.0,579.3738456485814,403.29481850567026,0.0,0.0,1.0,29.0
0.0,614.5587074247192,435.0534872812218,0.0,0.0,1.0,29.0
0.0,614.5333538241807,468.40431290656966,0.0,0.0,1.0,29.0
0.0,577.6158146173711,419.89929096364654,0.0,0.0,1.0,29.0
0.0,602.4103142272565,420.31712147070675,0.0,0.0,1.0,29.0
0.0,597.8327276192176,414.8276500211564,0.0,0.0,1.0,29.0
0.0,579.62817442093,420.3683263547764,0.0,0.0,1.0,29.0
0.0,606.4609358776488,414.94093604740624,0.0,0.0,1.0,29.0
0.0,599.4083498472394,433.0367918404638,0.0,0.0,1.0,29.0
0.0,597.001699324398,433.33528340770226,0.0,0.0,1.0,29.0
0.0,553.3534860113264,449.8208561582462,0.0,0.0,1.0,29.0
0.0,607.1897403515502,464.75881192415136,0.0,0.0,1.0,29.0
0.0,579.2328402698981,451.05375183318506,0.0,0.0,1.0,29.0
0.0,583.2221031433764,412.35705049155195,0.0,0.0,1.0,29.0
0.0,594.9251509015644,464.9085787499007,0.0,0.0,1.0,29.0
0.0,590.473129866989,399.98613258547357,0.0,0.0,1.0,29.0
0.0,599.6643842047638,417.0541212939572,0.0,0.0,1.0,29.0
0.0,588.1296004445776,391.94213999600674,0.0,0.0,1.0,29.0
0.0,630.5696424336425,437.68075063033075,0.0,0.0,1.0,29.0
0.0,577.6014510726586,419.7403943231084,0.0,0.0,1.0,29.0
0.0,624.2161283669561,441.2859075778765,0.0,0.0,1.0,29.0
0.0,618.4741396787981,457.27701236307803,0.0,0.0,1.0,29.0
0.0,633.2163136959039,465.5159904881855,0.0,0.0,1.0,29.0
0.0,618.3746738277732,442.8791671686088,0.0,0.0,1.0,29.0
0.0,566.0759137408713,476.3870686959099,0.0,0.0,1.0,29.0
0.0,640.9100612877105,443.4793855365881,0.0,0.0,1.0,29.0
0.0,629.8077278118694,432.9436894626274,0.0,0.0,1.0,29.0
0.0,628.6129186821249,443.1588792936741,0.0,0.0,1.0,29.0
0.0,630.1795041680007,480.20303780603194,0.0,0.0,1.0,29.0
0.0,638.0154946597763,441.5770906101152,0.0,0.0,1.0,29.0
0.0,637.6565398009002,457.6644241407937,0.0,0.0,1.0,29.0
0.0,642.6874443927354,442.40441691705746,0.0,0.0,1.0,29.0
0.0,636.1183452654186,435.72469429437933,0.0,0.0,1.0,29.0
0.0,617.8479263375953,439.44724407277727,0.0,0.0,1.0,29.0
0.0,651.470634020653,456.6055103599399,0.0,0.0,1.0,29.0
0.0,640.1203724911502,442.6093996517236,0.0,0.0,1.0,29.0
0.0,632.2907759158466,453.123147799226,0.0,0.0,1.0,29.0
0.0,623.2484363973081,444.3048880786464,0.0,0.0,1.0,29.0
0.0,635.4658761214698,438.90258135542786,0.0,0.0,1.0,29.0
0.0,626.0870676818872,459.4244183051412,0.0,0.0,1.0,29.0
0.0,578.7421649684388,451.3541152628186,0.0,0.0,1.0,29.0
0.0,657.5613562606286,455.2753656538364,0.0,0.0,1.0,29.0
0.0,620.247351985791,440.0120049979598,0.0,0.0,1.0,29.0
0.0,615.8276425305826,454.0803219601919,0.0,0.0,1.0,29.0
0.0,641.7273477372937,452.4755358938296,0.0,0.0,1.0,29.0
0.0,637.8430047364755,449.03451993062185,0.0,0.0,1.0,29.0
0.0,626.7340028569993,445.61431115293453,0.0,0.0,1.0,29.0
0.0,627.800685238868,439.4417987617262,0.0,0.0,1.0,29.0
0.0,624.616222149757,443.89652719642754,0.0,0.0,1.0,29.0
0.0,622.0477902086686,396.9136804868526,0.0,0.0,1.0,29.0
0.0,632.7438896033536,448.0266888620022,0.0,0.0,1.0,29.0
0.0,603.6550551841697,423.9265394708459,0.0,0.0,1.0,29.0
0.0,586.3016552066019,458.1926159819204,0.0,0.0,1.0,29.0
0.0,608.8830601673098,428.80237581607275,0.0,0.0,1.0,29.0
0.0,635.6353405354148,429.030347704675,0.0,0.0,1.0,29.0
0.0,642.0571912157516,441.0582362058035,0.0,0.0,1.0,29.0
0.0,634.741799011847,449.7816246310483,0.0,0.0,1.0,29.0
0.0,644.0420801098237,524.5117415046539,0.0,0.0,1.0,29.0
0.0,635.6370813410504,516.4113348646158,0.0,0.0,1.0,29.0
0.0,646.6843473919439,519.3802147955066,0.0,0.0,1.0,29.0
0.0,591.6927365174674,509.15500712981384,0.0,0.0,1.0,29.0
0.0,653.4315055735528,491.48577645616206,0.0,0.0,1.0,29.0
0.0,652.9315989563868,508.1760429956191,0.0,0.0,1.0,29.0
0.0,648.2400766396267,494.8297437597839,0.0,0.0,1.0,29.0
0.0,639.302245865628,507.61570944946993,0.0,0.0,1.0,29.0
0.0,591.1160322087565,506.09148386442916,0.0,0.0,1.0,29.0
0.0,581.057682784684,517.3823785032046,0.0,0.0,1.0,29.0
0.0,674.6151797125285,527.6073767031608,0.0,0.0,1.0,29.0
0.0,639.7120240635861,515.1687400296305,0.0,0.0,1.0,29.0
0.0,616.564519668826,555.8923610069728,0.0,0.0,1.0,29.0
0.0,616.2939744197174,558.7141456486811,0.0,0.0,1.0,29.0
0.0,633.4872517273434,531.3403439879885,0.0,0.0,1.0,29.0
0.0,583.3770236930072,475.5625520830606,0.0,0.0,1.0,29.0
0.0,553.0833522924777,496.29776814659544,0.0,0.0,1.0,29.0
0.0,636.8221086857602,545.8705439804303,0.0,0.0,1.0,29.0
0.0,592.5636900164761,561.0283612273295,0.0,0.0,1.0,29.0
0.0,626.0587755839715,532.9277011406425,0.0,0.0,1.0,29.0
0.0,602.9691398444977,532.489174813863,0.0,0.0,1.0,29.0
0.0,660.6666247435521,541.0794024714553,0.0,0.0,1.0,29.0
0.0,609.6273798586542,551.5450288262075,0.0,0.0,1.0,29.0
0.0,623.7678444067913,548.1748722415002,0.0,0.0,1.0,29.0
0.0,587.1892983451153,554.3109497372227,0.0,0.0,1.0,29.0
0.0,639.786382374997,526.4339781460455,0.0,0.0,1.0,29.0
0.0,561.5848400306941,549.0843758734914,0.0,0.0,1.0,29.0
0.0,634.9941146397064,512.3180222009219,0.0,0.0,1.0,29.0
0.0,628.9608796236071,539.6689003153224,0.0,0.0,1.0,29.0
0.0,562.0143381851881,560.2721535673184,0.0,0.0,1.0,29.0
0.0,579.6153045566225,527.6739667271149,0.0,0.0,1.0,29.0
0.0,620.2277263221076,556.1977840236177,0.0,0.0,1.0,29.0
0.0,603.2398556192227,520.7084086327302,0.0,0.0,1.0,29.0
0.0,613.0071443474849,535.6365340130335,0.0,0.0,1.0,29.0
0.0,612.7460904067943,544.7920961770913,0.0,0.0,1.0,29.0
0.0,621.6941088555643,533.9594974493498,0.0,0.0,1.0,29.0
0.0,624.4908651945386,545.0876550103483,0.0,0.0,1.0,29.0
0.0,599.0917942557371,489.6525877791755,0.0,0.0,1.0,29.0
0.0,601.8196445264905,554.4682560239048,0.0,0.0,1.0,29.0
0.0,615.6823434769908,568.7608504352938,0.0,0.0,1.0,29.0
0.0,621.0179697796007,516.4157079274632,0.0,0.0,1.0,29.0
0.0,627.7057738975886,544.6376164022456,0.0,0.0,1.0,29.0
0.0,506.08783367280216,520.5805912300548,0.0,0.0,1.0,29.0
0.0,553.8247249605006,511.2423771915851,0.0,0.0,1.0,29.0
0.0,510.71210699696144,542.5666436623676,0.0,0.0,1.0,29.0
0.0,519.4232530945524,535.511646178121,0.0,0.0,1.0,29.0
0.0,535.6230081225137,541.713464618952,0.0,0.0,1.0,29.0
0.0,523.7218465544233,528.227900845679,0.0,0.0,1.0,29.0
0.0,531.4821298713437,537.7560489356433,0.0,0.0,1.0,29.0
0.0,509.02672417040367,514.27740033282,0.0,0.0,1.0,29.0
0.0,540.0177732646557,530.1048184523897,0.0,0.0,1.0,29.0
0.0,510.03360211232393,570.9240634739117,0.0,0.0,1.0,29.0
0.0,552.6929387430937,462.0487756192042,0.0,0.0,1.0,29.0
0.0,507.65349335060523,528.5580531167852,0.0,0.0,1.0,29.0
0.0,523.8391677864199,547.7528132302036,0.0,0.0,1.0,29.0
0.0,536.2826528828593,507.7626161576941,0.0,0.0,1.0,29.0
0.0,541.5871679160036,524.1844837865215,0.0,0.0,1.0,29.0
0.0,528.8898901133832,483.39255355456703,0.0,0.0,1.0,29.0
0.0,528.9793063399056,555.2186232280392,0.0,0.0,1.0,29.0
0.0,525.2177016419737,533.1941749642415,0.0,0.0,1.0,29.0
0.0,525.8999214379148,525.9203988904951,0.0,0.0,1.0,29.0
0.0,542.5802748763604,521.4102159250585,0.0,0.0,1.0,29.0
0.0,496.3164223289168,523.1455634363724,0.0,0.0,1.0,29.0
0.0,522.7025988126309,531.6991124563483,0.0,0.0,1.0,29.0
0.0,506.54266033308613,540.8847984950498,0.0,0.0,1.0,29.0
0.0,517.8722192084169,502.1637382710321,0.0,0.0,1.0,29.0
0.0,528.9144581671417,540.3011613701251,0.0,0.0,1.0,29.0
0.0,511.42141609134273,551.4553262966954,0.0,0.0,1.0,29.0
0.0,549.0356049796783,554.1367877858597,0.0,0.0,1.0,29.0
0.0,270.1763321037258,713.7333163800427,0.0,0.0,1.0,30.0
0.0,275.94580985985294,704.7996005447299,0.0,0.0,1.0,30.0
0.0,271.1365300999787,734.6011888453895,0.0,0.0,1.0,30.0
0.0,268.79902733628774,728.6781961984998,0.0,0.0,1.0,30.0
0.0,287.4277539233692,734.5318622843256,0.0,0.0,1.0,30.0
0.0,293.2340494750208,742.1010771166857,0.0,0.0,1.0,30.0
0.0,284.4590275169887,705.2590318540406,0.0,0.0,1.0,30.0
0.0,291.1125725089928,746.3707157951399,0.0,0.0,1.0,30.0
0.0,290.7356905282202,700.7946615070459,0.0,0.0,1.0,30.0
0.0,316.1837779003895,700.5006220267937,0.0,0.0,1.0,30.0
0.0,299.21957546472686,734.6071217033755,0.0,0.0,1.0,30.0
0.0,275.4567570031959,728.7185082859482,0.0,0.0,1.0,30.0
0.0,281.9983810975359,737.5239348173509,0.0,0.0,1.0,30.0
0.0,278.66382499679617,715.8625448355328,0.0,0.0,1.0,30.0
0.0,270.38211351953555,710.1003103211506,0.0,0.0,1.0,30.0
0.0,293.15761564977765,701.3013433149044,0.0,0.0,1.0,30.0
0.0,292.2011110765625,706.867885992001,0.0,0.0,1.0,30.0
0.0,287.82514089162305,719.3819572769539,0.0,0.0,1.0,30.0
0.0,287.756319886661,715.8635100240763,0.0,0.0,1.0,30.0
0.0,268.7967262174334,723.5036781959093,0.0,0.0,1.0,30.0
0.0,281.6506604941678,705.8042601873476,0.0,0.0,1.0,30.0
0.0,343.98145484114,737.6613317586598,0.0,0.0,1.0,30.0
0.0,353.2395704238072,703.2523543413854,0.0,0.0,1.0,30.0
0.0,323.48521979802945,702.3965237877551,0.0,0.0,1.0,30.0
0.0,334.9783527061247,718.7369192246579,0.0,0.0,1.0,30.0
0.0,314.4256143739567,682.8823906768494,0.0,0.0,1.0,30.0
0.0,313.2906932339629,691.6809455435709,0.0,0.0,1.0,30.0
0.0,310.1725070668235,680.7172110342076,0.0,0.0,1.0,30.0
0.0,384.0692285922364,679.6966838527567,0.0,0.0,1.0,30.0
0.0,312.737436990941,693.5945478695876,0.0,0.0,1.0,30.0
0.0,319.9465560463534,702.3178838502181,0.0,0.0,1.0,30.0
0.0,314.45198548116196,696.3396495176862,0.0,0.0,1.0,30.0
0.0,296.015497945833,750.0635198992663,0.0,0.0,1.0,30.0
0.0,304.0990328389307,701.5140686280888,0.0,0.0,1.0,30.0
0.0,303.88534183710544,693.3322601204845,0.0,0.0,1.0,30.0
0.0,291.579715234541,690.1067729888855,0.0,0.0,1.0,30.0
0.0,295.5592437820128,702.4162049330298,0.0,0.0,1.0,30.0
0.0,306.918233628086,696.0966895425972,0.0,0.0,1.0,30.0
0.0,355.30902972424565,686.6592660942445,0.0,0.0,1.0,30.0
0.0,329.6905178201953,695.6007056699641,0.0,0.0,1.0,30.0
0.0,311.38170256646777,683.2576444685124,0.0,0.0,1.0,30.0
0.0,317.0323848399614,675.1646389289758,0.0,0.0,1.0,30.0
0.0,306.82914570695607,696.1242532066544,0.0,0.0,1.0,30.0
0.0,346.45099164634803,697.7755057788349,0.0,0.0,1.0,30.0
0.0,316.61984744126835,693.0373848050676,0.0,0.0,1.0,30.0
0.0,307.4160650227352,715.0316854909424,0.0,0.0,1.0,30.0
0.0,330.3253075334992,716.5707409853326,0.0,0.0,1.0,30.0
0.0,332.2692974232068,716.9320977562306,0.0,0.0,1.0,30.0
0.0,318.7829032726754,711.2414003433641,0.0,0.0,1.0,30.0
0.0,300.80914453832906,687.1829123820075,0.0,0.0,1.0,30.0
0.0,325.09702502176174,710.3933989450311,0.0,0.0,1.0,30.0
0.0,312.71452902731494,689.3026997516765,0.0,0.0,1.0,30.0
0.0,334.30067444428755,708.312269336207,0.0,0.0,1.0,30.0
0.0,317.27598477363745,707.1459448934329,0.0,0.0,1.0,30.0
0.0,283.6300341359986,714.3189873420079,0.0,0.0,1.0,30.0
0.0,374.7322207005202,725.9700258560179,0.0,0.0,1.0,30.0
0.0,364.4731565761083,722.6198029915349,0.0,0.0,1.0,30.0
0.0,341.7033114620767,726.4469283285252,0.0,0.0,1.0,30.0
0.0,387.3676829613071,705.8546976832945,0.0,0.0,1.0,30.0
0.0,358.23248777613253,724.2824992667947,0.0,0.0,1.0,30.0
0.0,364.78474833923315,718.4837736524719,0.0,0.0,1.0,30.0
0.0,362.4147911067139,723.9643255368942,0.0,0.0,1.0,30.0
0.0,345.98392667339454,733.2369695077405,0.0,0.0,1.0,30.0
0.0,374.21351923625,724.7159605054167,0.0,0.0,1.0,30.0
0.0,316.452175484377,709.6842094930603,0.0,0.0,1.0,30.0
0.0,383.90580326018744,692.8655237534094,0.0,0.0,1.0,30.0
0.0,348.2995241142726,697.6822578595456,0.0,0.0,1.0,30.0
0.0,377.0151121113872,697.0644380738645,0.0,0.0,1.0,30.0
0.0,342.08345440086373,685.1887795638172,0.0,0.0,1.0,30.0
0.0,372.5727432179715,716.8845797015897,0.0,0.0,1.0,30.0
0.0,355.8156716382359,683.6999236015965,0.0,0.0,1.0,30.0
0.0,350.5412213044176,721.9899409928598,0.0,0.0,1.0,30.0
0.0,379.97426313954156,727.6511617219376,0.0,0.0,1.0,30.0
0.0,350.9490865511648,763.550040177367,0.0,0.0,1.0,30.0
0.0,374.2412150631542,745.3839152533938,0.0,0.0,1.0,30.0
0.0,300.38048572754064,699.5134960156679,0.0,0.0,1.0,30.0
0.0,363.91296684175177,719.7379125219304,0.0,0.0,1.0,30.0
0.0,378.47951665575056,708.9177561161428,0.0,0.0,1.0,30.0
0.0,378.1485429277252,741.5198650820926,0.0,0.0,1.0,30.0
0.0,369.12173560728115,737.0563168057943,0.0,0.0,1.0,30.0
0.0,365.7373626879312,751.654241726123,0.0,0.0,1.0,30.0
0.0,356.38515087555083,706.7821227476979,0.0,0.0,1.0,30.0
0.0,373.2320283757772,703.855403979227,0.0,0.0,1.0,30.0
0.0,364.7893511948075,715.7237388926087,0.0,0.0,1.0,30.0
0.0,378.66645759743756,739.5351892181934,0.0,0.0,1.0,30.0
0.0,363.229876727936,720.384985997152,0.0,0.0,1.0,30.0
0.0,339.556120055438,700.723466351481,0.0,0.0,1.0,30.0
0.0,325.0411203947808,724.2180845522662,0.0,0.0,1.0,30.0
0.0,379.74348766345406,769.0851176908754,0.0,0.0,1.0,30.0
0.0,358.5063448680962,700.8211557902769,0.0,0.0,1.0,30.0
0.0,366.87132166327774,707.0045990518875,0.0,0.0,1.0,30.0
0.0,343.94344259624427,725.2368461502547,0.0,0.0,1.0,30.0
0.0,341.3038374077446,759.2561815018366,0.0,0.0,1.0,30.0
0.0,387.90606714746264,743.8770412822782,0.0,0.0,1.0,30.0
0.0,371.4788743993838,783.0548050388907,0.0,0.0,1.0,30.0
0.0,395.81290461587605,772.6942728005597,0.0,0.0,1.0,30.0
0.0,374.7470743139795,774.8071664563449,0.0,0.0,1.0,30.0
0.0,382.48537681535936,744.7278899839271,0.0,0.0,1.0,30.0
0.0,410.23116821664576,770.6078040900602,0.0,0.0,1.0,30.0
0.0,375.9441881731809,773.7133500603422,0.0,0.0,1.0,30.0
0.0,397.7240189400293,755.8158162453046,0.0,0.0,1.0,30.0
0.0,386.2520550061579,736.9356906155126,0.0,0.0,1.0,30.0
0.0,389.8796921409057,761.8423990024376,0.0,0.0,1.0,30.0
0.0,391.8678725712475,753.4186844137921,0.0,0.0,1.0,30.0
0.0,401.11367371760707,757.8249680986346,0.0,0.0,1.0,30.0
0.0,396.4664780796618,770.8245307525199,0.0,0.0,1.0,30.0
0.0,369.5881978768748,765.9166400877166,0.0,0.0,1.0,30.0
0.0,374.49841895054396,771.4318537146,0.0,0.0,1.0,30.0
0.0,405.4701186970933,758.1727551371278,0.0,0.0,1.0,30.0
0.0,361.8139031721323,718.3905187733726,0.0,0.0,1.0,30.0
0.0,392.1207858237899,804.2668554944125,0.0,0.0,1.0,30.0
0.0,376.80512915232293,743.3527733017308,0.0,0.0,1.0,30.0
0.0,392.3552308366179,745.7808717595958,0.0,0.0,1.0,30.0
0.0,361.16281282499176,725.85618017757,0.0,0.0,1.0,30.0
0.0,370.3786085541399,753.3758081279507,0.0,0.0,1.0,30.0
0.0,382.941035361692,783.678073341187,0.0,0.0,1.0,30.0
0.0,391.2847536214158,747.0229180328533,0.0,0.0,1.0,30.0
0.0,381.7889061393653,756.6386452149964,0.0,0.0,1.0,30.0
0.0,349.4821928180513,707.4491618409711,0.0,0.0,1.0,30.0
0.0,373.53428220157616,762.2807676103512,0.0,0.0,1.0,30.0
0.0,361.4307307060467,789.4687156925388,0.0,0.0,1.0,30.0
0.0,385.4692125381514,806.9813643566854,0.0,0.0,1.0,30.0
0.0,353.6834034693502,767.0744424127292,0.0,0.0,1.0,30.0
0.0,375.1607859703299,781.8692106008857,0.0,0.0,1.0,30.0
0.0,355.49982418492004,814.2215373782683,0.0,0.0,1.0,30.0
0.0,371.308182587853,793.3951329300553,0.0,0.0,1.0,30.0
0.0,374.34670989062533,813.8267591847134,0.0,0.0,1.0,30.0
0.0,353.40060539557453,822.553605143838,0.0,0.0,1.0,30.0
0.0,344.44419869293324,803.3698774985373,0.0,0.0,1.0,30.0
0.0,339.9350339264979,799.2221163394447,0.0,0.0,1.0,30.0
0.0,377.41226579302565,801.5548976649889,0.0,0.0,1.0,30.0
0.0,394.7399189193186,796.8900291703098,0.0,0.0,1.0,30.0
0.0,365.7678485793524,795.6173588303495,0.0,0.0,1.0,30.0
0.0,355.9276156025119,795.9624935690972,0.0,0.0,1.0,30.0
0.0,351.8841007930646,815.876708071527,0.0,0.0,1.0,30.0
0.0,365.2504813906162,812.2334243198143,0.0,0.0,1.0,30.0
0.0,391.4056134222949,826.3914366364847,0.0,0.0,1.0,30.0
0.0,376.2273393399546,791.6182342381426,0.0,0.0,1.0,30.0
0.0,363.90053168362397,825.4498114527114,0.0,0.0,1.0,30.0
0.0,374.5974925325138,787.7439709690962,0.0,0.0,1.0,30.0
0.0,390.76249369260904,774.8781757164543,0.0,0.0,1.0,30.0
0.0,374.49182155336325,809.0890768504782,0.0,0.0,1.0,30.0
0.0,338.4742578531077,822.8742174607951,0.0,0.0,1.0,30.0
0.0,371.48746031310293,826.6243098542077,0.0,0.0,1.0,30.0
0.0,366.96591047373363,808.6015229979466,0.0,0.0,1.0,30.0
0.0,375.4410599870448,808.369182796569,0.0,0.0,1.0,30.0
0.0,355.7911869720242,834.8481920568524,0.0,0.0,1.0,30.0
0.0,350.77441613733413,825.7970378207151,0.0,0.0,1.0,30.0
0.0,361.8657776457501,805.3178088555301,0.0,0.0,1.0,30.0
0.0,296.7407199243671,813.4956008141098,0.0,0.0,1.0,30.0
0.0,353.3760975783441,809.2108455055004,0.0,0.0,1.0,30.0
0.0,303.9426992611668,830.9014527557629,0.0,0.0,1.0,30.0
0.0,279.1106412476561,840.2359694830025,0.0,0.0,1.0,30.0
0.0,325.51339762494285,826.8815247815564,0.0,0.0,1.0,30.0
0.0,339.1310774335591,847.7908424230541,0.0,0.0,1.0,30.0
0.0,319.5652142322497,820.3628144619524,0.0,0.0,1.0,30.0
0.0,298.6830198194059,814.7438038239347,0.0,0.0,1.0,30.0
0.0,266.2246147096671,773.9441034447846,0.0,0.0,1.0,30.0
0.0,316.4201972529163,837.9168293722032,0.0,0.0,1.0,30.0
0.0,314.7605325754066,827.1110583970776,0.0,0.0,1.0,30.0
0.0,361.2205331161258,761.9553342441109,0.0,0.0,1.0,30.0
0.0,322.2721353559373,837.5837739023409,0.0,0.0,1.0,30.0
0.0,352.76712783597236,832.3792032138726,0.0,0.0,1.0,30.0
0.0,359.8720652508273,831.2555286293327,0.0,0.0,1.0,30.0
0.0,334.1922262151261,756.691501649274,0.0,0.0,1.0,30.0
0.0,341.45288851413443,810.125862981638,0.0,0.0,1.0,30.0
0.0,317.38504610372615,806.0944622580619,0.0,0.0,1.0,30.0
0.0,320.86270581410963,836.6887251393405,0.0,0.0,1.0,30.0
0.0,319.20922726234267,839.8165153243381,0.0,0.0,1.0,30.0
0.0,373.6432947034857,799.985833192748,0.0,0.0,1.0,30.0
0.0,336.3859632888107,828.0821930532566,0.0,0.0,1.0,30.0
0.0,309.3216107809135,822.5665182754483,0.0,0.0,1.0,30.0
0.0,323.90057383289377,834.7970520872232,0.0,0.0,1.0,30.0
0.0,308.5176122416947,839.1383832384954,0.0,0.0,1.0,30.0
0.0,323.0702523180544,856.8713523805204,0.0,0.0,1.0,30.0
0.0,341.7625847399006,811.5418048790498,0.0,0.0,1.0,30.0
0.0,360.0334051068271,823.5916209373645,0.0,0.0,1.0,30.0
0.0,321.6787620283835,822.4068253708183,0.0,0.0,1.0,30.0
0.0,309.21227560687976,810.4607860382021,0.0,0.0,1.0,30.0
0.0,296.4633500969371,818.1650729291205,0.0,0.0,1.0,30.0
0.0,274.7628074373781,842.2220576931941,0.0,0.0,1.0,30.0
0.0,280.4209233201234,822.9287947547909,0.0,0.0,1.0,30.0
0.0,360.4317849377751,805.5496743162776,0.0,0.0,1.0,30.0
0.0,303.4052952673444,809.8231474031377,0.0,0.0,1.0,30.0
0.0,300.2552618624975,798.1115888865797,0.0,0.0,1.0,30.0
0.0,284.8843616867789,815.5488319686629,0.0,0.0,1.0,30.0
0.0,258.7493134923441,803.5100083702905,0.0,0.0,1.0,30.0
0.0,342.5057441191377,797.838580793411,0.0,0.0,1.0,30.0
0.0,279.19092874480543,806.4577899272645,0.0,0.0,1.0,30.0
0.0,255.38141933117868,792.6856093233373,0.0,0.0,1.0,30.0
0.0,273.65627020666125,766.988158911513,0.0,0.0,1.0,30.0
0.0,283.1680653766816,825.1485716204493,0.0,0.0,1.0,30.0
0.0,244.6463249522851,817.0651201993605,0.0,0.0,1.0,30.0
0.0,262.6237614922204,786.438868324381,0.0,0.0,1.0,30.0
0.0,263.8560314467263,812.511884783783,0.0,0.0,1.0,30.0
0.0,273.58280863659957,808.7075940415334,0.0,0.0,1.0,30.0
0.0,277.70175473682684,799.985925687004,0.0,0.0,1.0,30.0
0.0,276.1918594456324,807.2249447983968,0.0,0.0,1.0,30.0
0.0,284.8041403020475,809.5356288433741,0.0,0.0,1.0,30.0
0.0,314.6957601852073,785.3440734063447,0.0,0.0,1.0,30.0
0.0,286.4553625950921,817.6467837335103,0.0,0.0,1.0,30.0
0.0,281.7424645433082,802.5257425808663,0.0,0.0,1.0,30.0
0.0,269.8224466661618,765.9040495208628,0.0,0.0,1.0,30.0
0.0,272.29081707522164,824.693308601426,0.0,0.0,1.0,30.0
0.0,282.073285465897,826.7127424242362,0.0,0.0,1.0,30.0
0.0,71.85301985588694,677.5985333004139,0.0,0.0,1.0,31.0
0.0,115.47619104752175,756.7625432619352,0.0,0.0,1.0,31.0
0.0,78.37190610535936,694.3602370101967,0.0,0.0,1.0,31.0
0.0,67.32179358034364,727.2785724476562,0.0,0.0,1.0,31.0
0.0,51.56692427092253,714.7866540656191,0.0,0.0,1.0,31.0
0.0,55.96156295421997,693.0129485050143,0.0,0.0,1.0,31.0
0.0,88.26779033548405,682.3586623667456,0.0,0.0,1.0,31.0
0.0,33.71037529167961,721.4581955192966,0.0,0.0,1.0,31.0
0.0,66.87337306475251,689.4231437376791,0.0,0.0,1.0,31.0
0.0,71.74490826664669,714.0079904651329,0.0,0.0,1.0,31.0
0.0,66.35991164433335,701.6261163832596,0.0,0.0,1.0,31.0
0.0,46.66131260710608,700.6881888973867,0.0,0.0,1.0,31.0
0.0,94.60721139984116,701.3137549606772,0.0,0.0,1.0,31.0
0.0,75.8479047081546,715.1889966577919,0.0,0.0,1.0,31.0
0.0,78.8545288718683,702.760552474515,0.0,0.0,1.0,31.0
0.0,66.36585345855701,681.9788657519407,0.0,0.0,1.0,31.0
0.0,66.4582399162,711.5175675876108,0.0,0.0,1.0,31.0
0.0,73.9554400598588,708.2397250324389,0.0,0.0,1.0,31.0
0.0,50.27452611705098,717.4110764811307,0.0,0.0,1.0,31.0
0.0,68.54671482809226,705.8751437452552,0.0,0.0,1.0,31.0
0.0,63.60445586781407,706.4849913926937,0.0,0.0,1.0,31.0
0.0,63.92267390517395,720.9942642921046,0.0,0.0,1.0,31.0
0.0,72.08906169006809,674.8177874550272,0.0,0.0,1.0,31.0
0.0,45.41465211115201,699.6882339519188,0.0,0.0,1.0,31.0
0.0,86.78446512592313,709.429952942125,0.0,0.0,1.0,31.0
0.0,62.530038058259606,716.6634453137249,0.0,0.0,1.0,31.0
0.0,62.229601648170274,710.0285764696273,0.0,0.0,1.0,31.0
0.0,82.88706424332372,721.325679015215,0.0,0.0,1.0,31.0
0.0,78.84016288737166,721.4150748349939,0.0,0.0,1.0,31.0
0.0,54.87926057546383,719.4000519775177,0.0,0.0,1.0,31.0
0.0,48.66864576720036,705.7957581988112,0.0,0.0,1.0,31.0
0.0,63.84322133291812,709.236753609669,0.0,0.0,1.0,31.0
0.0,122.61601384360188,719.5845097518704,0.0,0.0,1.0,31.0
0.0,105.55322016610535,682.698948488604,0.0,0.0,1.0,31.0
0.0,55.42194025238541,694.5605603448266,0.0,0.0,1.0,31.0
0.0,99.25503417916048,719.3418391720852,0.0,0.0,1.0,31.0
0.0,68.54763525519593,691.2149002409215,0.0,0.0,1.0,31.0
0.0,51.325175467168265,680.909052511317,0.0,0.0,1.0,31.0
0.0,96.66803898834632,675.8479012629705,0.0,0.0,1.0,31.0
0.0,81.54602324518396,710.312612304293,0.0,0.0,1.0,31.0
0.0,75.71928231007541,744.388937600374,0.0,0.0,1.0,31.0
0.0,122.98703578270761,693.2816296821848,0.0,0.0,1.0,31.0
0.0,125.83716502352763,714.6875635374081,0.0,0.0,1.0,31.0
0.0,134.3386423410127,679.9521305964986,0.0,0.0,1.0,31.0
0.0,139.50552500962976,687.0279619993262,0.0,0.0,1.0,31.0
0.0,89.41489991669982,704.9890105155573,0.0,0.0,1.0,31.0
0.0,135.7161255745807,659.2167786004898,0.0,0.0,1.0,31.0
0.0,109.04232253928558,673.5329148625492,0.0,0.0,1.0,31.0
0.0,127.7153268100642,717.882620260139,0.0,0.0,1.0,31.0
0.0,105.52278506494827,669.1895299862526,0.0,0.0,1.0,31.0
0.0,89.7865742202514,696.4430438559507,0.0,0.0,1.0,31.0
0.0,127.23573519088222,673.6766471599924,0.0,0.0,1.0,31.0
0.0,101.3790563095813,654.023549158484,0.0,0.0,1.0,31.0
0.0,112.17676398233175,691.0909112401027,0.0,0.0,1.0,31.0
0.0,74.28667273953079,664.953123889107,0.0,0.0,1.0,31.0
0.0,94.239285490464,681.9767998369921,0.0,0.0,1.0,31.0
0.0,140.39421861741334,666.5807446978947,0.0,0.0,1.0,31.0
0.0,117.88510804666203,677.0294234504167,0.0,0.0,1.0,31.0
0.0,126.29860322516379,671.6800623767119,0.0,0.0,1.0,31.0
0.0,122.96658781808196,697.0008136907172,0.0,0.0,1.0,31.0
0.0,91.81038656925216,711.2849960812191,0.0,0.0,1.0,31.0
0.0,119.09328728961691,710.617090065306,0.0,0.0,1.0,31.0
0.0,125.48704295313541,682.6259714756607,0.0,0.0,1.0,31.0
0.0,137.05014615111077,671.9505157382582,0.0,0.0,1.0,31.0
0.0,114.58791463987222,682.3424456770183,0.0,0.0,1.0,31.0
0.0,137.40846862407534,720.2716843996768,0.0,0.0,1.0,31.0
0.0,115.08063703515654,701.5134434387401,0.0,0.0,1.0,31.0
0.0,99.23010442448367,692.5404078807842,0.0,0.0,1.0,31.0
0.0,108.70227779680158,665.7923142808233,0.0,0.0,1.0,31.0
0.0,126.337042941027,678.8928508119716,0.0,0.0,1.0,31.0
0.0,120.66649158404607,676.1141510621887,0.0,0.0,1.0,31.0
0.0,89.97535555723152,728.9003713624725,0.0,0.0,1.0,31.0
0.0,134.77961835678252,676.9506903925408,0.0,0.0,1.0,31.0
0.0,97.36661137788838,679.1658083140273,0.0,0.0,1.0,31.0
0.0,122.01503548849655,723.6743509507069,0.0,0.0,1.0,31.0
0.0,122.33250233721219,665.8963540221555,0.0,0.0,1.0,31.0
0.0,144.34116980732028,678.0305409672465,0.0,0.0,1.0,31.0
0.0,121.62983821454236,672.4765868945992,0.0,0.0,1.0,31.0
0.0,128.74905480359212,679.9452497889483,0.0,0.0,1.0,31.0
0.0,119.1130347664739,677.6311062958252,0.0,0.0,1.0,31.0
0.0,92.05372812031214,674.150182230268,0.0,0.0,1.0,31.0
0.0,171.19372647253044,726.5273740364651,0.0,0.0,1.0,31.0
0.0,176.08431951563534,678.5871678875867,0.0,0.0,1.0,31.0
0.0,166.3398571914165,675.6000357933981,0.0,0.0,1.0,31.0
0.0,183.33853152199936,695.7296329432716,0.0,0.0,1.0,31.0
0.0,179.55830910974578,690.3110828810377,0.0,0.0,1.0,31.0
0.0,174.97903150439538,718.086733003825,0.0,0.0,1.0,31.0
0.0,194.0872495403769,744.9570301962694,0.0,0.0,1.0,31.0
0.0,171.18301167859568,697.6062629079988,0.0,0.0,1.0,31.0
0.0,134.75521137463647,742.9745601846716,0.0,0.0,1.0,31.0
0.0,170.12141695670675,694.0018767238003,0.0,0.0,1.0,31.0
0.0,173.51201995120186,656.9912841693479,0.0,0.0,1.0,31.0
0.0,192.3124827755596,730.8365806414054,0.0,0.0,1.0,31.0
0.0,159.87257971207782,696.7632364697574,0.0,0.0,1.0,31.0
0.0,167.77743580204992,707.2187653650344,0.0,0.0,1.0,31.0
0.0,149.54277443292403,697.4364904315089,0.0,0.0,1.0,31.0
0.0,181.61298518487774,697.9971581528662,0.0,0.0,1.0,31.0
0.0,194.27426317078016,711.1181173490454,0.0,0.0,1.0,31.0
0.0,171.031578297034,696.0715697576034,0.0,0.0,1.0,31.0
0.0,131.4150967511,673.4270704613095,0.0,0.0,1.0,31.0
0.0,152.06120658662167,707.9624204090887,0.0,0.0,1.0,31.0
0.0,168.3000539499808,706.0261040665832,0.0,0.0,1.0,31.0
0.0,202.93802582955664,704.9657877527106,0.0,0.0,1.0,31.0
0.0,142.48580537323505,750.1432629368055,0.0,0.0,1.0,31.0
0.0,124.42189673378175,685.6123066427829,0.0,0.0,1.0,31.0
0.0,158.06937852467263,697.9126082036896,0.0,0.0,1.0,31.0
0.0,169.64527201213627,698.9377825766237,0.0,0.0,1.0,31.0
0.0,177.1774429072359,710.4403291012059,0.0,0.0,1.0,31.0
0.0,164.62676728490624,681.058964715565,0.0,0.0,1.0,31.0
0.0,181.9227763124959,721.7119152871769,0.0,0.0,1.0,31.0
0.0,176.25240944580355,672.8520447339693,0.0,0.0,1.0,31.0
0.0,196.83046650419647,723.28033606387,0.0,0.0,1.0,31.0
0.0,170.59403953909555,703.9790913184329,0.0,0.0,1.0,31.0
0.0,181.29778927070288,704.8201394565158,0.0,0.0,1.0,31.0
0.0,146.42187417997252,707.7874367634099,0.0,0.0,1.0,31.0
0.0,199.16486769217408,720.8357763109434,0.0,0.0,1.0,31.0
0.0,168.50786423758882,677.7380636201578,0.0,0.0,1.0,31.0
0.0,158.82110515786258,687.9609023894891,0.0,0.0,1.0,31.0
0.0,183.91810729577946,697.0375430490426,0.0,0.0,1.0,31.0
0.0,160.50327895683608,693.4444331932109,0.0,0.0,1.0,31.0
0.0,199.4520743781518,766.6079173772687,0.0,0.0,1.0,31.0
0.0,172.1093595047273,726.5942061020955,0.0,0.0,1.0,31.0
0.0,169.0895921611209,749.6566796145721,0.0,0.0,1.0,31.0
0.0,185.58063291868348,767.7229216420683,0.0,0.0,1.0,31.0
0.0,190.8666054823866,748.4471224780364,0.0,0.0,1.0,31.0
0.0,165.05875007240525,728.90423963795,0.0,0.0,1.0,31.0
0.0,199.39719648390997,757.837987140535,0.0,0.0,1.0,31.0
0.0,198.67215924687844,741.8889835438595,0.0,0.0,1.0,31.0
0.0,191.9723970289499,754.8488360271058,0.0,0.0,1.0,31.0
0.0,167.8089708194036,763.4652490538397,0.0,0.0,1.0,31.0
0.0,211.96982596208954,738.4486768814991,0.0,0.0,1.0,31.0
0.0,198.92362666449935,751.2840621695414,0.0,0.0,1.0,31.0
0.0,233.7404113308662,770.4799443861457,0.0,0.0,1.0,31.0
0.0,161.926061992403,782.508113101976,0.0,0.0,1.0,31.0
0.0,188.24186781145954,750.6341555072918,0.0,0.0,1.0,31.0
0.0,220.58195188461673,772.5741942973036,0.0,0.0,1.0,31.0
0.0,196.94424956029434,774.0189887591378,0.0,0.0,1.0,31.0
0.0,152.4776991536155,735.8813532246281,0.0,0.0,1.0,31.0
0.0,184.48452448097487,803.149523626264,0.0,0.0,1.0,31.0
0.0,174.9447527010907,823.9136721202894,0.0,0.0,1.0,31.0
0.0,168.65019421011084,805.3230880497795,0.0,0.0,1.0,31.0
0.0,177.6744850114851,816.9024783719678,0.0,0.0,1.0,31.0
0.0,200.57299509093173,801.8917942570843,0.0,0.0,1.0,31.0
0.0,178.5093987165303,794.1751429707638,0.0,0.0,1.0,31.0
0.0,196.98046002494107,795.5318400890283,0.0,0.0,1.0,31.0
0.0,144.95733294608704,802.760393278737,0.0,0.0,1.0,31.0
0.0,179.42536699292373,830.7228779300594,0.0,0.0,1.0,31.0
0.0,160.36721409234542,791.9389772966638,0.0,0.0,1.0,31.0
0.0,149.8173315055983,811.3933191382775,0.0,0.0,1.0,31.0
0.0,155.73083211690323,774.9903922405101,0.0,0.0,1.0,31.0
0.0,150.20455536637633,795.0354374848598,0.0,0.0,1.0,31.0
0.0,181.10916227334542,788.0705426623226,0.0,0.0,1.0,31.0
0.0,131.12768561643952,774.6541573944141,0.0,0.0,1.0,31.0
0.0,171.76996752971672,811.5461469230368,0.0,0.0,1.0,31.0
0.0,171.2037881490021,788.9974736247627,0.0,0.0,1.0,31.0
0.0,140.52831643996433,762.6748257873992,0.0,0.0,1.0,31.0
0.0,184.19442160900167,804.4330018701594,0.0,0.0,1.0,31.0
0.0,195.22264056450354,785.9879949217025,0.0,0.0,1.0,31.0
0.0,176.75162774696173,820.9951498132177,0.0,0.0,1.0,31.0
0.0,120.48206494852752,837.963237815668,0.0,0.0,1.0,31.0
0.0,175.41238557729366,783.8739891009791,0.0,0.0,1.0,31.0
0.0,188.35564920716297,806.5069414621698,0.0,0.0,1.0,31.0
0.0,113.72070892666056,819.0801991178314,0.0,0.0,1.0,31.0
0.0,176.44217842523653,783.6809426580139,0.0,0.0,1.0,31.0
0.0,203.72593964944508,794.4147135432463,0.0,0.0,1.0,31.0
0.0,161.40869169813914,815.9969799198889,0.0,0.0,1.0,31.0
0.0,127.98833490699553,719.3960215877332,0.0,0.0,1.0,31.0
0.0,193.03870924763328,798.3018099488454,0.0,0.0,1.0,31.0
0.0,59.04125335037679,767.9816401245935,0.0,0.0,1.0,31.0
0.0,67.84033832136652,800.3163206953377,0.0,0.0,1.0,31.0
0.0,45.23835124243783,812.4396479323568,0.0,0.0,1.0,31.0
0.0,78.87821693314027,794.807992673751,0.0,0.0,1.0,31.0
0.0,66.4377530161978,799.3439145109605,0.0,0.0,1.0,31.0
0.0,70.46164026192992,800.4499356999104,0.0,0.0,1.0,31.0
0.0,75.13414377115123,804.2487352306398,0.0,0.0,1.0,31.0
0.0,60.43562008775075,813.8489248002606,0.0,0.0,1.0,31.0
0.0,64.2076181998957,809.6295397933072,0.0,0.0,1.0,31.0
0.0,65.88841668716805,774.1122816379202,0.0,0.0,1.0,31.0
0.0,61.4394460326771,792.8861667455903,0.0,0.0,1.0,31.0
0.0,88.0927806995544,798.6169938445369,0.0,0.0,1.0,31.0
0.0,45.15894593681924,826.3326412441284,0.0,0.0,1.0,31.0
0.0,37.357524314001694,800.085301171041,0.0,0.0,1.0,31.0
0.0,72.53371505057248,833.2477547145259,0.0,0.0,1.0,31.0
0.0,40.46113073957349,752.5582319481919,0.0,0.0,1.0,31.0
0.0,80.40875990054178,841.4421015314983,0.0,0.0,1.0,31.0
0.0,16.185723164436695,773.1540386663814,0.0,0.0,1.0,31.0
0.0,61.344754978225865,749.7317479819744,0.0,0.0,1.0,31.0
0.0,44.73802425080089,777.8220500281191,0.0,0.0,1.0,31.0
0.0,41.273505231211175,726.1909106742178,0.0,0.0,1.0,31.0
0.0,23.723935312885942,758.2944709406138,0.0,0.0,1.0,31.0
0.0,55.49790289869861,762.5975633481999,0.0,0.0,1.0,31.0
0.0,41.77115866875033,746.4522969962081,0.0,0.0,1.0,31.0
0.0,63.82295632390651,759.5541418327452,0.0,0.0,1.0,31.0
0.0,51.77633685712476,741.5347005201106,0.0,0.0,1.0,31.0
0.0,34.57738489989765,761.8232303380928,0.0,0.0,1.0,31.0
0.0,40.50737318417305,774.7987173731267,0.0,0.0,1.0,31.0
0.0,41.77060784203354,756.7482972488297,0.0,0.0,1.0,31.0
0.0,44.06509953815589,758.909516175705,0.0,0.0,1.0,31.0
0.0,63.53634925685674,755.8314671376647,0.0,0.0,1.0,31.0
0.0,39.13742829497505,738.3454432063008,0.0,0.0,1.0,31.0
0.0,53.047177801604676,758.8075236363256,0.0,0.0,1.0,31.0
0.0,42.52401080329673,734.4140137618892,0.0,0.0,1.0,31.0
0.0,63.98561413864513,762.4456555067222,0.0,0.0,1.0,31.0
0.0,51.05092831179718,778.8734233567238,0.0,0.0,1.0,31.0
0.0,71.84500740055296,766.368661873677,0.0,0.0,1.0,31.0
0.0,41.120679425535855,756.8676014977937,0.0,0.0,1.0,31.0
0.0,52.27144459030524,800.8851340031324,0.0,0.0,1.0,31.0
0.0,41.14666625107657,741.0953270070004,0.0,0.0,1.0,31.0
0.0,105.7523746875936,792.1575516142707,0.0,0.0,1.0,31.0
0.0,9.743676821212375,734.4540155528653,0.0,0.0,1.0,31.0
0.0,53.90676349825253,749.8517347358388,0.0,0.0,1.0,31.0
0.0,94.25567835380389,727.72019454456,0.0,0.0,1.0,31.0
0.0,66.14179373644856,734.9818308091026,0.0,0.0,1.0,31.0
0.0,57.5642706509052,755.8021117054059,0.0,0.0,1.0,31.0
0.0,39.19396180808167,752.1048223785201,0.0,0.0,1.0,31.0
0.0,38.446181078008976,764.5747421945534,0.0,0.0,1.0,31.0
0.0,31.959901549626693,758.5997031726465,0.0,0.0,1.0,31.0
0.0,36.725085327450415,746.3560608424291,0.0,0.0,1.0,31.0
0.0,33.40195928488879,730.753871851226,0.0,0.0,1.0,31.0
0.0,103.04583685994749,800.7308288800682,0.0,0.0,1.0,31.0
0.0,-191.09881538199784,742.9204506473275,0.0,0.0,1.0,32.0
0.0,-179.44901325482329,812.3415670564768,0.0,0.0,1.0,32.0
0.0,-171.92745184484465,766.3222566861136,0.0,0.0,1.0,32.0
0.0,-141.3192778865664,753.3909721631157,0.0,0.0,1.0,32.0
0.0,-185.94309579955234,798.1103848264888,0.0,0.0,1.0,32.0
0.0,-198.61110737804233,798.2659738513844,0.0,0.0,1.0,32.0
0.0,-195.19198606217537,792.4786114537551,0.0,0.0,1.0,32.0
0.0,-94.32700190971877,790.0284644435692,0.0,0.0,1.0,32.0
0.0,-154.77808255048467,816.6106502658936,0.0,0.0,1.0,32.0
0.0,-172.3703029871033,753.0753468062521,0.0,0.0,1.0,32.0
0.0,-190.74640360798207,787.9429371847073,0.0,0.0,1.0,32.0
0.0,-161.26962646085212,779.6350566582441,0.0,0.0,1.0,32.0
0.0,-167.90509942222684,806.0265024991872,0.0,0.0,1.0,32.0
0.0,-176.0370309863588,798.4698568317472,0.0,0.0,1.0,32.0
0.0,-196.20493315362614,802.0155861668927,0.0,0.0,1.0,32.0
0.0,-180.30149209858064,798.4396297145631,0.0,0.0,1.0,32.0
0.0,-158.67939316312754,780.4818881245342,0.0,0.0,1.0,32.0
0.0,-147.18367920706646,816.1518465564936,0.0,0.0,1.0,32.0
0.0,-176.65717133576777,789.9283849625167,0.0,0.0,1.0,32.0
0.0,-159.69417906717126,726.1517013927087,0.0,0.0,1.0,32.0
0.0,-157.59491784272336,834.8206768718396,0.0,0.0,1.0,32.0
0.0,-169.91327528782676,800.8080126905861,0.0,0.0,1.0,32.0
0.0,-100.51719699511023,775.282790962211,0.0,0.0,1.0,32.0
0.0,-177.69592416934233,788.2970403312324,0.0,0.0,1.0,32.0
0.0,-144.25965898697996,790.2949890641712,0.0,0.0,1.0,32.0
0.0,-166.56838062778752,772.5867140562746,0.0,0.0,1.0,32.0
0.0,-166.63610219666748,806.4314385377697,0.0,0.0,1.0,32.0
0.0,-128.4457388172259,691.8420589684974,0.0,0.0,1.0,32.0
0.0,-192.7796165771315,808.059966169857,0.0,0.0,1.0,32.0
0.0,-151.61085673829893,820.1129329541604,0.0,0.0,1.0,32.0
0.0,-173.14749596692945,779.0828427481283,0.0,0.0,1.0,32.0
0.0,-176.97332578669148,779.6053112826467,0.0,0.0,1.0,32.0
0.0,-159.17265303778095,779.4943820261606,0.0,0.0,1.0,32.0
0.0,-149.91071114235865,810.2298346711846,0.0,0.0,1.0,32.0
0.0,-165.5817821484327,797.3290891517054,0.0,0.0,1.0,32.0
0.0,-114.89888506761031,759.5633418692123,0.0,0.0,1.0,32.0
0.0,-173.13150132734677,797.0133965854961,0.0,0.0,1.0,32.0
0.0,-181.47446619875132,803.4819235552804,0.0,0.0,1.0,32.0
0.0,-181.85491978995378,820.7697558507698,0.0,0.0,1.0,32.0
0.0,-180.88553813913632,725.0398904268159,0.0,0.0,1.0,32.0
0.0,-187.7997833980926,759.1180813688925,0.0,0.0,1.0,32.0
0.0,-171.64565740223588,775.7423838639434,0.0,0.0,1.0,32.0
0.0,-190.3104211630939,747.5158611847583,0.0,0.0,1.0,32.0
0.0,-175.31388359198513,738.707590351371,0.0,0.0,1.0,32.0
0.0,-180.20833004867723,753.5863364755141,0.0,0.0,1.0,32.0
0.0,-181.5689545134228,725.624747052374,0.0,0.0,1.0,32.0
0.0,-177.95862314991587,794.0207247544759,0.0,0.0,1.0,32.0
0.0,-197.00401177386902,739.0908000840591,0.0,0.0,1.0,32.0
0.0,-191.37359712979173,706.5511605208876,0.0,0.0,1.0,32.0
0.0,-197.6398467353656,749.3724518060712,0.0,0.0,1.0,32.0
0.0,-179.00288974678801,711.2746712687585,0.0,0.0,1.0,32.0
0.0,-208.3582131300136,745.1477853550982,0.0,0.0,1.0,32.0
0.0,-171.93261886315918,711.0870429804627,0.0,0.0,1.0,32.0
0.0,-190.92266577362966,715.0765029426661,0.0,0.0,1.0,32.0
0.0,-129.29651848577123,706.2042291455427,0.0,0.0,1.0,32.0
0.0,-185.41154485119068,739.3633598352817,0.0,0.0,1.0,32.0
0.0,-170.11165268578839,738.1055144723628,0.0,0.0,1.0,32.0
0.0,-188.2165471005669,713.7713100626447,0.0,0.0,1.0,32.0
0.0,-187.58627485771808,727.7008234423488,0.0,0.0,1.0,32.0
0.0,-198.48843330909585,750.5432651361789,0.0,0.0,1.0,32.0
0.0,-181.84336948275245,739.023033140696,0.0,0.0,1.0,32.0
0.0,-192.36206299267246,729.568242360403,0.0,0.0,1.0,32.0
0.0,-149.56977509699982,732.8317717757768,0.0,0.0,1.0,32.0
0.0,-162.7614034731505,723.1058439393546,0.0,0.0,1.0,32.0
0.0,-157.79704604777316,779.0732474072356,0.0,0.0,1.0,32.0
0.0,-206.84658353260238,728.6397503984085,0.0,0.0,1.0,32.0
0.0,-182.2669142851255,733.6286929560315,0.0,0.0,1.0,32.0
0.0,-183.1229240751345,709.2396593456401,0.0,0.0,1.0,32.0
0.0,-179.4841431030586,736.1285448377548,0.0,0.0,1.0,32.0
0.0,-152.69326533882736,687.4791484314051,0.0,0.0,1.0,32.0
0.0,-173.6090149412762,683.6008167963018,0.0,0.0,1.0,32.0
0.0,-167.38125978106268,698.9500995599665,0.0,0.0,1.0,32.0
0.0,-152.94048259007172,741.1251896085137,0.0,0.0,1.0,32.0
0.0,-146.88472199144735,678.4965353419379,0.0,0.0,1.0,32.0
0.0,-149.49028366747507,691.1151079659412,0.0,0.0,1.0,32.0
0.0,-155.93766648463975,677.6157671234964,0.0,0.0,1.0,32.0
0.0,-147.47893179899415,646.9867090252337,0.0,0.0,1.0,32.0
0.0,-167.60608912425073,665.2988023605171,0.0,0.0,1.0,32.0
0.0,-155.34047675824627,641.8188081402277,0.0,0.0,1.0,32.0
0.0,-141.81529092483493,671.8186362301071,0.0,0.0,1.0,32.0
0.0,-152.5825245841952,678.0515038332728,0.0,0.0,1.0,32.0
0.0,-86.5468368200477,691.0485941251713,0.0,0.0,1.0,32.0
0.0,-182.84096863765035,665.4897535435798,0.0,0.0,1.0,32.0
0.0,-130.85979183903555,670.4379409547478,0.0,0.0,1.0,32.0
0.0,-140.45375107431573,693.331982471087,0.0,0.0,1.0,32.0
0.0,-150.2319395215152,689.6197257545073,0.0,0.0,1.0,32.0
0.0,-136.13713848514385,676.9790580653471,0.0,0.0,1.0,32.0
0.0,-124.02376777226368,662.1051930267536,0.0,0.0,1.0,32.0
0.0,-146.45130858394623,691.3124786383769,0.0,0.0,1.0,32.0
0.0,-186.4703631650732,689.9245811476758,0.0,0.0,1.0,32.0
0.0,-163.60297666791644,681.6065441885535,0.0,0.0,1.0,32.0
0.0,-129.33518080648764,700.0475553325291,0.0,0.0,1.0,32.0
0.0,-132.53594479041635,686.2443533753067,0.0,0.0,1.0,32.0
0.0,-159.8039529473333,684.8949140732038,0.0,0.0,1.0,32.0
0.0,-167.27660093633904,664.3017845426193,0.0,0.0,1.0,32.0
0.0,-141.98897620276307,671.8679379025464,0.0,0.0,1.0,32.0
0.0,-145.87316723466097,670.5034581312029,0.0,0.0,1.0,32.0
0.0,-103.31710824738502,648.8261321664631,0.0,0.0,1.0,32.0
0.0,-68.01922916934404,659.1914167645746,0.0,0.0,1.0,32.0
0.0,-73.77607105371226,670.3054699127147,0.0,0.0,1.0,32.0
0.0,-81.33124474608917,687.2084541178724,0.0,0.0,1.0,32.0
0.0,-120.70140522959537,686.768219524623,0.0,0.0,1.0,32.0
0.0,-102.00149172412466,661.7188989035963,0.0,0.0,1.0,32.0
0.0,-62.835899053629646,673.1042232012655,0.0,0.0,1.0,32.0
0.0,-83.71284470841078,641.6300437392356,0.0,0.0,1.0,32.0
0.0,-71.02434040098524,668.6240023480282,0.0,0.0,1.0,32.0
0.0,-92.6607282883158,668.0120547100341,0.0,0.0,1.0,32.0
0.0,-99.8588017241077,687.9612693461941,0.0,0.0,1.0,32.0
0.0,-82.86870745937244,666.1114116611725,0.0,0.0,1.0,32.0
0.0,-108.74589724292105,650.7270062969928,0.0,0.0,1.0,32.0
0.0,-72.0950647936229,716.678694594973,0.0,0.0,1.0,32.0
0.0,-100.53206812140866,680.2528540702283,0.0,0.0,1.0,32.0
0.0,-37.147784227089005,634.6865947333927,0.0,0.0,1.0,32.0
0.0,-76.50366048277942,709.9955505613202,0.0,0.0,1.0,32.0
0.0,-100.4931612915907,655.1769795768741,0.0,0.0,1.0,32.0
0.0,-105.94064821691904,647.765799964211,0.0,0.0,1.0,32.0
0.0,-69.37880973264578,661.3106794677981,0.0,0.0,1.0,32.0
0.0,-98.74192261605003,671.8980907348691,0.0,0.0,1.0,32.0
0.0,-81.40711647420244,664.4237227586543,0.0,0.0,1.0,32.0
0.0,-75.15518649301566,655.90385634515,0.0,0.0,1.0,32.0
0.0,-63.78450482953235,643.407952744084,0.0,0.0,1.0,32.0
0.0,-81.41210045088224,637.2295549013729,0.0,0.0,1.0,32.0
0.0,-87.62322217973747,660.5360110480344,0.0,0.0,1.0,32.0
0.0,-93.3219637462189,665.1658418711049,0.0,0.0,1.0,32.0
0.0,-73.22256131191784,697.8956088447649,0.0,0.0,1.0,32.0
0.0,-83.09569728905149,657.2126695027141,0.0,0.0,1.0,32.0
0.0,-121.95202671404604,662.802609251353,0.0,0.0,1.0,32.0
0.0,-91.56144826019727,676.2163854765004,0.0,0.0,1.0,32.0
0.0,-79.65794989573101,655.6633011818471,0.0,0.0,1.0,32.0
0.0,-125.8170483790309,662.9881467476762,0.0,0.0,1.0,32.0
0.0,-90.96122689895287,676.0443720814105,0.0,0.0,1.0,32.0
0.0,-80.62880888248446,731.3092552982398,0.0,0.0,1.0,32.0
0.0,-102.83778941710034,650.3571091794824,0.0,0.0,1.0,32.0
0.0,-120.6665154821535,696.340966452598,0.0,0.0,1.0,32.0
0.0,-71.42703823399847,666.9218471003082,0.0,0.0,1.0,32.0
0.0,-102.88979203021881,674.213031498374,0.0,0.0,1.0,32.0
0.0,-39.0853233943285,703.6459413062298,0.0,0.0,1.0,32.0
0.0,-37.868267713395426,710.1632929827788,0.0,0.0,1.0,32.0
0.0,-58.11339868617188,716.4176688261141,0.0,0.0,1.0,32.0
0.0,-69.80152012172152,676.1884806843386,0.0,0.0,1.0,32.0
0.0,-26.975386566926773,690.3234871454133,0.0,0.0,1.0,32.0
0.0,-47.39206665621077,691.0790491612324,0.0,0.0,1.0,32.0
0.0,-19.00576281378676,703.2393229068912,0.0,0.0,1.0,32.0
0.0,-72.59166399298738,680.7099211027412,0.0,0.0,1.0,32.0
0.0,-52.71468428546473,682.307757484796,0.0,0.0,1.0,32.0
0.0,1.14970495085754,681.5148160356225,0.0,0.0,1.0,32.0
0.0,-48.7575270030668,689.8255275837128,0.0,0.0,1.0,32.0
0.0,-31.96276422525466,673.4925027379425,0.0,0.0,1.0,32.0
0.0,-42.380761867716274,686.8044068903109,0.0,0.0,1.0,32.0
0.0,-14.185870790959598,732.3826703835043,0.0,0.0,1.0,32.0
0.0,-33.281054395448336,696.8525478368751,0.0,0.0,1.0,32.0
0.0,-15.154766033653004,702.0875465198192,0.0,0.0,1.0,32.0
0.0,-25.99062108459384,716.0844430402126,0.0,0.0,1.0,32.0
0.0,-29.755011962366098,700.5454660250889,0.0,0.0,1.0,32.0
0.0,-9.319598367085291,681.3073480096434,0.0,0.0,1.0,32.0
0.0,-29.85324783434976,711.2227245755594,0.0,0.0,1.0,32.0
0.0,-40.47174992537748,685.0620482326581,0.0,0.0,1.0,32.0
0.0,-60.53615067742544,691.4540288704229,0.0,0.0,1.0,32.0
0.0,-55.04907054251794,695.4825193570318,0.0,0.0,1.0,32.0
0.0,-21.13887381674931,765.7169653470887,0.0,0.0,1.0,32.0
0.0,-35.440996252974855,783.7849287821091,0.0,0.0,1.0,32.0
0.0,-39.97706472089544,756.0876268779853,0.0,0.0,1.0,32.0
0.0,-14.456643871903907,750.0717097031834,0.0,0.0,1.0,32.0
0.0,-6.294061330483828,773.0006794280102,0.0,0.0,1.0,32.0
0.0,-18.61521530291725,759.6228093527911,0.0,0.0,1.0,32.0
0.0,-43.53770122040851,780.7701446869141,0.0,0.0,1.0,32.0
0.0,-17.668954310720437,762.8676552205525,0.0,0.0,1.0,32.0
0.0,-34.83374712006662,771.4055485675208,0.0,0.0,1.0,32.0
0.0,-33.93276938212853,767.0852220049092,0.0,0.0,1.0,32.0
0.0,-1.0616730616040968,775.4467079445058,0.0,0.0,1.0,32.0
0.0,-36.95071627782704,756.0997253325841,0.0,0.0,1.0,32.0
0.0,-118.54189624374567,773.900510531952,0.0,0.0,1.0,32.0
0.0,-19.129080251202595,752.2604209475039,0.0,0.0,1.0,32.0
0.0,-111.19344167782174,734.7939261412857,0.0,0.0,1.0,32.0
0.0,-31.2824838928409,752.3137249140937,0.0,0.0,1.0,32.0
0.0,-77.94442684851083,770.2063491897866,0.0,0.0,1.0,32.0
0.0,-6.796737226546611,751.314845415257,0.0,0.0,1.0,32.0
0.0,-11.888089733020706,750.7307064309134,0.0,0.0,1.0,32.0
0.0,-87.83214721685499,755.4171645094034,0.0,0.0,1.0,32.0
0.0,-14.823422170512686,741.7977160090923,0.0,0.0,1.0,32.0
0.0,-19.02931791003425,751.5779949645439,0.0,0.0,1.0,32.0
0.0,-24.440220789804926,746.502047004521,0.0,0.0,1.0,32.0
0.0,-28.79042881594887,766.3172865810798,0.0,0.0,1.0,32.0
0.0,-57.08502114907628,807.964260965241,0.0,0.0,1.0,32.0
0.0,-42.564454412378154,760.2513821726366,0.0,0.0,1.0,32.0
0.0,-22.282016316425825,783.9177082373626,0.0,0.0,1.0,32.0
0.0,-11.374159732153203,770.5289937066127,0.0,0.0,1.0,32.0
0.0,-47.45580967276078,788.3972873903995,0.0,0.0,1.0,32.0
0.0,-48.18820856022717,761.7942747624897,0.0,0.0,1.0,32.0
0.0,-46.904274404304715,792.9939587521471,0.0,0.0,1.0,32.0
0.0,-43.99897421217702,763.3943157107742,0.0,0.0,1.0,32.0
0.0,-53.798118994565584,755.6007242260962,0.0,0.0,1.0,32.0
0.0,-81.79372474808747,821.7153498405423,0.0,0.0,1.0,32.0
0.0,-72.1546909653066,816.2298179030208,0.0,0.0,1.0,32.0
0.0,-37.75509781740993,813.4714586039427,0.0,0.0,1.0,32.0
0.0,-37.61522026207922,793.0379217463064,0.0,0.0,1.0,32.0
0.0,-38.976195761237705,794.9919096734743,0.0,0.0,1.0,32.0
0.0,-66.9779905224857,788.4800968798595,0.0,0.0,1.0,32.0
0.0,-37.0176316801892,801.2307354996019,0.0,0.0,1.0,32.0
0.0,-51.90539288044397,820.9445838637866,0.0,0.0,1.0,32.0
0.0,-55.09415976424634,806.9820880134939,0.0,0.0,1.0,32.0
0.0,-37.40793164556271,808.762666334238,0.0,0.0,1.0,32.0
0.0,-21.970890843638472,826.7699762991506,0.0,0.0,1.0,32.0
0.0,-40.26248514068834,817.5102178983552,0.0,0.0,1.0,32.0
0.0,-38.82146791242508,834.8928319072347,0.0,0.0,1.0,32.0
0.0,-103.91754659347225,812.0237420667631,0.0,0.0,1.0,32.0
0.0,-37.34737639637956,784.4916430963858,0.0,0.0,1.0,32.0
0.0,-26.634533686933082,817.9851554860893,0.0,0.0,1.0,32.0
0.0,-94.02634805619505,825.0526250938519,0.0,0.0,1.0,32.0
0.0,-70.81495542198991,804.7370195781305,0.0,0.0,1.0,32.0
0.0,-47.2784676464928,810.4663100260709,0.0,0.0,1.0,32.0
0.0,-78.70602247341549,817.4663312182597,0.0,0.0,1.0,32.0
0.0,-48.19357198168609,805.7746707321303,0.0,0.0,1.0,32.0
0.0,-37.92428445161568,788.7447683338792,0.0,0.0,1.0,32.0
0.0,-124.0452800996054,790.9361269212477,0.0,0.0,1.0,32.0
0.0,-60.04939676609638,817.8512284315916,0.0,0.0,1.0,32.0
0.0,-97.92915140286595,825.1356841175311,0.0,0.0,1.0,32.0
0.0,-21.473025155661844,830.1746526042375,0.0,0.0,1.0,32.0
0.0,-45.00281895642115,815.8756967104518,0.0,0.0,1.0,32.0
0.0,-53.59376097839004,817.3547397033744,0.0,0.0,1.0,32.0
0.0,-74.55849138366511,826.9976943920556,0.0,0.0,1.0,32.0
0.0,-81.70039288583689,818.6083357642883,0.0,0.0,1.0,32.0
0.0,-59.567672483186016,812.7171798752993,0.0,0.0,1.0,32.0
0.0,-76.38129806754068,798.9128292249711,0.0,0.0,1.0,32.0
0.0,-71.93966310479209,798.0373492465196,0.0,0.0,1.0,32.0
0.0,-52.043110232124945,813.3500810038231,0.0,0.0,1.0,32.0
0.0,-32.53476849267713,830.3318585340421,0.0,0.0,1.0,32.0
0.0,-54.80152611643962,796.500724616445,0.0,0.0,1.0,32.0
0.0,-43.63439002339942,810.1840863517859,0.0,0.0,1.0,32.0
0.0,-103.47300967331012,834.4454434803674,0.0,0.0,1.0,32.0
0.0,-105.00058147419645,771.0012576400172,0.0,0.0,1.0,32.0
0.0,-120.26527221523702,839.5572851329175,0.0,0.0,1.0,32.0
0.0,-137.95162247808457,800.8654624862679,0.0,0.0,1.0,32.0
0.0,-134.5543144462008,821.2244827077134,0.0,0.0,1.0,32.0
0.0,-96.74206435825204,843.1832155620968,0.0,0.0,1.0,32.0
0.0,-117.20693532910104,846.3317199717312,0.0,0.0,1.0,32.0
0.0,-108.66746252044823,837.3324367869786,0.0,0.0,1.0,32.0
0.0,-114.33278239140395,823.3971326231872,0.0,0.0,1.0,32.0
0.0,-106.72358334302862,818.9577752257924,0.0,0.0,1.0,32.0
0.0,-137.0439907046093,815.1009527152605,0.0,0.0,1.0,32.0
0.0,-113.02440097704539,850.4197314166968,0.0,0.0,1.0,32.0
0.0,-115.51344615015796,843.6214464022846,0.0,0.0,1.0,32.0
0.0,-151.37857953034154,846.4913818341306,0.0,0.0,1.0,32.0
0.0,-135.9376416743055,846.2482515141164,0.0,0.0,1.0,32.0
0.0,-107.31090480326111,861.8529088942782,0.0,0.0,1.0,32.0
0.0,-130.87371752670242,845.6267229442838,0.0,0.0,1.0,32.0
0.0,-129.4073606370555,820.4121738787967,0.0,0.0,1.0,32.0
0.0,-145.11400668061583,845.8601516893391,0.0,0.0,1.0,32.0
0.0,-110.2283819015745,829.1921906142584,0.0,0.0,1.0,32.0
0.0,-115.48075087433949,808.2111554135299,0.0,0.0,1.0,32.0
0.0,-150.2698099487684,828.1298845500678,0.0,0.0,1.0,32.0
0.0,-101.29535235641924,831.7171327677715,0.0,0.0,1.0,32.0
0.0,-133.38767106615842,829.2651010369427,0.0,0.0,1.0,32.0
0.0,-82.88042825354819,853.9799887996005,0.0,0.0,1.0,32.0
0.0,-147.45041556418482,819.7036901195743,0.0,0.0,1.0,32.0
0.0,-95.72978486514876,850.1214109145403,0.0,0.0,1.0,32.0
0.0,-115.74625105244104,835.6375548433625,0.0,0.0,1.0,32.0
0.0,-82.88253468500216,789.7147599405216,0.0,0.0,1.0,32.0
0.0,-140.62687338320256,811.1849655038382,0.0,0.0,1.0,32.0
0.0,-112.47201088619795,817.3451682603404,0.0,0.0,1.0,32.0
0.0,-103.2807923711016,828.9964938971752,0.0,0.0,1.0,32.0
0.0,-141.3442131735751,818.1184310039594,0.0,0.0,1.0,32.0
0.0,-108.60943509453364,815.1215282151807,0.0,0.0,1.0,32.0
0.0,-105.73971238606464,817.7935981803621,0.0,0.0,1.0,32.0
0.0,-102.67410070353549,811.6423642036343,0.0,0.0,1.0,32.0
0.0,-83.74638550512782,825.7131625446268,0.0,0.0,1.0,32.0
0.0,-334.5677375566063,692.5827612394814,0.0,0.0,1.0,33.0
0.0,-372.4704746541207,658.0274602859595,0.0,0.0,1.0,33.0
0.0,-392.8621778100435,667.0676248561394,0.0,0.0,1.0,33.0
0.0,-364.00505944787244,639.8498384117802,0.0,0.0,1.0,33.0
0.0,-365.9503967359866,638.266194478329,0.0,0.0,1.0,33.0
0.0,-305.83636887841385,618.6952617967847,0.0,0.0,1.0,33.0
0.0,-364.3362583978703,643.2723150847442,0.0,0.0,1.0,33.0
0.0,-374.17547455666977,613.6742349021206,0.0,0.0,1.0,33.0
0.0,-388.1897264462623,656.7469952435936,0.0,0.0,1.0,33.0
0.0,-334.8416686383887,625.8921637343087,0.0,0.0,1.0,33.0
0.0,-338.2679534935278,651.3833818471185,0.0,0.0,1.0,33.0
0.0,-362.2246995927137,650.166467695014,0.0,0.0,1.0,33.0
0.0,-347.29332939646156,660.7041650979338,0.0,0.0,1.0,33.0
0.0,-369.0633151117379,657.9387555713008,0.0,0.0,1.0,33.0
0.0,-371.2112156768187,616.981844515627,0.0,0.0,1.0,33.0
0.0,-359.5125173315698,639.9793067773335,0.0,0.0,1.0,33.0
0.0,-340.1370139238295,654.6799819966532,0.0,0.0,1.0,33.0
0.0,-369.53007596278076,669.6788549295543,0.0,0.0,1.0,33.0
0.0,-370.5943473828419,659.8689989568343,0.0,0.0,1.0,33.0
0.0,-382.80330725430485,629.710447025745,0.0,0.0,1.0,33.0
0.0,-379.966142768817,661.6065120621033,0.0,0.0,1.0,33.0
0.0,-369.97961670222844,657.6472945708497,0.0,0.0,1.0,33.0
0.0,-277.4508345760953,628.2937471239402,0.0,0.0,1.0,33.0
0.0,-305.6125128379042,606.8831010656643,0.0,0.0,1.0,33.0
0.0,-329.1580157576484,608.2086847562609,0.0,0.0,1.0,33.0
0.0,-360.8613096985931,612.1494675715048,0.0,0.0,1.0,33.0
0.0,-328.0752647465615,607.0137020970237,0.0,0.0,1.0,33.0
0.0,-361.2495804460407,619.0076182461485,0.0,0.0,1.0,33.0
0.0,-291.4921819678407,615.9418249444045,0.0,0.0,1.0,33.0
0.0,-374.1095091818871,610.0719442006871,0.0,0.0,1.0,33.0
0.0,-313.38017074046275,610.0028149928253,0.0,0.0,1.0,33.0
0.0,-335.9726646399872,611.4034216389236,0.0,0.0,1.0,33.0
0.0,-335.95745707382673,628.681889856407,0.0,0.0,1.0,33.0
0.0,-296.2329782319093,612.373246294706,0.0,0.0,1.0,33.0
0.0,-290.3582681271462,593.1432838963137,0.0,0.0,1.0,33.0
0.0,-375.17300471655926,578.7002803169178,0.0,0.0,1.0,33.0
0.0,-368.5879295617342,586.8791688171514,0.0,0.0,1.0,33.0
0.0,-377.20401298638967,635.9627915492488,0.0,0.0,1.0,33.0
0.0,-314.4866327046059,611.3379383674312,0.0,0.0,1.0,33.0
0.0,-327.1823937386416,589.0798630866375,0.0,0.0,1.0,33.0
0.0,-353.5079881533611,606.6789809111503,0.0,0.0,1.0,33.0
0.0,-365.4875954623344,608.5289063398545,0.0,0.0,1.0,33.0
0.0,-335.94856680274097,602.8740806553603,0.0,0.0,1.0,33.0
0.0,-340.5272739166036,596.8879498692115,0.0,0.0,1.0,33.0
0.0,-345.2024608900206,616.5810875157094,0.0,0.0,1.0,33.0
0.0,-326.75843859560655,588.9994164048835,0.0,0.0,1.0,33.0
0.0,-361.82967614618633,626.7970100111465,0.0,0.0,1.0,33.0
0.0,-363.4069677919424,580.3345866047432,0.0,0.0,1.0,33.0
0.0,-328.68455718912503,603.4198402906757,0.0,0.0,1.0,33.0
0.0,-307.93817538474696,606.0925592778522,0.0,0.0,1.0,33.0
0.0,-217.9555229394448,616.417907601086,0.0,0.0,1.0,33.0
0.0,-217.16449173652381,625.727056368791,0.0,0.0,1.0,33.0
0.0,-295.5713202038123,619.7266768022566,0.0,0.0,1.0,33.0
0.0,-212.36924313513987,630.1140475091102,0.0,0.0,1.0,33.0
0.0,-263.6682921644435,672.957656776452,0.0,0.0,1.0,33.0
0.0,-232.41423907461967,632.4499593167677,0.0,0.0,1.0,33.0
0.0,-228.2758201550805,629.3943257760175,0.0,0.0,1.0,33.0
0.0,-251.56124698329813,621.8670292886522,0.0,0.0,1.0,33.0
0.0,-292.10497100784255,610.2015958023298,0.0,0.0,1.0,33.0
0.0,-244.99842755717668,615.3962987916161,0.0,0.0,1.0,33.0
0.0,-253.65872766554776,638.765204970372,0.0,0.0,1.0,33.0
0.0,-244.0501823723548,631.2792913347389,0.0,0.0,1.0,33.0
0.0,-256.6708812552247,624.5481285992641,0.0,0.0,1.0,33.0
0.0,-256.3119550692704,628.2981704767544,0.0,0.0,1.0,33.0
0.0,-249.67152914219173,626.2759867906891,0.0,0.0,1.0,33.0
0.0,-243.09827722326577,624.7099960369655,0.0,0.0,1.0,33.0
0.0,-241.3781942469734,608.7638444837708,0.0,0.0,1.0,33.0
0.0,-234.56043121501853,614.6561763736586,0.0,0.0,1.0,33.0
0.0,-265.2523462754193,623.7047631613455,0.0,0.0,1.0,33.0
0.0,-305.6006672056312,597.6853176245977,0.0,0.0,1.0,33.0
0.0,-221.97370740521637,631.9730579726843,0.0,0.0,1.0,33.0
0.0,-291.20769863509713,676.4911708904808,0.0,0.0,1.0,33.0
0.0,-216.59336969694095,640.9109965090729,0.0,0.0,1.0,33.0
0.0,-214.48698421419158,620.913277833773,0.0,0.0,1.0,33.0
0.0,-244.8023655516297,607.1612788588095,0.0,0.0,1.0,33.0
0.0,-261.4488231106707,632.835716256197,0.0,0.0,1.0,33.0
0.0,-242.44691227319777,637.9200481397188,0.0,0.0,1.0,33.0
0.0,-257.9183193527979,611.1906004432469,0.0,0.0,1.0,33.0
0.0,-258.45972994770705,590.4724967984855,0.0,0.0,1.0,33.0
0.0,-244.64608500477243,602.0706785411314,0.0,0.0,1.0,33.0
0.0,-212.40518007403557,672.6729906816772,0.0,0.0,1.0,33.0
0.0,-239.4258300275808,663.6526079713735,0.0,0.0,1.0,33.0
0.0,-220.82891714775042,687.0650931520845,0.0,0.0,1.0,33.0
0.0,-228.69659784451665,659.5714708857922,0.0,0.0,1.0,33.0
0.0,-220.9289347218055,676.3800364582789,0.0,0.0,1.0,33.0
0.0,-310.44151401419504,685.1709086983622,0.0,0.0,1.0,33.0
0.0,-211.7774180444062,684.7899742170466,0.0,0.0,1.0,33.0
0.0,-218.12422455931392,680.2929213601215,0.0,0.0,1.0,33.0
0.0,-232.6137017210574,667.0270205343645,0.0,0.0,1.0,33.0
0.0,-224.76782087524407,688.652883678197,0.0,0.0,1.0,33.0
0.0,-228.21571185931384,679.7230468067087,0.0,0.0,1.0,33.0
0.0,-233.66940104872288,649.0232215415181,0.0,0.0,1.0,33.0
0.0,-183.71540259362246,697.5871007104311,0.0,0.0,1.0,33.0
0.0,-262.73901533694584,705.0843686227386,0.0,0.0,1.0,33.0
0.0,-230.08797384276227,684.2531295714589,0.0,0.0,1.0,33.0
0.0,-242.51561720968948,683.1010895204706,0.0,0.0,1.0,33.0
0.0,-216.9266925417753,682.6409738445177,0.0,0.0,1.0,33.0
0.0,-204.57779948040024,673.0357433559288,0.0,0.0,1.0,33.0
0.0,-223.17565679839436,682.4346304257331,0.0,0.0,1.0,33.0
0.0,-246.4804790172618,685.9094251511169,0.0,0.0,1.0,33.0
0.0,-241.6210714853437,718.9441115557006,0.0,0.0,1.0,33.0
0.0,-245.4988593168937,698.4276742979441,0.0,0.0,1.0,33.0
0.0,-235.96960969824318,694.5844181091602,0.0,0.0,1.0,33.0
0.0,-176.32714996018785,672.7522456649865,0.0,0.0,1.0,33.0
0.0,-237.69288782506055,672.4249634174805,0.0,0.0,1.0,33.0
0.0,-249.85433440382803,710.7332702197118,0.0,0.0,1.0,33.0
0.0,-247.65955909333707,690.3836503687444,0.0,0.0,1.0,33.0
0.0,-276.7221936885978,632.4197575374928,0.0,0.0,1.0,33.0
0.0,-251.7107735312943,665.5211473762693,0.0,0.0,1.0,33.0
0.0,-231.78647308144286,677.8886026365469,0.0,0.0,1.0,33.0
0.0,-236.83671728160562,696.4002168798961,0.0,0.0,1.0,33.0
0.0,-268.9988047713034,712.496918703363,0.0,0.0,1.0,33.0
0.0,-261.0257118331042,712.0729044660038,0.0,0.0,1.0,33.0
0.0,-257.64949148529263,704.4422131681745,0.0,0.0,1.0,33.0
0.0,-244.3462314403962,722.339053934701,0.0,0.0,1.0,33.0
0.0,-280.01109044922623,736.6744868983196,0.0,0.0,1.0,33.0
0.0,-264.20507298930715,717.380306185687,0.0,0.0,1.0,33.0
0.0,-276.3856870167224,717.463806373798,0.0,0.0,1.0,33.0
0.0,-241.12354787194909,729.6197451948424,0.0,0.0,1.0,33.0
0.0,-236.05422043594626,712.407989827499,0.0,0.0,1.0,33.0
0.0,-250.8559993196286,718.856752936384,0.0,0.0,1.0,33.0
0.0,-271.9307868120559,736.4971526807153,0.0,0.0,1.0,33.0
0.0,-271.37154455001996,724.626678457138,0.0,0.0,1.0,33.0
0.0,-274.62463700464787,718.8585728074154,0.0,0.0,1.0,33.0
0.0,-242.0144522796145,731.8358169889102,0.0,0.0,1.0,33.0
0.0,-235.58957197605537,691.3845429155576,0.0,0.0,1.0,33.0
0.0,-254.98558592977633,703.4855947702968,0.0,0.0,1.0,33.0
0.0,-234.2367716388203,695.3177539248272,0.0,0.0,1.0,33.0
0.0,-244.37749019707462,697.1821942677052,0.0,0.0,1.0,33.0
0.0,-261.9253668148615,709.3730850954034,0.0,0.0,1.0,33.0
0.0,-257.62255814337504,711.8795799536279,0.0,0.0,1.0,33.0
0.0,-271.4270774247593,731.9089268322814,0.0,0.0,1.0,33.0
0.0,-271.2107874355261,701.0280632150361,0.0,0.0,1.0,33.0
0.0,-318.8967228141041,757.6627385883585,0.0,0.0,1.0,33.0
0.0,-323.46453659387134,731.0599919261044,0.0,0.0,1.0,33.0
0.0,-327.67249452163037,734.4091057869496,0.0,0.0,1.0,33.0
0.0,-316.49846617313574,722.6904925550166,0.0,0.0,1.0,33.0
0.0,-312.27537874902464,724.6980812744305,0.0,0.0,1.0,33.0
0.0,-314.9768103829708,740.9209503266957,0.0,0.0,1.0,33.0
0.0,-318.32725485103947,727.1087571760836,0.0,0.0,1.0,33.0
0.0,-319.80166082020014,758.3633926821285,0.0,0.0,1.0,33.0
0.0,-313.6573802115722,752.8049659386425,0.0,0.0,1.0,33.0
0.0,-328.9185033271185,735.096058105833,0.0,0.0,1.0,33.0
0.0,-280.997238172037,755.9053125877858,0.0,0.0,1.0,33.0
0.0,-362.13407716232246,707.5153440764798,0.0,0.0,1.0,33.0
0.0,-295.1661387589613,723.3279651854282,0.0,0.0,1.0,33.0
0.0,-316.182311780753,746.3903472961579,0.0,0.0,1.0,33.0
0.0,-315.10367410520985,755.441929209549,0.0,0.0,1.0,33.0
0.0,-302.9830330067316,726.8825561456351,0.0,0.0,1.0,33.0
0.0,-304.32288894035514,733.937025717607,0.0,0.0,1.0,33.0
0.0,-331.75438844906716,687.5518976753146,0.0,0.0,1.0,33.0
0.0,-348.19717800174044,745.9582697396345,0.0,0.0,1.0,33.0
0.0,-337.6149388523968,726.8412265572142,0.0,0.0,1.0,33.0
0.0,-306.79666375679153,728.5986874195701,0.0,0.0,1.0,33.0
0.0,-286.8766727319703,721.8564768698443,0.0,0.0,1.0,33.0
0.0,-336.54506152878025,725.2335044030433,0.0,0.0,1.0,33.0
0.0,-319.98924923158484,724.244697244741,0.0,0.0,1.0,33.0
0.0,-294.93019843279694,765.762074804009,0.0,0.0,1.0,33.0
0.0,-346.4531618831261,729.1210989383562,0.0,0.0,1.0,33.0
0.0,-305.06124074634204,671.3760284990935,0.0,0.0,1.0,33.0
0.0,-317.1955458069933,722.1022422185233,0.0,0.0,1.0,33.0
0.0,-323.5193731247823,741.5782301505637,0.0,0.0,1.0,33.0
0.0,-312.16598025390067,704.997880571862,0.0,0.0,1.0,33.0
0.0,-317.71338197381533,729.0678375872158,0.0,0.0,1.0,33.0
0.0,-337.00524698564175,731.7258134914241,0.0,0.0,1.0,33.0
0.0,-314.4955808104703,734.8812519782723,0.0,0.0,1.0,33.0
0.0,-354.72937394625774,715.5059358832523,0.0,0.0,1.0,33.0
0.0,-369.467202934459,695.2418287962355,0.0,0.0,1.0,33.0
0.0,-342.77616915344515,710.5068398665508,0.0,0.0,1.0,33.0
0.0,-331.5171849069915,695.1163952462903,0.0,0.0,1.0,33.0
0.0,-380.87358382103525,683.2516073696556,0.0,0.0,1.0,33.0
0.0,-353.6484569436134,678.9980574082094,0.0,0.0,1.0,33.0
0.0,-373.29770970969264,714.4312236710857,0.0,0.0,1.0,33.0
0.0,-360.4593366954441,727.9911365918842,0.0,0.0,1.0,33.0
0.0,-348.0224617426534,701.0147858944074,0.0,0.0,1.0,33.0
0.0,-360.39459291109256,678.9800025189788,0.0,0.0,1.0,33.0
0.0,-361.2627599948913,676.7046626372351,0.0,0.0,1.0,33.0
0.0,-353.4389676104006,721.6299170798866,0.0,0.0,1.0,33.0
0.0,-352.9681913054824,709.7713672903387,0.0,0.0,1.0,33.0
0.0,-354.915289942953,705.745578903126,0.0,0.0,1.0,33.0
0.0,-322.2300709496924,732.6115549918659,0.0,0.0,1.0,33.0
0.0,-365.4703749203088,677.7701988120723,0.0,0.0,1.0,33.0
0.0,-336.2262434168715,713.4300167040483,0.0,0.0,1.0,33.0
0.0,-351.60763775183455,705.7267426397361,0.0,0.0,1.0,33.0
0.0,-358.55339135763506,693.1804596880452,0.0,0.0,1.0,33.0
0.0,-357.7481370269186,704.7878822084076,0.0,0.0,1.0,33.0
0.0,-337.59081005375936,712.1795076850603,0.0,0.0,1.0,33.0
0.0,-350.22457545646466,709.4488163263886,0.0,0.0,1.0,33.0
0.0,-347.6719628609235,700.0713546391494,0.0,0.0,1.0,33.0
0.0,-356.6330273770758,728.6419096046047,0.0,0.0,1.0,33.0
0.0,-352.3763258175377,742.9738698346009,0.0,0.0,1.0,33.0
0.0,-347.2321331504463,716.2294313142584,0.0,0.0,1.0,33.0
0.0,-339.80174199879275,679.3051384388236,0.0,0.0,1.0,33.0
0.0,-344.3115250855242,722.7418467074544,0.0,0.0,1.0,33.0
0.0,-298.76552074098663,687.9273925334694,0.0,0.0,1.0,33.0
0.0,-376.46476583767435,713.6563835978523,0.0,0.0,1.0,33.0
0.0,-358.5750386940042,733.1735215527797,0.0,0.0,1.0,33.0
0.0,-355.99153699290855,740.1882347721212,0.0,0.0,1.0,33.0
0.0,-317.4682110508336,723.2061661222715,0.0,0.0,1.0,33.0
0.0,-372.73180208335907,709.2161021369957,0.0,0.0,1.0,33.0
0.0,-339.20415397709803,697.2091560280865,0.0,0.0,1.0,33.0
0.0,-334.13031811530004,638.7980586782319,0.0,0.0,1.0,33.0
0.0,-351.50155424832985,722.9677617309708,0.0,0.0,1.0,33.0
0.0,-456.21048219061777,645.2006885905207,0.0,0.0,1.0,34.0
0.0,-459.8035613218724,640.6696486898941,0.0,0.0,1.0,34.0
0.0,-435.0667048009925,662.1836061893835,0.0,0.0,1.0,34.0
0.0,-452.65442452843627,667.6793691879604,0.0,0.0,1.0,34.0
0.0,-455.8861182301289,658.3638461425585,0.0,0.0,1.0,34.0
0.0,-462.04962055052306,613.4645402655569,0.0,0.0,1.0,34.0
0.0,-490.4655712520687,646.6749353184023,0.0,0.0,1.0,34.0
0.0,-429.2039828469224,621.4431586536034,0.0,0.0,1.0,34.0
0.0,-455.0322818917757,683.2114835089483,0.0,0.0,1.0,34.0
0.0,-454.74777223329045,642.0727670718793,0.0,0.0,1.0,34.0
0.0,-431.7971055838175,669.3611011140526,0.0,0.0,1.0,34.0
0.0,-427.78809381417864,658.0910067002919,0.0,0.0,1.0,34.0
0.0,-456.28525806985476,637.8581135363111,0.0,0.0,1.0,34.0
0.0,-441.65493809462373,629.3826813865244,0.0,0.0,1.0,34.0
0.0,-475.66051912015394,636.7418290700225,0.0,0.0,1.0,34.0
0.0,-435.8627223275531,641.1714800135412,0.0,0.0,1.0,34.0
0.0,-491.8325529929185,670.879029347487,0.0,0.0,1.0,34.0
0.0,-430.0882764767714,612.7942165402173,0.0,0.0,1.0,34.0
0.0,-434.8099849376845,641.6865145965735,0.0,0.0,1.0,34.0
0.0,-446.07525830945906,629.910219923684,0.0,0.0,1.0,34.0
0.0,-445.90198494317565,635.5495725152578,0.0,0.0,1.0,34.0
0.0,-438.91267112305206,664.2258789250209,0.0,0.0,1.0,34.0
0.0,-443.6547216673225,655.787245601899,0.0,0.0,1.0,34.0
0.0,-446.01667639569314,652.0374996480068,0.0,0.0,1.0,34.0
0.0,-424.47608058363926,647.0786745728753,0.0,0.0,1.0,34.0
0.0,-435.5475481434826,624.2981242381497,0.0,0.0,1.0,34.0
0.0,-427.3529957859507,643.8775845957057,0.0,0.0,1.0,34.0
0.0,-433.2641528631848,624.8132853851764,0.0,0.0,1.0,34.0
0.0,-474.30587558695197,646.9965123766199,0.0,0.0,1.0,34.0
0.0,-430.64681489263603,641.6321829658423,0.0,0.0,1.0,34.0
0.0,-414.9568655069111,632.094147496472,0.0,0.0,1.0,34.0
0.0,-430.55514474482607,654.003250250953,0.0,0.0,1.0,34.0
0.0,-450.5615800937287,651.6142106472385,0.0,0.0,1.0,34.0
0.0,-452.3570902448978,645.5499426978174,0.0,0.0,1.0,34.0
0.0,-470.14363381557087,655.8550048990246,0.0,0.0,1.0,34.0
0.0,-447.78054893943386,649.9138279925869,0.0,0.0,1.0,34.0
0.0,-477.4371318806965,672.8302428239485,0.0,0.0,1.0,34.0
0.0,-496.8241260829941,660.3169557920669,0.0,0.0,1.0,34.0
0.0,-482.19866300954857,685.7044940297214,0.0,0.0,1.0,34.0
0.0,-459.2786010020584,657.0542055298492,0.0,0.0,1.0,34.0
0.0,-484.7432364840454,658.936125636638,0.0,0.0,1.0,34.0
0.0,-508.97925737085654,639.0233038209763,0.0,0.0,1.0,34.0
0.0,-474.89002707488225,665.5138903221359,0.0,0.0,1.0,34.0
0.0,-476.50669524635214,694.2982052548914,0.0,0.0,1.0,34.0
0.0,-475.43459228524705,667.0397431592728,0.0,0.0,1.0,34.0
0.0,-495.53784452799084,678.9006690222709,0.0,0.0,1.0,34.0
0.0,-488.3517290130642,667.5800911202414,0.0,0.0,1.0,34.0
0.0,-489.6001716552238,676.1260875019302,0.0,0.0,1.0,34.0
0.0,-465.132799601585,648.8181021045943,0.0,0.0,1.0,34.0
0.0,-481.58569952775736,677.0829781228249,0.0,0.0,1.0,34.0
0.0,-491.7712228502206,650.5204310924214,0.0,0.0,1.0,34.0
0.0,-502.77887008799144,687.6209621242588,0.0,0.0,1.0,34.0
0.0,-478.29043515971455,680.8568207080627,0.0,0.0,1.0,34.0
0.0,-471.6434746199824,694.5236727242705,0.0,0.0,1.0,34.0
0.0,-483.28566392391053,658.3792359878803,0.0,0.0,1.0,34.0
0.0,-511.40191323595525,662.7613204223599,0.0,0.0,1.0,34.0
0.0,-548.0358724960157,660.8706737306607,0.0,0.0,1.0,34.0
0.0,-555.814869069966,658.7754646669575,0.0,0.0,1.0,34.0
0.0,-530.6963928937571,643.3326647046456,0.0,0.0,1.0,34.0
0.0,-511.61535411720695,594.743822100799,0.0,0.0,1.0,34.0
0.0,-543.5498770869397,647.716894175056,0.0,0.0,1.0,34.0
0.0,-537.7802618413252,629.0963210648608,0.0,0.0,1.0,34.0
0.0,-552.3747987811764,661.5928980125793,0.0,0.0,1.0,34.0
0.0,-543.2974277630209,637.7876415791361,0.0,0.0,1.0,34.0
0.0,-562.8313526928503,649.6544396054956,0.0,0.0,1.0,34.0
0.0,-568.0285854645699,609.7833305482652,0.0,0.0,1.0,34.0
0.0,-545.1545919809524,636.7280601705215,0.0,0.0,1.0,34.0
0.0,-550.6659810729301,654.9990676795373,0.0,0.0,1.0,34.0
0.0,-542.1227540661183,652.220764336457,0.0,0.0,1.0,34.0
0.0,-549.0773596106873,671.6474819020882,0.0,0.0,1.0,34.0
0.0,-571.5975548845698,634.400122171575,0.0,0.0,1.0,34.0
0.0,-509.8708731380176,675.9069631259003,0.0,0.0,1.0,34.0
0.0,-535.6608619596328,657.0892975412819,0.0,0.0,1.0,34.0
0.0,-555.1616822888406,641.6730883574332,0.0,0.0,1.0,34.0
0.0,-552.5000077091631,681.7725935008325,0.0,0.0,1.0,34.0
0.0,-539.4948343876438,661.2208074849195,0.0,0.0,1.0,34.0
0.0,-544.4217403419071,641.3359988445127,0.0,0.0,1.0,34.0
0.0,-560.5087324085532,643.4116223363544,0.0,0.0,1.0,34.0
0.0,-546.5040417301968,631.3929566358647,0.0,0.0,1.0,34.0
0.0,-552.5238265556779,638.4031458098862,0.0,0.0,1.0,34.0
0.0,-565.642380997416,660.7665430236466,0.0,0.0,1.0,34.0
0.0,-530.041125365865,662.8900849977058,0.0,0.0,1.0,34.0
0.0,-545.4289784219746,638.784026123926,0.0,0.0,1.0,34.0
0.0,-557.6557812285721,643.0110179328617,0.0,0.0,1.0,34.0
0.0,-557.0702503902398,668.9064317061864,0.0,0.0,1.0,34.0
0.0,-559.06920250934,661.3228343829128,0.0,0.0,1.0,34.0
0.0,-560.548716171415,667.8886974523989,0.0,0.0,1.0,34.0
0.0,-565.3575070148285,671.7022930034666,0.0,0.0,1.0,34.0
0.0,-569.5093816688402,694.9025786077027,0.0,0.0,1.0,34.0
0.0,-487.54582191681584,615.4180802434867,0.0,0.0,1.0,34.0
0.0,-520.527648873168,683.027310473618,0.0,0.0,1.0,34.0
0.0,-556.9966560314346,663.0177461306066,0.0,0.0,1.0,34.0
0.0,-517.2448516193083,649.3446301281949,0.0,0.0,1.0,34.0
0.0,-542.4676547305953,641.7119767605443,0.0,0.0,1.0,34.0
0.0,-564.616603204851,625.3132111355033,0.0,0.0,1.0,34.0
0.0,-595.7593534032837,591.3381005794713,0.0,0.0,1.0,34.0
0.0,-560.2317479730552,627.2698805879331,0.0,0.0,1.0,34.0
0.0,-574.5771744579988,606.3228243665185,0.0,0.0,1.0,34.0
0.0,-577.7453173663602,603.1524820889372,0.0,0.0,1.0,34.0
0.0,-601.1389356276851,603.8877210623402,0.0,0.0,1.0,34.0
0.0,-575.9766999315008,603.9265579323301,0.0,0.0,1.0,34.0
0.0,-579.0075030261145,632.0629803334828,0.0,0.0,1.0,34.0
0.0,-582.1547691972597,601.2896143934659,0.0,0.0,1.0,34.0
0.0,-524.5698533216566,594.6807383637438,0.0,0.0,1.0,34.0
0.0,-583.5313091512091,582.6102360751161,0.0,0.0,1.0,34.0
0.0,-561.4588374807457,621.919755129345,0.0,0.0,1.0,34.0
0.0,-554.73159014798,594.9080804724101,0.0,0.0,1.0,34.0
0.0,-574.3124485789198,621.140766423599,0.0,0.0,1.0,34.0
0.0,-531.4531000768693,598.1476133087044,0.0,0.0,1.0,34.0
0.0,-575.720107225681,615.6197938708699,0.0,0.0,1.0,34.0
0.0,-581.8422612413791,598.6004391940837,0.0,0.0,1.0,34.0
0.0,-604.7489384941516,603.6067692773825,0.0,0.0,1.0,34.0
0.0,-610.2144442168984,637.5783771864244,0.0,0.0,1.0,34.0
0.0,-592.912814707202,614.1250461565369,0.0,0.0,1.0,34.0
0.0,-560.4764093334561,610.7682345392172,0.0,0.0,1.0,34.0
0.0,-588.2755097681891,607.1254077973983,0.0,0.0,1.0,34.0
0.0,-603.1899598657137,571.1894414598012,0.0,0.0,1.0,34.0
0.0,-565.8214750075862,605.4908937339073,0.0,0.0,1.0,34.0
0.0,-575.0002833729276,599.2161458378339,0.0,0.0,1.0,34.0
0.0,-584.2681905432192,619.0725750837582,0.0,0.0,1.0,34.0
0.0,-578.6027503977202,594.4515878580701,0.0,0.0,1.0,34.0
0.0,-590.605638571024,608.7861131590162,0.0,0.0,1.0,34.0
0.0,-593.4005701537461,598.8453971125236,0.0,0.0,1.0,34.0
0.0,-587.3113749911142,627.6908598172563,0.0,0.0,1.0,34.0
0.0,-608.5969763588095,581.6953496959845,0.0,0.0,1.0,34.0
0.0,-593.8128319061102,606.5782951914957,0.0,0.0,1.0,34.0
0.0,-527.920020016616,584.1454744687335,0.0,0.0,1.0,34.0
0.0,-606.1682365579958,621.4599386640148,0.0,0.0,1.0,34.0
0.0,-546.7548746069843,533.8512093283189,0.0,0.0,1.0,34.0
0.0,-582.8294125547657,536.7428962253009,0.0,0.0,1.0,34.0
0.0,-527.0573785251092,542.8265108597157,0.0,0.0,1.0,34.0
0.0,-526.2522201279004,563.7901037800157,0.0,0.0,1.0,34.0
0.0,-543.3634746225221,552.0034274662389,0.0,0.0,1.0,34.0
0.0,-552.349954879255,543.4406194264911,0.0,0.0,1.0,34.0
0.0,-555.4844568633694,538.969375975324,0.0,0.0,1.0,34.0
0.0,-592.7372016696071,555.8726461324222,0.0,0.0,1.0,34.0
0.0,-558.1612929621211,556.4500336742758,0.0,0.0,1.0,34.0
0.0,-585.61488763562,540.347928064132,0.0,0.0,1.0,34.0
0.0,-579.8425846746071,535.3567709276251,0.0,0.0,1.0,34.0
0.0,-549.9272408065967,539.586246551879,0.0,0.0,1.0,34.0
0.0,-551.4574429850152,541.2269560354725,0.0,0.0,1.0,34.0
0.0,-577.3962809816834,544.5994167390745,0.0,0.0,1.0,34.0
0.0,-578.1434052392158,540.7513259618377,0.0,0.0,1.0,34.0
0.0,-504.98174104586644,587.8138676700569,0.0,0.0,1.0,34.0
0.0,-549.0118895823845,579.727658859164,0.0,0.0,1.0,34.0
0.0,-572.6192476904001,542.3291048639783,0.0,0.0,1.0,34.0
0.0,-575.1584050006716,577.5875475737221,0.0,0.0,1.0,34.0
0.0,-566.5692494029115,547.1341917717707,0.0,0.0,1.0,34.0
0.0,-569.7872089458236,538.6907859432592,0.0,0.0,1.0,34.0
0.0,-557.4765869037227,558.8732803455337,0.0,0.0,1.0,34.0
0.0,-578.1074382026342,557.3689338447998,0.0,0.0,1.0,34.0
0.0,-557.6365485323159,522.1817740298759,0.0,0.0,1.0,34.0
0.0,-557.2164343214557,548.0338703590232,0.0,0.0,1.0,34.0
0.0,-589.9313526151526,527.5586139798256,0.0,0.0,1.0,34.0
0.0,-561.9844885690735,549.7849895831141,0.0,0.0,1.0,34.0
0.0,-532.3587579708192,562.6383997987264,0.0,0.0,1.0,34.0
0.0,-569.4480367066456,544.5751715259387,0.0,0.0,1.0,34.0
0.0,-554.6691870962267,524.2311815112885,0.0,0.0,1.0,34.0
0.0,-525.7964702635136,536.608782345598,0.0,0.0,1.0,34.0
0.0,-501.763273596722,542.9547759229465,0.0,0.0,1.0,34.0
0.0,-472.2880092933224,531.8669907110407,0.0,0.0,1.0,34.0
0.0,-436.8155816947426,542.5153569698632,0.0,0.0,1.0,34.0
0.0,-445.7857846882291,490.2784651859706,0.0,0.0,1.0,34.0
0.0,-489.8599656913892,542.5818969478721,0.0,0.0,1.0,34.0
0.0,-460.3533234709247,532.5001393837567,0.0,0.0,1.0,34.0
0.0,-455.65397739764194,552.5691261924046,0.0,0.0,1.0,34.0
0.0,-469.677727131104,535.6859427200752,0.0,0.0,1.0,34.0
0.0,-450.60337715297885,535.2432903019526,0.0,0.0,1.0,34.0
0.0,-472.434037315263,539.4262459800725,0.0,0.0,1.0,34.0
0.0,-467.41501146888936,501.2015172642557,0.0,0.0,1.0,34.0
0.0,-420.775252855748,560.3853650214417,0.0,0.0,1.0,34.0
0.0,-473.54679844789416,537.1097530460779,0.0,0.0,1.0,34.0
0.0,-446.3926916630397,514.8672804098389,0.0,0.0,1.0,34.0
0.0,-501.19528349678535,510.9736203871821,0.0,0.0,1.0,34.0
0.0,-434.171879063744,575.3223555053428,0.0,0.0,1.0,34.0
0.0,-476.5805806303548,527.8832952632486,0.0,0.0,1.0,34.0
0.0,-485.44986421927456,549.9743065528373,0.0,0.0,1.0,34.0
0.0,-447.19878595862156,527.9810061670978,0.0,0.0,1.0,34.0
0.0,-466.4868048492152,551.9033140885019,0.0,0.0,1.0,34.0
0.0,-474.4254388295021,541.1227619201109,0.0,0.0,1.0,34.0
0.0,-444.4882976013663,538.5739458297674,0.0,0.0,1.0,34.0
0.0,-500.5915049049519,585.5963982067365,0.0,0.0,1.0,34.0
0.0,-468.6814399527526,541.0394624363394,0.0,0.0,1.0,34.0
0.0,-458.8528495662639,530.8046370443171,0.0,0.0,1.0,34.0
0.0,-431.570716308933,518.2062087759755,0.0,0.0,1.0,34.0
0.0,-466.90281867132285,539.2189024611453,0.0,0.0,1.0,34.0
0.0,-456.29407221001475,535.4911945087672,0.0,0.0,1.0,34.0
0.0,-467.34558775493656,537.9096692073247,0.0,0.0,1.0,34.0
0.0,-446.57207401277606,520.5674202354189,0.0,0.0,1.0,34.0
0.0,-448.9024380260448,532.0784089102658,0.0,0.0,1.0,34.0
0.0,-440.23709866980334,550.3915223780193,0.0,0.0,1.0,34.0
0.0,-516.4770729122578,530.3958883641005,0.0,0.0,1.0,34.0
0.0,-436.0154378443865,617.6221364199114,0.0,0.0,1.0,34.0
0.0,-410.1638824655256,585.4921132305203,0.0,0.0,1.0,34.0
0.0,-440.17503015945215,553.8553634923801,0.0,0.0,1.0,34.0
0.0,-413.67314285141003,573.5866617861668,0.0,0.0,1.0,34.0
0.0,-450.4585593836907,565.2027208801783,0.0,0.0,1.0,34.0
0.0,-447.5993887740949,593.4551573031031,0.0,0.0,1.0,34.0
0.0,-405.1415601710097,567.8020809361394,0.0,0.0,1.0,34.0
0.0,-431.976568405898,580.8088869806518,0.0,0.0,1.0,34.0
0.0,-424.7464185678716,579.2919254374353,0.0,0.0,1.0,34.0
0.0,-410.9708024036594,601.1801770187371,0.0,0.0,1.0,34.0
0.0,-446.33709132115246,615.9342539731351,0.0,0.0,1.0,34.0
0.0,-461.2146272837306,555.5064387504567,0.0,0.0,1.0,34.0
0.0,-448.4752219682118,547.3303156047687,0.0,0.0,1.0,34.0
0.0,-414.36635413544536,578.3535422934915,0.0,0.0,1.0,34.0
0.0,-438.93637420201173,600.9829024302849,0.0,0.0,1.0,34.0
0.0,-419.38706316596745,558.1334430509037,0.0,0.0,1.0,34.0
0.0,-424.4201106881394,574.241361240935,0.0,0.0,1.0,34.0
0.0,-430.018390046685,591.2104567541246,0.0,0.0,1.0,34.0
0.0,-404.609386320961,564.0958429612156,0.0,0.0,1.0,34.0
0.0,-428.3825051767035,592.6420158676401,0.0,0.0,1.0,34.0
0.0,-458.4020382273088,584.2107594802624,0.0,0.0,1.0,34.0
0.0,-440.21251194058607,589.368575879188,0.0,0.0,1.0,34.0
0.0,-435.9601135720527,602.7299718231068,0.0,0.0,1.0,34.0
0.0,-448.4263270006812,545.48789469242,0.0,0.0,1.0,34.0
0.0,-419.0202019494245,607.8617267559466,0.0,0.0,1.0,34.0
0.0,-648.5572915114495,-263.5138620498815,0.0,0.0,1.0,35.0
0.0,-649.5549532463808,-228.29591066468583,0.0,0.0,1.0,35.0
0.0,-676.1849821739893,-265.0418338447794,0.0,0.0,1.0,35.0
0.0,-692.8615897075712,-280.2910180245044,0.0,0.0,1.0,35.0
0.0,-698.3590498308994,-191.95154791632854,0.0,0.0,1.0,35.0
0.0,-635.1811740138037,-256.01847061642957,0.0,0.0,1.0,35.0
0.0,-677.833004348017,-275.40491230554744,0.0,0.0,1.0,35.0
0.0,-651.4167132885927,-267.01372594039594,0.0,0.0,1.0,35.0
0.0,-662.6930515350847,-237.7940760710144,0.0,0.0,1.0,35.0
0.0,-662.7433655085879,-258.9318476115275,0.0,0.0,1.0,35.0
0.0,-650.730477223086,-264.27179175243737,0.0,0.0,1.0,35.0
0.0,-668.4149724743294,-238.9900532082902,0.0,0.0,1.0,35.0
0.0,-666.60449137858,-278.55617418084034,0.0,0.0,1.0,35.0
0.0,-674.7823599339425,-282.917254735258,0.0,0.0,1.0,35.0
0.0,-644.0559001266553,-274.7651328144325,0.0,0.0,1.0,35.0
0.0,-665.0327459239477,-271.94711865405,0.0,0.0,1.0,35.0
0.0,-661.2152997201672,-253.80611140038945,0.0,0.0,1.0,35.0
0.0,-666.0724483414804,-241.1498557671148,0.0,0.0,1.0,35.0
0.0,-700.5982678897117,-272.0914626905633,0.0,0.0,1.0,35.0
0.0,-667.4496705047272,-244.62003348193002,0.0,0.0,1.0,35.0
0.0,-665.607646019771,-260.65171235236767,0.0,0.0,1.0,35.0
0.0,-656.9970114650116,-250.52427979893173,0.0,0.0,1.0,35.0
0.0,-631.0065362526383,-254.68966441913813,0.0,0.0,1.0,35.0
0.0,-655.542430301645,-261.4419302650658,0.0,0.0,1.0,35.0
0.0,-640.470520247417,-235.32764280451875,0.0,0.0,1.0,35.0
0.0,-636.9474112231073,-268.38977783469454,0.0,0.0,1.0,35.0
0.0,-736.9326186630011,-260.4872491615886,0.0,0.0,1.0,35.0
0.0,-692.7808369464107,-263.32254854572557,0.0,0.0,1.0,35.0
0.0,-659.5900639365311,-268.56562817293707,0.0,0.0,1.0,35.0
0.0,-621.1088275233185,-220.88324374811873,0.0,0.0,1.0,35.0
0.0,-655.7572497412156,-221.57556976346314,0.0,0.0,1.0,35.0
0.0,-606.1617836322287,-236.064453123779,0.0,0.0,1.0,35.0
0.0,-617.9235582019539,-225.2771779002801,0.0,0.0,1.0,35.0
0.0,-644.6525610972401,-225.69993732270382,0.0,0.0,1.0,35.0
0.0,-624.5411302380196,-191.62658962023488,0.0,0.0,1.0,35.0
0.0,-612.8116560066013,-213.71753676759135,0.0,0.0,1.0,35.0
0.0,-650.3281379539421,-265.30102357470264,0.0,0.0,1.0,35.0
0.0,-621.9903558861953,-222.89298966537672,0.0,0.0,1.0,35.0
0.0,-618.1170839674317,-221.0377290923161,0.0,0.0,1.0,35.0
0.0,-625.4040177781108,-219.9474937856712,0.0,0.0,1.0,35.0
0.0,-634.8380051882247,-210.67297253405195,0.0,0.0,1.0,35.0
0.0,-643.0928474166491,-235.98152682328464,0.0,0.0,1.0,35.0
0.0,-611.8228511921865,-204.22922411881018,0.0,0.0,1.0,35.0
0.0,-641.1380736763072,-199.19775477868006,0.0,0.0,1.0,35.0
0.0,-624.9886601714345,-254.6807729837783,0.0,0.0,1.0,35.0
0.0,-658.4973588601615,-210.34019020408005,0.0,0.0,1.0,35.0
0.0,-641.3715570886978,-227.79771694307897,0.0,0.0,1.0,35.0
0.0,-668.5797268724333,-156.1328683583297,0.0,0.0,1.0,35.0
0.0,-628.8630901766378,-226.02086843557504,0.0,0.0,1.0,35.0
0.0,-648.6225245800265,-226.80575869013478,0.0,0.0,1.0,35.0
0.0,-617.0623566610279,-169.46236306383094,0.0,0.0,1.0,35.0
0.0,-626.953544964594,-234.17517547272837,0.0,0.0,1.0,35.0
0.0,-614.419916699836,-195.74440655783087,0.0,0.0,1.0,35.0
0.0,-629.6425274804725,-217.64264381218027,0.0,0.0,1.0,35.0
0.0,-626.6083378544703,-236.56420866628832,0.0,0.0,1.0,35.0
0.0,-641.454602737253,-226.59650531919465,0.0,0.0,1.0,35.0
0.0,-614.7758871085479,-236.13219572076105,0.0,0.0,1.0,35.0
0.0,-618.0482682876257,-168.6071962056801,0.0,0.0,1.0,35.0
0.0,-673.8175803660348,-148.49677861213945,0.0,0.0,1.0,35.0
0.0,-641.7238507291364,-182.2369484178737,0.0,0.0,1.0,35.0
0.0,-613.1614400528284,-162.1177187282592,0.0,0.0,1.0,35.0
0.0,-645.2308197102907,-211.54155063442522,0.0,0.0,1.0,35.0
0.0,-618.7745323917861,-157.06041963361895,0.0,0.0,1.0,35.0
0.0,-609.083291821189,-181.1426415323176,0.0,0.0,1.0,35.0
0.0,-625.2993188669296,-172.52735152339005,0.0,0.0,1.0,35.0
0.0,-634.3071431867901,-175.02360487176384,0.0,0.0,1.0,35.0
0.0,-655.2845916681796,-176.93121927592892,0.0,0.0,1.0,35.0
0.0,-631.9065471286156,-199.67965076379755,0.0,0.0,1.0,35.0
0.0,-631.1481429341346,-174.39525215120784,0.0,0.0,1.0,35.0
0.0,-663.6186734493059,-153.8572723324769,0.0,0.0,1.0,35.0
0.0,-634.7865174932526,-157.89717939325692,0.0,0.0,1.0,35.0
0.0,-603.0963862644777,-164.17576357129838,0.0,0.0,1.0,35.0
0.0,-625.5709421665858,-157.22644567730754,0.0,0.0,1.0,35.0
0.0,-616.976113303483,-161.22651356816186,0.0,0.0,1.0,35.0
0.0,-621.0812291842802,-157.1844722338917,0.0,0.0,1.0,35.0
0.0,-627.17253652889,-169.4598981124932,0.0,0.0,1.0,35.0
0.0,-618.6200726661331,-160.9983670643253,0.0,0.0,1.0,35.0
0.0,-619.6446008186751,-150.64800149134362,0.0,0.0,1.0,35.0
0.0,-621.7101581082043,-151.45815865778513,0.0,0.0,1.0,35.0
0.0,-674.1798939005346,-165.62995496292842,0.0,0.0,1.0,35.0
0.0,-684.495290711937,-148.85556290789827,0.0,0.0,1.0,35.0
0.0,-637.4905246810391,-180.859046655959,0.0,0.0,1.0,35.0
0.0,-644.0780847532455,-160.95151827901486,0.0,0.0,1.0,35.0
0.0,-604.7866021570945,-192.00146335198747,0.0,0.0,1.0,35.0
0.0,-678.2342710869601,-136.8005731098608,0.0,0.0,1.0,35.0
0.0,-606.5800676648428,-187.3586730646482,0.0,0.0,1.0,35.0
0.0,-612.7869667250096,-184.64679784681675,0.0,0.0,1.0,35.0
0.0,-620.2943282937866,-141.32250829742543,0.0,0.0,1.0,35.0
0.0,-735.1603864394191,-150.89388745310498,0.0,0.0,1.0,35.0
0.0,-747.9754344551587,-159.01838313788585,0.0,0.0,1.0,35.0
0.0,-740.7925238674047,-120.47486017405777,0.0,0.0,1.0,35.0
0.0,-711.5800168950965,-132.2691426112733,0.0,0.0,1.0,35.0
0.0,-718.8146570911315,-152.27590782880998,0.0,0.0,1.0,35.0
0.0,-705.1730432797576,-109.68795947369995,0.0,0.0,1.0,35.0
0.0,-669.9092623758545,-162.18829644855623,0.0,0.0,1.0,35.0
0.0,-715.6658133181706,-124.60213755556924,0.0,0.0,1.0,35.0
0.0,-712.9157527886638,-132.88827662054564,0.0,0.0,1.0,35.0
0.0,-692.797851609999,-126.81663917312699,0.0,0.0,1.0,35.0
0.0,-734.0228833053875,-136.207282811328,0.0,0.0,1.0,35.0
0.0,-676.3537966891446,-136.2601801110511,0.0,0.0,1.0,35.0
0.0,-718.1581773201424,-124.10365588455898,0.0,0.0,1.0,35.0
0.0,-716.4543188032887,-141.59040272504262,0.0,0.0,1.0,35.0
0.0,-715.3170371449008,-138.6938252049024,0.0,0.0,1.0,35.0
0.0,-740.5166052340905,-140.64205932582786,0.0,0.0,1.0,35.0
0.0,-721.6814621214123,-121.11832194713452,0.0,0.0,1.0,35.0
0.0,-728.9314953291733,-129.41748041792061,0.0,0.0,1.0,35.0
0.0,-723.249500614717,-146.64331310328612,0.0,0.0,1.0,35.0
0.0,-731.147379458738,-151.07776848306412,0.0,0.0,1.0,35.0
0.0,-742.945524967162,-157.40673545007485,0.0,0.0,1.0,35.0
0.0,-660.3879064341319,-144.07419559536356,0.0,0.0,1.0,35.0
0.0,-715.1987275436044,-140.87990566676308,0.0,0.0,1.0,35.0
0.0,-743.3970004056088,-151.9188411389946,0.0,0.0,1.0,35.0
0.0,-731.3989553794615,-127.49066030431754,0.0,0.0,1.0,35.0
0.0,-707.2819799779838,-121.34221009836801,0.0,0.0,1.0,35.0
0.0,-726.8807985627556,-143.5076392116339,0.0,0.0,1.0,35.0
0.0,-724.4637193269679,-132.3690176279797,0.0,0.0,1.0,35.0
0.0,-705.9989523188576,-150.28753771887955,0.0,0.0,1.0,35.0
0.0,-735.4830069568063,-197.74114122917126,0.0,0.0,1.0,35.0
0.0,-740.2851366656765,-159.47369768236672,0.0,0.0,1.0,35.0
0.0,-730.5934420637996,-167.03420609210798,0.0,0.0,1.0,35.0
0.0,-725.7260814670587,-220.60734335400866,0.0,0.0,1.0,35.0
0.0,-749.4251896196406,-198.32329642897253,0.0,0.0,1.0,35.0
0.0,-749.4139651889369,-154.23596943771395,0.0,0.0,1.0,35.0
0.0,-756.9267384990893,-145.15343417401436,0.0,0.0,1.0,35.0
0.0,-742.718171070248,-169.44377011072743,0.0,0.0,1.0,35.0
0.0,-745.1655837095623,-170.14548278961456,0.0,0.0,1.0,35.0
0.0,-754.5805388801621,-180.68091261637983,0.0,0.0,1.0,35.0
0.0,-759.3721717053478,-186.29012274756178,0.0,0.0,1.0,35.0
0.0,-765.9564389547083,-203.23032736631876,0.0,0.0,1.0,35.0
0.0,-774.1249082980133,-188.88244210480389,0.0,0.0,1.0,35.0
0.0,-747.7256791216541,-171.22825087669935,0.0,0.0,1.0,35.0
0.0,-769.6752104037758,-164.07480594524668,0.0,0.0,1.0,35.0
0.0,-766.1710981452457,-169.3605535803033,0.0,0.0,1.0,35.0
0.0,-734.75047925099,-179.78309349577148,0.0,0.0,1.0,35.0
0.0,-757.42954984022,-191.65367066730528,0.0,0.0,1.0,35.0
0.0,-757.0683980145998,-222.45994004822478,0.0,0.0,1.0,35.0
0.0,-756.5732608824949,-155.27607263163236,0.0,0.0,1.0,35.0
0.0,-749.4204591009212,-175.37954047438575,0.0,0.0,1.0,35.0
0.0,-740.6327319521238,-160.17661695640436,0.0,0.0,1.0,35.0
0.0,-740.4379330113288,-206.0626250491232,0.0,0.0,1.0,35.0
0.0,-729.1499374885022,-188.64903351669727,0.0,0.0,1.0,35.0
0.0,-758.3842088341584,-177.67303662819518,0.0,0.0,1.0,35.0
0.0,-769.3649449515859,-178.89825245872908,0.0,0.0,1.0,35.0
0.0,-740.9523328193616,-135.71211846415486,0.0,0.0,1.0,35.0
0.0,-747.7956655616233,-175.14928596793243,0.0,0.0,1.0,35.0
0.0,-758.8829532826655,-179.14501063905595,0.0,0.0,1.0,35.0
0.0,-736.2355045553891,-173.45803152646,0.0,0.0,1.0,35.0
0.0,-752.4256293955565,-149.01977586871453,0.0,0.0,1.0,35.0
0.0,-769.8746578701553,-180.9227478427374,0.0,0.0,1.0,35.0
0.0,-748.8967228099697,-199.82977919994096,0.0,0.0,1.0,35.0
0.0,-753.2981457831459,-184.04863756766736,0.0,0.0,1.0,35.0
0.0,-757.4759719954637,-201.3099526610731,0.0,0.0,1.0,35.0
0.0,-757.2825776952355,-168.83530095552806,0.0,0.0,1.0,35.0
0.0,-744.05131928378,-230.60206585754077,0.0,0.0,1.0,35.0
0.0,-747.1206353673787,-233.2105625882682,0.0,0.0,1.0,35.0
0.0,-761.6914995325634,-224.668239522696,0.0,0.0,1.0,35.0
0.0,-746.3347716438611,-249.28709807610744,0.0,0.0,1.0,35.0
0.0,-744.2606086573201,-250.23349245640156,0.0,0.0,1.0,35.0
0.0,-764.3804625629688,-227.46834235032793,0.0,0.0,1.0,35.0
0.0,-736.1695262260464,-234.2186414627895,0.0,0.0,1.0,35.0
0.0,-754.9049346631876,-235.8417654406794,0.0,0.0,1.0,35.0
0.0,-755.9301527504826,-216.81240112928026,0.0,0.0,1.0,35.0
0.0,-774.4571295710425,-226.56025555130395,0.0,0.0,1.0,35.0
0.0,-779.8267520988197,-217.78141509505576,0.0,0.0,1.0,35.0
0.0,-740.9662671960629,-216.83823845351208,0.0,0.0,1.0,35.0
0.0,-702.5184007307515,-228.8577389483055,0.0,0.0,1.0,35.0
0.0,-744.4686210823015,-253.44866143934655,0.0,0.0,1.0,35.0
0.0,-770.5744340409153,-202.01481095517192,0.0,0.0,1.0,35.0
0.0,-760.7294450644009,-215.09372608941294,0.0,0.0,1.0,35.0
0.0,-740.9854615755979,-253.58644544278877,0.0,0.0,1.0,35.0
0.0,-760.5272554971241,-216.79779069270285,0.0,0.0,1.0,35.0
0.0,-759.5747038562217,-196.94013667397576,0.0,0.0,1.0,35.0
0.0,-751.2430522753114,-234.00661379179928,0.0,0.0,1.0,35.0
0.0,-756.3009838201859,-222.86138483048603,0.0,0.0,1.0,35.0
0.0,-759.4475665841474,-240.78831960431967,0.0,0.0,1.0,35.0
0.0,-733.3732131905423,-234.43448137922815,0.0,0.0,1.0,35.0
0.0,-762.0248288726107,-234.5051871886717,0.0,0.0,1.0,35.0
0.0,-750.8255261523393,-199.33063329778633,0.0,0.0,1.0,35.0
0.0,-745.0676903986582,-243.1366061598037,0.0,0.0,1.0,35.0
0.0,-746.8231946979823,-221.42067417573026,0.0,0.0,1.0,35.0
0.0,-754.9978221820132,-225.9462494474128,0.0,0.0,1.0,35.0
0.0,-761.15730059832,-231.39551844050607,0.0,0.0,1.0,35.0
0.0,-724.9734433211827,-209.5968040007681,0.0,0.0,1.0,35.0
0.0,-757.7049112899842,-230.87541406142532,0.0,0.0,1.0,35.0
0.0,-754.021448842617,-201.42594339258676,0.0,0.0,1.0,35.0
0.0,-715.8450448918671,-287.02103187560874,0.0,0.0,1.0,35.0
0.0,-677.5809939376488,-254.64583866480984,0.0,0.0,1.0,35.0
0.0,-715.5110566488013,-274.6267801394972,0.0,0.0,1.0,35.0
0.0,-726.4270559435965,-269.0398920171351,0.0,0.0,1.0,35.0
0.0,-722.7572393899007,-292.90270861610543,0.0,0.0,1.0,35.0
0.0,-710.3169337231302,-273.5514286254711,0.0,0.0,1.0,35.0
0.0,-715.5431377491934,-262.8361350062087,0.0,0.0,1.0,35.0
0.0,-717.9404777499096,-258.3841413503544,0.0,0.0,1.0,35.0
0.0,-721.1395488930319,-265.9302081525807,0.0,0.0,1.0,35.0
0.0,-729.6089019859264,-265.88173610758145,0.0,0.0,1.0,35.0
0.0,-715.3507741164667,-277.1141894361508,0.0,0.0,1.0,35.0
0.0,-688.429322868868,-274.9682680238998,0.0,0.0,1.0,35.0
0.0,-744.397355800715,-256.3131739829273,0.0,0.0,1.0,35.0
0.0,-685.2773771408406,-244.34736029179976,0.0,0.0,1.0,35.0
0.0,-742.0106329773437,-270.21908508782985,0.0,0.0,1.0,35.0
0.0,-709.9141188428664,-252.50816202977262,0.0,0.0,1.0,35.0
0.0,-714.9776258079578,-274.55085305545117,0.0,0.0,1.0,35.0
0.0,-726.0536907668319,-249.58242365507112,0.0,0.0,1.0,35.0
0.0,-699.258627396027,-276.1920475000086,0.0,0.0,1.0,35.0
0.0,-736.0190600722786,-278.83660828318193,0.0,0.0,1.0,35.0
0.0,-742.4073950654456,-254.62781995525074,0.0,0.0,1.0,35.0
0.0,-736.4049930126638,-271.83777774613054,0.0,0.0,1.0,35.0
0.0,-694.9838918159902,-275.24374954492987,0.0,0.0,1.0,35.0
0.0,-720.9871621430258,-286.15942798563924,0.0,0.0,1.0,35.0
0.0,-691.7121224186681,-272.4896096263044,0.0,0.0,1.0,35.0
0.0,-709.3955476750052,-273.7603289025742,0.0,0.0,1.0,35.0
0.0,-718.1593754238116,-255.16316661810833,0.0,0.0,1.0,35.0
0.0,-711.0652145671302,-258.9647668154232,0.0,0.0,1.0,35.0
0.0,-730.509964440343,-262.1287775451847,0.0,0.0,1.0,35.0
0.0,-707.8132996456807,-255.98915076397134,0.0,0.0,1.0,35.0
0.0,-669.0168200098616,-469.8461868694018,0.0,0.0,1.0,36.0
0.0,-652.4151810569055,-485.13061770934473,0.0,0.0,1.0,36.0
0.0,-658.5418602710708,-492.1457738656379,0.0,0.0,1.0,36.0
0.0,-664.0780330709518,-490.068702481106,0.0,0.0,1.0,36.0
0.0,-694.6609408222293,-488.58629059480484,0.0,0.0,1.0,36.0
0.0,-635.7545960344939,-463.31164788987337,0.0,0.0,1.0,36.0
0.0,-666.1349525840586,-488.51269561173604,0.0,0.0,1.0,36.0
0.0,-660.5122641341605,-497.61524692221883,0.0,0.0,1.0,36.0
0.0,-646.4822004311949,-500.94437437184104,0.0,0.0,1.0,36.0
0.0,-681.6661717399123,-480.1777395938027,0.0,0.0,1.0,36.0
0.0,-648.9290183628015,-485.5618022510806,0.0,0.0,1.0,36.0
0.0,-650.915190997048,-473.60918622549536,0.0,0.0,1.0,36.0
0.0,-707.8385966964067,-438.43827883300264,0.0,0.0,1.0,36.0
0.0,-642.6320908454708,-491.56618564749306,0.0,0.0,1.0,36.0
0.0,-616.8337142617463,-512.8577244866674,0.0,0.0,1.0,36.0
0.0,-670.1315690680574,-471.15410690355804,0.0,0.0,1.0,36.0
0.0,-657.1328875676279,-465.2424439862873,0.0,0.0,1.0,36.0
0.0,-667.2759705542488,-497.0200522293745,0.0,0.0,1.0,36.0
0.0,-674.2264111266173,-481.7359365489509,0.0,0.0,1.0,36.0
0.0,-647.242068068126,-484.7132468196762,0.0,0.0,1.0,36.0
0.0,-610.062677004606,-515.9016730497475,0.0,0.0,1.0,36.0
0.0,-649.9606543568527,-472.0778024421203,0.0,0.0,1.0,36.0
0.0,-639.3921493695378,-475.9404030122266,0.0,0.0,1.0,36.0
0.0,-655.4842242526395,-496.3994914709615,0.0,0.0,1.0,36.0
0.0,-660.6181731274315,-477.80181139951765,0.0,0.0,1.0,36.0
0.0,-662.3733976559728,-482.14780848868065,0.0,0.0,1.0,36.0
0.0,-643.2180005569425,-495.04876506459027,0.0,0.0,1.0,36.0
0.0,-676.6108107790268,-505.0752212949063,0.0,0.0,1.0,36.0
0.0,-652.4662354271492,-489.3032766761153,0.0,0.0,1.0,36.0
0.0,-653.8209324871773,-493.4397110213298,0.0,0.0,1.0,36.0
0.0,-674.1614130232384,-431.45206598524703,0.0,0.0,1.0,36.0
0.0,-582.8107367831776,-435.35967635870315,0.0,0.0,1.0,36.0
0.0,-586.8379932031817,-465.11948966731563,0.0,0.0,1.0,36.0
0.0,-618.573996636364,-484.2656627997087,0.0,0.0,1.0,36.0
0.0,-593.3134518754015,-496.36539162763086,0.0,0.0,1.0,36.0
0.0,-592.372897790448,-482.19368799664596,0.0,0.0,1.0,36.0
0.0,-610.5134206692821,-453.79873408159153,0.0,0.0,1.0,36.0
0.0,-610.3465869299704,-476.67946972684126,0.0,0.0,1.0,36.0
0.0,-617.0209162656486,-441.7267810138085,0.0,0.0,1.0,36.0
0.0,-585.2197210171628,-478.5260355967039,0.0,0.0,1.0,36.0
0.0,-593.0814389065081,-468.66044207376603,0.0,0.0,1.0,36.0
0.0,-625.7463950691421,-467.7925977701152,0.0,0.0,1.0,36.0
0.0,-573.6915437591337,-459.61936440234217,0.0,0.0,1.0,36.0
0.0,-585.8420250785687,-466.63564760550366,0.0,0.0,1.0,36.0
0.0,-597.2531720824134,-472.2345630052416,0.0,0.0,1.0,36.0
0.0,-597.4157964800792,-465.3128422577961,0.0,0.0,1.0,36.0
0.0,-599.0989501369264,-488.99972450870575,0.0,0.0,1.0,36.0
0.0,-587.07611861078,-494.9938043827732,0.0,0.0,1.0,36.0
0.0,-602.3341865050954,-470.5777977178834,0.0,0.0,1.0,36.0
0.0,-578.8905362502593,-485.8141310098116,0.0,0.0,1.0,36.0
0.0,-629.8534902514414,-494.4737708800602,0.0,0.0,1.0,36.0
0.0,-609.17132212079,-465.0591741677973,0.0,0.0,1.0,36.0
0.0,-628.9252740408263,-432.47100658032184,0.0,0.0,1.0,36.0
0.0,-576.0101880570417,-418.1366664961739,0.0,0.0,1.0,36.0
0.0,-585.6123471456855,-406.0220328123643,0.0,0.0,1.0,36.0
0.0,-592.4377713530789,-426.95774510178865,0.0,0.0,1.0,36.0
0.0,-592.0959279372944,-438.17302523862145,0.0,0.0,1.0,36.0
0.0,-544.2733290998589,-411.7903394516594,0.0,0.0,1.0,36.0
0.0,-575.1500313159698,-398.6351102003704,0.0,0.0,1.0,36.0
0.0,-596.8782822704844,-402.7901277265556,0.0,0.0,1.0,36.0
0.0,-585.9467046079205,-377.69791899484403,0.0,0.0,1.0,36.0
0.0,-581.4373596949614,-413.946021013297,0.0,0.0,1.0,36.0
0.0,-589.9264970736556,-433.17175333332,0.0,0.0,1.0,36.0
0.0,-581.5706405420004,-402.313777720128,0.0,0.0,1.0,36.0
0.0,-560.9400637729218,-413.93904964925923,0.0,0.0,1.0,36.0
0.0,-570.9371548063671,-387.715724309062,0.0,0.0,1.0,36.0
0.0,-576.765220663215,-425.9618501950292,0.0,0.0,1.0,36.0
0.0,-586.5674769492863,-400.0738450804522,0.0,0.0,1.0,36.0
0.0,-570.3336350520198,-414.9516125675525,0.0,0.0,1.0,36.0
0.0,-582.0512751349061,-446.40345232415325,0.0,0.0,1.0,36.0
0.0,-580.6174582729727,-393.53116882265795,0.0,0.0,1.0,36.0
0.0,-562.9746071367709,-420.3734054127358,0.0,0.0,1.0,36.0
0.0,-579.5523796956586,-424.0157016660222,0.0,0.0,1.0,36.0
0.0,-666.425283308772,-373.19294609029726,0.0,0.0,1.0,36.0
0.0,-561.7476220758481,-412.83664802687144,0.0,0.0,1.0,36.0
0.0,-580.215789011548,-439.8174625538925,0.0,0.0,1.0,36.0
0.0,-577.4903632866035,-399.12711522824657,0.0,0.0,1.0,36.0
0.0,-574.6040138458999,-405.040128542837,0.0,0.0,1.0,36.0
0.0,-565.4178380038242,-400.62911150827586,0.0,0.0,1.0,36.0
0.0,-567.4602766269699,-431.0905878182848,0.0,0.0,1.0,36.0
0.0,-601.6269845551425,-411.51379415939414,0.0,0.0,1.0,36.0
0.0,-552.9987573878625,-421.2912580230826,0.0,0.0,1.0,36.0
0.0,-618.2863364929922,-387.6720167052465,0.0,0.0,1.0,36.0
0.0,-577.2672217579561,-412.203454635094,0.0,0.0,1.0,36.0
0.0,-629.5599499390379,-417.19709939858217,0.0,0.0,1.0,36.0
0.0,-580.1500383231781,-413.1428305703113,0.0,0.0,1.0,36.0
0.0,-579.4000415483393,-408.2525733729236,0.0,0.0,1.0,36.0
0.0,-555.6775070105664,-412.4466719303483,0.0,0.0,1.0,36.0
0.0,-569.102870808229,-415.12478348183413,0.0,0.0,1.0,36.0
0.0,-614.7541671602663,-458.07725461626796,0.0,0.0,1.0,36.0
0.0,-578.9107170006098,-416.6137858455828,0.0,0.0,1.0,36.0
0.0,-593.5301559945908,-436.45900969105287,0.0,0.0,1.0,36.0
0.0,-581.4284441501262,-410.82535342865333,0.0,0.0,1.0,36.0
0.0,-565.4137428332367,-414.8288816114235,0.0,0.0,1.0,36.0
0.0,-588.0115536314726,-441.2910176463005,0.0,0.0,1.0,36.0
0.0,-573.5627829748884,-404.3914669962785,0.0,0.0,1.0,36.0
0.0,-575.7064301087272,-417.26443284918037,0.0,0.0,1.0,36.0
0.0,-577.1772004686101,-397.1040779490879,0.0,0.0,1.0,36.0
0.0,-572.1334984799873,-406.9332045991996,0.0,0.0,1.0,36.0
0.0,-602.2078873330091,-403.21147716471364,0.0,0.0,1.0,36.0
0.0,-584.6562033737972,-382.1084553125994,0.0,0.0,1.0,36.0
0.0,-578.778669208887,-406.0704968066344,0.0,0.0,1.0,36.0
0.0,-558.2216609493538,-375.63985981927055,0.0,0.0,1.0,36.0
0.0,-547.8329822986525,-380.6015066342045,0.0,0.0,1.0,36.0
0.0,-636.5062004369205,-394.83219727858227,0.0,0.0,1.0,36.0
0.0,-559.5175830058794,-380.4256917344612,0.0,0.0,1.0,36.0
0.0,-641.7076388732557,-320.5300445132398,0.0,0.0,1.0,36.0
0.0,-642.1297366773748,-332.49213752336163,0.0,0.0,1.0,36.0
0.0,-660.7534356867893,-348.0192391082319,0.0,0.0,1.0,36.0
0.0,-633.8943444446356,-329.5729766952361,0.0,0.0,1.0,36.0
0.0,-649.0606070862455,-329.1644413975016,0.0,0.0,1.0,36.0
0.0,-658.7390127935302,-342.5721228835944,0.0,0.0,1.0,36.0
0.0,-653.6124360276099,-321.9591949480184,0.0,0.0,1.0,36.0
0.0,-658.1947909597578,-341.35811782049313,0.0,0.0,1.0,36.0
0.0,-630.8485981038012,-306.9950842694134,0.0,0.0,1.0,36.0
0.0,-648.9278619545142,-368.9258425811422,0.0,0.0,1.0,36.0
0.0,-659.9124702069645,-290.307907855567,0.0,0.0,1.0,36.0
0.0,-669.4396405374432,-311.9513987748096,0.0,0.0,1.0,36.0
0.0,-644.6181923704457,-327.9495840733132,0.0,0.0,1.0,36.0
0.0,-627.0539258452343,-310.78931016193746,0.0,0.0,1.0,36.0
0.0,-656.8415714907815,-314.9916583469567,0.0,0.0,1.0,36.0
0.0,-637.8684213699589,-311.12421333970406,0.0,0.0,1.0,36.0
0.0,-633.6166363812769,-358.74554092391736,0.0,0.0,1.0,36.0
0.0,-651.3044425837273,-308.9960691027045,0.0,0.0,1.0,36.0
0.0,-647.7223691200559,-349.0619034863706,0.0,0.0,1.0,36.0
0.0,-639.7165321789469,-339.32356848031213,0.0,0.0,1.0,36.0
0.0,-612.3824993094155,-313.6485865846903,0.0,0.0,1.0,36.0
0.0,-623.6490923919356,-383.887604624005,0.0,0.0,1.0,36.0
0.0,-646.2584565257512,-315.8930339303638,0.0,0.0,1.0,36.0
0.0,-643.2843183178958,-315.0814701026343,0.0,0.0,1.0,36.0
0.0,-641.3850739280166,-350.78314893557786,0.0,0.0,1.0,36.0
0.0,-660.2667770142086,-348.90270133559306,0.0,0.0,1.0,36.0
0.0,-656.9622532641858,-336.1092672013191,0.0,0.0,1.0,36.0
0.0,-648.7655376747498,-355.38877809663643,0.0,0.0,1.0,36.0
0.0,-657.5893179816485,-339.91227056311754,0.0,0.0,1.0,36.0
0.0,-705.2510556906858,-338.0715221809363,0.0,0.0,1.0,36.0
0.0,-707.7155024813527,-349.65654866153363,0.0,0.0,1.0,36.0
0.0,-690.0379733086909,-341.4146006432477,0.0,0.0,1.0,36.0
0.0,-736.6065219554222,-353.5183152497093,0.0,0.0,1.0,36.0
0.0,-717.2489053959442,-371.5509416406188,0.0,0.0,1.0,36.0
0.0,-689.968073015047,-360.307582237803,0.0,0.0,1.0,36.0
0.0,-690.9357632882719,-385.3336479189984,0.0,0.0,1.0,36.0
0.0,-697.7189710454821,-368.67161207689037,0.0,0.0,1.0,36.0
0.0,-725.5428554893305,-356.7595942921977,0.0,0.0,1.0,36.0
0.0,-698.1742556172795,-360.40179996721884,0.0,0.0,1.0,36.0
0.0,-703.5733132417975,-317.6445021233135,0.0,0.0,1.0,36.0
0.0,-699.7678032513409,-353.8167220310145,0.0,0.0,1.0,36.0
0.0,-708.0661851775516,-353.0763602976041,0.0,0.0,1.0,36.0
0.0,-708.5388860785642,-336.39578822334306,0.0,0.0,1.0,36.0
0.0,-731.2942098871436,-388.5908216388582,0.0,0.0,1.0,36.0
0.0,-721.0006754839089,-357.2781111590648,0.0,0.0,1.0,36.0
0.0,-706.8314853436507,-339.8162742415825,0.0,0.0,1.0,36.0
0.0,-677.9075794949271,-391.6943021477273,0.0,0.0,1.0,36.0
0.0,-730.7538377995497,-398.4914734248282,0.0,0.0,1.0,36.0
0.0,-699.1477641886719,-341.2574634168019,0.0,0.0,1.0,36.0
0.0,-704.642434441793,-337.1969828753206,0.0,0.0,1.0,36.0
0.0,-709.3757922911724,-334.5340629815828,0.0,0.0,1.0,36.0
0.0,-697.5179604421126,-340.8511808302858,0.0,0.0,1.0,36.0
0.0,-720.545245263692,-353.1200204473548,0.0,0.0,1.0,36.0
0.0,-726.5289044760469,-339.61591326063717,0.0,0.0,1.0,36.0
0.0,-705.1683472966505,-362.44407889360184,0.0,0.0,1.0,36.0
0.0,-690.5819253400545,-328.8589704643555,0.0,0.0,1.0,36.0
0.0,-720.9281468865946,-338.7104735732835,0.0,0.0,1.0,36.0
0.0,-742.4517607208554,-354.3211632311604,0.0,0.0,1.0,36.0
0.0,-673.5683085448296,-353.6528863337476,0.0,0.0,1.0,36.0
0.0,-693.9258486153104,-358.6039474009033,0.0,0.0,1.0,36.0
0.0,-740.2486438570797,-408.3740805883526,0.0,0.0,1.0,36.0
0.0,-742.5569531957169,-394.2910386777917,0.0,0.0,1.0,36.0
0.0,-699.1312495412307,-444.53005765250396,0.0,0.0,1.0,36.0
0.0,-727.766919321341,-417.57219677699015,0.0,0.0,1.0,36.0
0.0,-731.8235002215849,-396.76078012149105,0.0,0.0,1.0,36.0
0.0,-672.2123763121049,-451.11257659781904,0.0,0.0,1.0,36.0
0.0,-764.004551797595,-393.15060443059144,0.0,0.0,1.0,36.0
0.0,-736.8297905298728,-409.37294534944726,0.0,0.0,1.0,36.0
0.0,-718.7550331349448,-408.4949927638406,0.0,0.0,1.0,36.0
0.0,-751.937789513233,-360.8223825180985,0.0,0.0,1.0,36.0
0.0,-724.0517803250292,-388.28781267105694,0.0,0.0,1.0,36.0
0.0,-719.5608657668812,-371.37184342092064,0.0,0.0,1.0,36.0
0.0,-737.1397377442707,-402.33446433404345,0.0,0.0,1.0,36.0
0.0,-718.7377019430162,-397.40947762985525,0.0,0.0,1.0,36.0
0.0,-734.5651859479394,-392.86655812914705,0.0,0.0,1.0,36.0
0.0,-730.1137056042616,-440.89755672975707,0.0,0.0,1.0,36.0
0.0,-697.6596590388722,-412.2228494943056,0.0,0.0,1.0,36.0
0.0,-733.7175123659483,-424.3548650949966,0.0,0.0,1.0,36.0
0.0,-724.5668320981123,-393.76755550073904,0.0,0.0,1.0,36.0
0.0,-733.6698914691616,-361.37037022447794,0.0,0.0,1.0,36.0
0.0,-735.3723024758596,-403.8929510663986,0.0,0.0,1.0,36.0
0.0,-745.5042186976559,-396.57732385469785,0.0,0.0,1.0,36.0
0.0,-749.2025417901596,-424.647835536619,0.0,0.0,1.0,36.0
0.0,-742.9546260402396,-414.5874707082854,0.0,0.0,1.0,36.0
0.0,-754.4443617660572,-373.8792003109397,0.0,0.0,1.0,36.0
0.0,-685.9359671963388,-454.3767492560571,0.0,0.0,1.0,36.0
0.0,-721.7183519844491,-393.2115929099414,0.0,0.0,1.0,36.0
0.0,-709.9326385486148,-411.75063715232386,0.0,0.0,1.0,36.0
0.0,-723.5379646168531,-436.7812146062288,0.0,0.0,1.0,36.0
0.0,-411.3746290502992,-516.8194391700434,0.0,0.0,1.0,37.0
0.0,-401.4916559889434,-524.3429643159221,0.0,0.0,1.0,37.0
0.0,-426.8339599851863,-516.7632016905395,0.0,0.0,1.0,37.0
0.0,-378.11453983524757,-542.8990426971772,0.0,0.0,1.0,37.0
0.0,-424.5670723120586,-580.2831920828044,0.0,0.0,1.0,37.0
0.0,-418.87852216639567,-525.3665977023685,0.0,0.0,1.0,37.0
0.0,-432.87433478763444,-498.5521905424009,0.0,0.0,1.0,37.0
0.0,-402.43177473480534,-508.6888029792286,0.0,0.0,1.0,37.0
0.0,-414.99189043829097,-491.70968661870506,0.0,0.0,1.0,37.0
0.0,-373.218572576945,-534.6302308200507,0.0,0.0,1.0,37.0
0.0,-396.90604139582024,-524.2169189251085,0.0,0.0,1.0,37.0
0.0,-427.6072241679125,-484.8149973678687,0.0,0.0,1.0,37.0
0.0,-401.30452882504756,-536.2010305803933,0.0,0.0,1.0,37.0
0.0,-396.6207948565416,-538.9287577685869,0.0,0.0,1.0,37.0
0.0,-387.10168988537123,-538.4342100669088,0.0,0.0,1.0,37.0
0.0,-427.37794806505167,-506.0219760823925,0.0,0.0,1.0,37.0
0.0,-388.281703218247,-517.8676798047748,0.0,0.0,1.0,37.0
0.0,-441.411139364885,-480.8031222632982,0.0,0.0,1.0,37.0
0.0,-413.8507069646274,-505.190157991805,0.0,0.0,1.0,37.0
0.0,-383.95385622170807,-501.6553584614903,0.0,0.0,1.0,37.0
0.0,-415.5999679755896,-511.14167916356575,0.0,0.0,1.0,37.0
0.0,-399.40527535097624,-523.4561198336968,0.0,0.0,1.0,37.0
0.0,-386.6962524202984,-514.1302246970364,0.0,0.0,1.0,37.0
0.0,-465.5129340842159,-552.3967712792156,0.0,0.0,1.0,37.0
0.0,-412.2620415209889,-577.9502187605839,0.0,0.0,1.0,37.0
0.0,-407.23205373928306,-526.3501860122689,0.0,0.0,1.0,37.0
0.0,-436.64313795441944,-509.4120370533917,0.0,0.0,1.0,37.0
0.0,-434.2903365404384,-518.2811879449409,0.0,0.0,1.0,37.0
0.0,-411.0452373300519,-546.0033455233303,0.0,0.0,1.0,37.0
0.0,-458.8607294390208,-524.4195363042766,0.0,0.0,1.0,37.0
0.0,-393.8074077666265,-499.93936360051714,0.0,0.0,1.0,37.0
0.0,-416.95415157663933,-516.5683509908519,0.0,0.0,1.0,37.0
0.0,-458.7033087524188,-488.17845169290615,0.0,0.0,1.0,37.0
0.0,-390.7800511299996,-518.4615981462595,0.0,0.0,1.0,37.0
0.0,-397.09647449673594,-526.6217283217437,0.0,0.0,1.0,37.0
0.0,-396.6784526129022,-504.3784273860433,0.0,0.0,1.0,37.0
0.0,-422.9255124741377,-540.0123369456875,0.0,0.0,1.0,37.0
0.0,-412.4193633228085,-500.4481342794817,0.0,0.0,1.0,37.0
0.0,-421.1801213719149,-526.4822467247789,0.0,0.0,1.0,37.0
0.0,-417.7023167713612,-513.0863368709377,0.0,0.0,1.0,37.0
0.0,-373.5170760626404,-546.8831282721268,0.0,0.0,1.0,37.0
0.0,-409.289073585296,-494.89126136348284,0.0,0.0,1.0,37.0
0.0,-408.3450335364838,-514.6473502564138,0.0,0.0,1.0,37.0
0.0,-407.8318428843121,-530.446617607266,0.0,0.0,1.0,37.0
0.0,-386.58549309178557,-537.2590930734968,0.0,0.0,1.0,37.0
0.0,-429.89178977850815,-478.262164209597,0.0,0.0,1.0,37.0
0.0,-404.44513841171465,-498.4772031524849,0.0,0.0,1.0,37.0
0.0,-404.1148699615819,-529.5752155563983,0.0,0.0,1.0,37.0
0.0,-414.72980604027725,-519.0520907231636,0.0,0.0,1.0,37.0
0.0,-480.06569930056673,-537.2834612518982,0.0,0.0,1.0,37.0
0.0,-443.3504189175503,-473.9353269711821,0.0,0.0,1.0,37.0
0.0,-487.5031227427828,-458.4720208218704,0.0,0.0,1.0,37.0
0.0,-460.40531332842124,-479.62976525527847,0.0,0.0,1.0,37.0
0.0,-454.1967798023552,-461.551456534297,0.0,0.0,1.0,37.0
0.0,-472.2234547873594,-498.28609154896674,0.0,0.0,1.0,37.0
0.0,-470.12513439706686,-473.39273042281957,0.0,0.0,1.0,37.0
0.0,-424.0224847578547,-491.71712498664635,0.0,0.0,1.0,37.0
0.0,-468.1276073713352,-491.1817539824059,0.0,0.0,1.0,37.0
0.0,-494.7892254141599,-490.97425688434987,0.0,0.0,1.0,37.0
0.0,-443.945536966095,-481.36371520529156,0.0,0.0,1.0,37.0
0.0,-435.40104279609204,-489.9942583835143,0.0,0.0,1.0,37.0
0.0,-415.7218344492933,-474.0528966322988,0.0,0.0,1.0,37.0
0.0,-447.136412338931,-481.79567751701404,0.0,0.0,1.0,37.0
0.0,-472.0448872522402,-487.64862876334416,0.0,0.0,1.0,37.0
0.0,-429.8303699759027,-446.67413720553907,0.0,0.0,1.0,37.0
0.0,-454.0529390869374,-481.5099894994836,0.0,0.0,1.0,37.0
0.0,-439.833866398347,-483.1469088988873,0.0,0.0,1.0,37.0
0.0,-464.073001602683,-463.74911351446394,0.0,0.0,1.0,37.0
0.0,-445.47818030600115,-443.4074208182527,0.0,0.0,1.0,37.0
0.0,-454.94524069056797,-469.99042760770965,0.0,0.0,1.0,37.0
0.0,-457.78373890904163,-485.6574825143193,0.0,0.0,1.0,37.0
0.0,-414.1193078848198,-489.6117497476647,0.0,0.0,1.0,37.0
0.0,-425.4220963909813,-488.16964661596273,0.0,0.0,1.0,37.0
0.0,-456.3451141787933,-499.5931811727145,0.0,0.0,1.0,37.0
0.0,-445.1585998863362,-466.7748699004163,0.0,0.0,1.0,37.0
0.0,-447.4286880520234,-472.75894611911485,0.0,0.0,1.0,37.0
0.0,-444.385090093671,-455.126993133793,0.0,0.0,1.0,37.0
0.0,-441.5402448870873,-484.4475041113434,0.0,0.0,1.0,37.0
0.0,-434.55569850730444,-471.979996586771,0.0,0.0,1.0,37.0
0.0,-429.82166570299046,-482.8150941464262,0.0,0.0,1.0,37.0
0.0,-450.21571029266215,-497.0713420775704,0.0,0.0,1.0,37.0
0.0,-449.3646832742427,-491.21354056579423,0.0,0.0,1.0,37.0
0.0,-469.62274212457555,-462.96296102103383,0.0,0.0,1.0,37.0
0.0,-490.39893085016024,-437.57141275566323,0.0,0.0,1.0,37.0
0.0,-513.5787577726545,-442.37503866807685,0.0,0.0,1.0,37.0
0.0,-538.9163455377407,-491.9593672496608,0.0,0.0,1.0,37.0
0.0,-504.5252802097939,-476.21727187880174,0.0,0.0,1.0,37.0
0.0,-528.4178982570336,-459.38903109912576,0.0,0.0,1.0,37.0
0.0,-506.01123407625096,-473.6669146368282,0.0,0.0,1.0,37.0
0.0,-497.79262239383695,-476.49476328293645,0.0,0.0,1.0,37.0
0.0,-508.4731491893748,-463.1139893192026,0.0,0.0,1.0,37.0
0.0,-493.7420338516124,-472.2812410954657,0.0,0.0,1.0,37.0
0.0,-540.2149824617995,-479.26979108615546,0.0,0.0,1.0,37.0
0.0,-478.13131641692985,-497.11042939276433,0.0,0.0,1.0,37.0
0.0,-501.44172789178253,-453.48516126289803,0.0,0.0,1.0,37.0
0.0,-502.976341059309,-457.87495686976274,0.0,0.0,1.0,37.0
0.0,-482.7184379887202,-485.2183653394143,0.0,0.0,1.0,37.0
0.0,-494.3157965541375,-470.19816414538946,0.0,0.0,1.0,37.0
0.0,-522.2964879577878,-465.8815233421984,0.0,0.0,1.0,37.0
0.0,-515.4563140385994,-474.90743387351324,0.0,0.0,1.0,37.0
0.0,-492.00323592426116,-494.56193920360397,0.0,0.0,1.0,37.0
0.0,-525.6866362341522,-455.879740758711,0.0,0.0,1.0,37.0
0.0,-489.47268166417643,-445.30431627481073,0.0,0.0,1.0,37.0
0.0,-518.7897128741522,-449.7245206684578,0.0,0.0,1.0,37.0
0.0,-504.69137122994323,-490.14266935100886,0.0,0.0,1.0,37.0
0.0,-490.6556124615763,-475.762574853341,0.0,0.0,1.0,37.0
0.0,-509.52731603782104,-467.2178736110541,0.0,0.0,1.0,37.0
0.0,-514.394260207989,-452.5002093588728,0.0,0.0,1.0,37.0
0.0,-556.5486066240965,-512.3247428557556,0.0,0.0,1.0,37.0
0.0,-518.5973462915956,-502.1305580938415,0.0,0.0,1.0,37.0
0.0,-538.6830597230686,-518.3257079914916,0.0,0.0,1.0,37.0
0.0,-493.70173397040776,-543.6391502389216,0.0,0.0,1.0,37.0
0.0,-548.877017624247,-481.18605119655115,0.0,0.0,1.0,37.0
0.0,-486.2473064282475,-472.54244116729126,0.0,0.0,1.0,37.0
0.0,-526.8760262709718,-492.5445682802481,0.0,0.0,1.0,37.0
0.0,-550.2595517513666,-475.39250789707853,0.0,0.0,1.0,37.0
0.0,-542.8385698647533,-504.9752516275738,0.0,0.0,1.0,37.0
0.0,-540.5311540066232,-515.0149511022803,0.0,0.0,1.0,37.0
0.0,-542.9739525866291,-547.2613169992111,0.0,0.0,1.0,37.0
0.0,-547.7194115534011,-518.3581814799168,0.0,0.0,1.0,37.0
0.0,-549.8154468320158,-523.286220577037,0.0,0.0,1.0,37.0
0.0,-582.5845194572593,-526.2016094904693,0.0,0.0,1.0,37.0
0.0,-537.8769556122895,-508.1350566219214,0.0,0.0,1.0,37.0
0.0,-528.8487160019437,-505.72192433599787,0.0,0.0,1.0,37.0
0.0,-525.4678542692305,-506.6470582559002,0.0,0.0,1.0,37.0
0.0,-557.2675973734687,-490.30671973482924,0.0,0.0,1.0,37.0
0.0,-564.5479030816239,-510.83771092753545,0.0,0.0,1.0,37.0
0.0,-557.4507525931584,-572.2480060816265,0.0,0.0,1.0,37.0
0.0,-564.7064702333357,-579.9497762454137,0.0,0.0,1.0,37.0
0.0,-570.8034764516696,-568.0842133918701,0.0,0.0,1.0,37.0
0.0,-533.016138092445,-576.6725711079341,0.0,0.0,1.0,37.0
0.0,-503.05392846185464,-583.9259736387792,0.0,0.0,1.0,37.0
0.0,-531.9013014900743,-569.1420178049707,0.0,0.0,1.0,37.0
0.0,-545.5811942945151,-585.3517845639324,0.0,0.0,1.0,37.0
0.0,-555.1246815913349,-560.3456465574415,0.0,0.0,1.0,37.0
0.0,-552.8775447056141,-589.7303754661026,0.0,0.0,1.0,37.0
0.0,-589.771206343369,-577.1804647366281,0.0,0.0,1.0,37.0
0.0,-563.0570578780031,-582.0092007686565,0.0,0.0,1.0,37.0
0.0,-584.038011655317,-560.8805322222097,0.0,0.0,1.0,37.0
0.0,-552.6919933472643,-559.7091874677535,0.0,0.0,1.0,37.0
0.0,-554.5657266604109,-568.2103153565744,0.0,0.0,1.0,37.0
0.0,-539.4011344541218,-593.9535918766721,0.0,0.0,1.0,37.0
0.0,-533.6843215560478,-557.41548075923,0.0,0.0,1.0,37.0
0.0,-565.4778601461013,-577.9863982356985,0.0,0.0,1.0,37.0
0.0,-549.2139121808982,-584.9091518857326,0.0,0.0,1.0,37.0
0.0,-569.3611196923122,-591.1006440368842,0.0,0.0,1.0,37.0
0.0,-561.5746322502303,-542.7664459273432,0.0,0.0,1.0,37.0
0.0,-567.0584131062848,-573.3559320487952,0.0,0.0,1.0,37.0
0.0,-528.2889849647873,-563.0685706162993,0.0,0.0,1.0,37.0
0.0,-547.5170996797807,-593.0351521525902,0.0,0.0,1.0,37.0
0.0,-549.4351933671176,-556.3771917871412,0.0,0.0,1.0,37.0
0.0,-557.6665142914428,-572.3552564102623,0.0,0.0,1.0,37.0
0.0,-531.6390473678221,-566.2479855590818,0.0,0.0,1.0,37.0
0.0,-561.8224571912344,-569.442096763409,0.0,0.0,1.0,37.0
0.0,-537.1553305737878,-553.438010761394,0.0,0.0,1.0,37.0
0.0,-523.1397819542123,-563.0850156095859,0.0,0.0,1.0,37.0
0.0,-565.6027298111886,-608.9645243932944,0.0,0.0,1.0,37.0
0.0,-528.5932025484616,-566.010958831451,0.0,0.0,1.0,37.0
0.0,-523.6000268433648,-589.4959050911962,0.0,0.0,1.0,37.0
0.0,-554.9890629693427,-569.1408409831971,0.0,0.0,1.0,37.0
0.0,-555.662113625397,-595.2652481208038,0.0,0.0,1.0,37.0
0.0,-561.2145949875718,-579.3471409362802,0.0,0.0,1.0,37.0
0.0,-558.8615178780491,-595.5303398267121,0.0,0.0,1.0,37.0
0.0,-540.0426930584719,-578.3315938602991,0.0,0.0,1.0,37.0
0.0,-546.533424624717,-582.1342117079221,0.0,0.0,1.0,37.0
0.0,-537.682264024139,-611.1075623784358,0.0,0.0,1.0,37.0
0.0,-486.09763989696023,-590.757178056048,0.0,0.0,1.0,37.0
0.0,-532.935650274649,-598.0379532263693,0.0,0.0,1.0,37.0
0.0,-467.0300787492679,-608.041630575597,0.0,0.0,1.0,37.0
0.0,-499.9759326110683,-636.1057382335749,0.0,0.0,1.0,37.0
0.0,-507.5559376904632,-638.2149428170493,0.0,0.0,1.0,37.0
0.0,-547.0062743635912,-623.8438455526604,0.0,0.0,1.0,37.0
0.0,-508.3590486012188,-579.4773281899123,0.0,0.0,1.0,37.0
0.0,-505.9513399021258,-606.1863641022818,0.0,0.0,1.0,37.0
0.0,-537.4749637703782,-612.3204821357082,0.0,0.0,1.0,37.0
0.0,-524.0668145132371,-610.5895173843483,0.0,0.0,1.0,37.0
0.0,-505.9166957144432,-633.5373061938609,0.0,0.0,1.0,37.0
0.0,-504.9659771616124,-616.7945416914197,0.0,0.0,1.0,37.0
0.0,-447.7841133108941,-653.829696266347,0.0,0.0,1.0,37.0
0.0,-521.1591462279696,-632.7325050067026,0.0,0.0,1.0,37.0
0.0,-521.6123416349216,-634.7234939540442,0.0,0.0,1.0,37.0
0.0,-475.9552575311998,-569.7366864071884,0.0,0.0,1.0,37.0
0.0,-520.8870287256108,-584.9823997113532,0.0,0.0,1.0,37.0
0.0,-518.0870317601543,-613.0130691310004,0.0,0.0,1.0,37.0
0.0,-509.2660873330967,-615.4115558407884,0.0,0.0,1.0,37.0
0.0,-528.5384225701257,-577.7559303623897,0.0,0.0,1.0,37.0
0.0,-507.86662580749044,-606.333382538575,0.0,0.0,1.0,37.0
0.0,-448.84096426629856,-582.1793076967388,0.0,0.0,1.0,37.0
0.0,-538.2256226668428,-599.4537820609382,0.0,0.0,1.0,37.0
0.0,-489.0375278667433,-599.9317912681478,0.0,0.0,1.0,37.0
0.0,-468.6581227422296,-634.7164811467574,0.0,0.0,1.0,37.0
0.0,-438.16590481202206,-594.4754132188798,0.0,0.0,1.0,37.0
0.0,-450.8943890732039,-612.8671388881592,0.0,0.0,1.0,37.0
0.0,-448.3302543198897,-640.6421038875815,0.0,0.0,1.0,37.0
0.0,-459.7567095331643,-621.2338717940919,0.0,0.0,1.0,37.0
0.0,-477.5284330089546,-595.4744345804438,0.0,0.0,1.0,37.0
0.0,-405.0258969722478,-557.4894223202792,0.0,0.0,1.0,37.0
0.0,-449.5467069613843,-578.4414657443943,0.0,0.0,1.0,37.0
0.0,-448.97872582868774,-615.6313775441312,0.0,0.0,1.0,37.0
0.0,-421.67811980502086,-611.1099839563066,0.0,0.0,1.0,37.0
0.0,-425.47719975019186,-630.4835400086818,0.0,0.0,1.0,37.0
0.0,-450.7885995257918,-621.5363792480672,0.0,0.0,1.0,37.0
0.0,-429.85751799550644,-627.029178889764,0.0,0.0,1.0,37.0
0.0,-433.48141829099745,-593.146708495055,0.0,0.0,1.0,37.0
0.0,-470.38255689831533,-639.9864026416329,0.0,0.0,1.0,37.0
0.0,-463.35187878752845,-613.8165374459825,0.0,0.0,1.0,37.0
0.0,-477.3097754484327,-594.1271213242825,0.0,0.0,1.0,37.0
0.0,-485.7134760984695,-638.5775844501682,0.0,0.0,1.0,37.0
0.0,-460.58223768764833,-607.5132742304205,0.0,0.0,1.0,37.0
0.0,-428.04372668946814,-614.1953619398076,0.0,0.0,1.0,37.0
0.0,-442.11038363181524,-621.5082193304376,0.0,0.0,1.0,37.0
0.0,-452.50444971009915,-624.1087059362868,0.0,0.0,1.0,37.0
0.0,-439.0635536750764,-628.1662385795414,0.0,0.0,1.0,37.0
0.0,-462.93332210983453,-628.5687292853848,0.0,0.0,1.0,37.0
0.0,-487.56735405430845,-566.2216186199955,0.0,0.0,1.0,37.0
0.0,-468.36875731608643,-614.7803024833992,0.0,0.0,1.0,37.0
0.0,-476.0119145749733,-611.8791155681214,0.0,0.0,1.0,37.0
0.0,-467.2145248403583,-595.2373928615065,0.0,0.0,1.0,37.0
0.0,-455.4752654646412,-562.8596904814849,0.0,0.0,1.0,37.0
0.0,-424.2006944730223,-611.835964527586,0.0,0.0,1.0,37.0
0.0,-450.7797180243798,-600.5911585737537,0.0,0.0,1.0,37.0
0.0,-420.70048587574615,-580.1134281534123,0.0,0.0,1.0,37.0
0.0,-397.1056161678988,-561.6158731028663,0.0,0.0,1.0,37.0
0.0,-442.07155780202663,-577.4917545473393,0.0,0.0,1.0,37.0
0.0,-392.9931412639321,-578.8754732117834,0.0,0.0,1.0,37.0
0.0,-424.0093210806582,-574.4956354891841,0.0,0.0,1.0,37.0
0.0,-400.1051361153093,-554.2609487986944,0.0,0.0,1.0,37.0
0.0,-409.47337991727,-529.8837544406131,0.0,0.0,1.0,37.0
0.0,-400.3694348532158,-557.0125069475456,0.0,0.0,1.0,37.0
0.0,-423.42661402537556,-589.2284348931321,0.0,0.0,1.0,37.0
0.0,-396.37989951378677,-589.7356985863094,0.0,0.0,1.0,37.0
0.0,-412.3844777968584,-575.3726035659796,0.0,0.0,1.0,37.0
0.0,-410.40851978248315,-586.0927005183519,0.0,0.0,1.0,37.0
0.0,-407.1967593243355,-580.7994214221203,0.0,0.0,1.0,37.0
0.0,-393.22977757282547,-553.6717120737762,0.0,0.0,1.0,37.0
0.0,-410.0687767867371,-591.2446587203135,0.0,0.0,1.0,37.0
0.0,-376.4321711668176,-566.5152249619262,0.0,0.0,1.0,37.0
0.0,-411.6730349446684,-617.3402725308212,0.0,0.0,1.0,37.0
0.0,-447.29822376063737,-541.5871969768172,0.0,0.0,1.0,37.0
0.0,-414.2491518207769,-569.0081805812517,0.0,0.0,1.0,37.0
0.0,-467.5312045722917,-547.9597706901646,0.0,0.0,1.0,37.0
0.0,-412.2363971727234,-543.9834429720255,0.0,0.0,1.0,37.0
0.0,-427.5037224722315,-613.6707053163093,0.0,0.0,1.0,37.0
0.0,-418.1158095465039,-608.2161430652327,0.0,0.0,1.0,37.0
0.0,-426.61951744623207,-580.147119506229,0.0,0.0,1.0,37.0
0.0,-357.30199915156504,-624.9156787992282,0.0,0.0,1.0,38.0
0.0,-352.6729218054644,-607.2724362243622,0.0,0.0,1.0,38.0
0.0,-351.39098762555807,-612.0920668765734,0.0,0.0,1.0,38.0
0.0,-330.9167204560505,-621.9735295518279,0.0,0.0,1.0,38.0
0.0,-347.0941341033043,-592.6843823863201,0.0,0.0,1.0,38.0
0.0,-336.3473229841941,-684.4496477765884,0.0,0.0,1.0,38.0
0.0,-345.59359589952703,-594.4154991445545,0.0,0.0,1.0,38.0
0.0,-312.413956898936,-640.3300872398911,0.0,0.0,1.0,38.0
0.0,-338.9694597856069,-600.5647857357494,0.0,0.0,1.0,38.0
0.0,-342.14539413839157,-620.9069622819613,0.0,0.0,1.0,38.0
0.0,-341.35003363229566,-594.6774367290608,0.0,0.0,1.0,38.0
0.0,-365.82499002630016,-611.8342225959436,0.0,0.0,1.0,38.0
0.0,-342.6438702106652,-578.3375429256809,0.0,0.0,1.0,38.0
0.0,-353.7997914275727,-622.2127109491562,0.0,0.0,1.0,38.0
0.0,-341.54567523444985,-623.4165302040623,0.0,0.0,1.0,38.0
0.0,-335.1182429815375,-610.608435430859,0.0,0.0,1.0,38.0
0.0,-344.8600746400507,-606.1364942379887,0.0,0.0,1.0,38.0
0.0,-329.7327827362999,-611.4388459658443,0.0,0.0,1.0,38.0
0.0,-340.60203668448764,-609.8748213665508,0.0,0.0,1.0,38.0
0.0,-332.3822102394224,-622.6257068877776,0.0,0.0,1.0,38.0
0.0,-315.6228170160973,-608.0034516351404,0.0,0.0,1.0,38.0
0.0,-338.8658056808724,-608.0368803278122,0.0,0.0,1.0,38.0
0.0,-315.4446317706977,-612.8190778094852,0.0,0.0,1.0,38.0
0.0,-354.85350468301135,-608.7520355408591,0.0,0.0,1.0,38.0
0.0,-366.55819538806827,-601.1536781385227,0.0,0.0,1.0,38.0
0.0,-364.81068729994377,-614.285108981521,0.0,0.0,1.0,38.0
0.0,-298.42431944141526,-645.690237257863,0.0,0.0,1.0,38.0
0.0,-322.9581525477222,-600.3603931721113,0.0,0.0,1.0,38.0
0.0,-339.14573357313725,-621.2826235616187,0.0,0.0,1.0,38.0
0.0,-347.62779778599736,-636.1813047533514,0.0,0.0,1.0,38.0
0.0,-334.01001180467085,-671.6640239171097,0.0,0.0,1.0,38.0
0.0,-384.31068140270827,-646.5661974870196,0.0,0.0,1.0,38.0
0.0,-372.11100678946707,-656.1219441526962,0.0,0.0,1.0,38.0
0.0,-347.76759892472444,-635.4540764245003,0.0,0.0,1.0,38.0
0.0,-375.01571842927217,-672.281051635912,0.0,0.0,1.0,38.0
0.0,-380.10924967907624,-667.2404395880022,0.0,0.0,1.0,38.0
0.0,-371.34184778299186,-640.9395668851276,0.0,0.0,1.0,38.0
0.0,-366.0097279754409,-675.1411960853421,0.0,0.0,1.0,38.0
0.0,-387.84285492430377,-654.1103361514844,0.0,0.0,1.0,38.0
0.0,-344.71471005893875,-655.4704229968177,0.0,0.0,1.0,38.0
0.0,-371.890967991598,-743.8649978572332,0.0,0.0,1.0,38.0
0.0,-393.239901816117,-714.2159372499431,0.0,0.0,1.0,38.0
0.0,-381.6530945469474,-717.2958776528748,0.0,0.0,1.0,38.0
0.0,-317.5799428309342,-697.5923598809712,0.0,0.0,1.0,38.0
0.0,-377.2260825090491,-740.0025497900766,0.0,0.0,1.0,38.0
0.0,-389.79715953442474,-707.7003496018206,0.0,0.0,1.0,38.0
0.0,-412.1911559989626,-724.9286554063538,0.0,0.0,1.0,38.0
0.0,-364.2238184947071,-739.2168890893674,0.0,0.0,1.0,38.0
0.0,-374.1775873984552,-704.0519724743507,0.0,0.0,1.0,38.0
0.0,-381.78927051099754,-711.9630754681834,0.0,0.0,1.0,38.0
0.0,-397.22985768765693,-716.5418486731165,0.0,0.0,1.0,38.0
0.0,-386.81666964272245,-681.6157644506028,0.0,0.0,1.0,38.0
0.0,-375.8655244207538,-692.8729991879565,0.0,0.0,1.0,38.0
0.0,-364.1540920886396,-715.4721157398877,0.0,0.0,1.0,38.0
0.0,-374.1158579744274,-711.8952925089037,0.0,0.0,1.0,38.0
0.0,-402.19089862556496,-730.8159991977232,0.0,0.0,1.0,38.0
0.0,-383.41157981308413,-723.7906097806452,0.0,0.0,1.0,38.0
0.0,-410.0847697168783,-693.8630758266164,0.0,0.0,1.0,38.0
0.0,-380.6090648759184,-725.7029951654768,0.0,0.0,1.0,38.0
0.0,-359.9460472194926,-673.2240485509564,0.0,0.0,1.0,38.0
0.0,-397.80220922548506,-719.0790159200183,0.0,0.0,1.0,38.0
0.0,-364.5614931359685,-703.6053376499494,0.0,0.0,1.0,38.0
0.0,-390.57701241829113,-698.1693386962909,0.0,0.0,1.0,38.0
0.0,-372.160560261633,-699.7210350468263,0.0,0.0,1.0,38.0
0.0,-385.2471252107043,-704.4155639682181,0.0,0.0,1.0,38.0
0.0,-383.0022655339269,-683.0906190797891,0.0,0.0,1.0,38.0
0.0,-367.75250986369997,-735.1155967689563,0.0,0.0,1.0,38.0
0.0,-401.6507932673111,-732.6275828007183,0.0,0.0,1.0,38.0
0.0,-356.001237847732,-764.3093611914882,0.0,0.0,1.0,38.0
0.0,-331.1593726195945,-741.7253966691113,0.0,0.0,1.0,38.0
0.0,-350.7181439350568,-756.389538227414,0.0,0.0,1.0,38.0
0.0,-337.3576182577867,-771.3498561134302,0.0,0.0,1.0,38.0
0.0,-339.70171218265796,-724.4203189723697,0.0,0.0,1.0,38.0
0.0,-345.0551178434739,-741.6374013164118,0.0,0.0,1.0,38.0
0.0,-350.0888004315211,-740.719277761772,0.0,0.0,1.0,38.0
0.0,-331.2864416877446,-772.8462486570158,0.0,0.0,1.0,38.0
0.0,-341.02217618840086,-749.0109216054885,0.0,0.0,1.0,38.0
0.0,-352.4526217565467,-748.664692602507,0.0,0.0,1.0,38.0
0.0,-338.6282421637213,-759.8907028183703,0.0,0.0,1.0,38.0
0.0,-351.03159308296904,-746.772482847289,0.0,0.0,1.0,38.0
0.0,-330.2509016570307,-740.0403163719969,0.0,0.0,1.0,38.0
0.0,-325.53698858870666,-744.3964279414421,0.0,0.0,1.0,38.0
0.0,-342.85396964255665,-746.2401388412409,0.0,0.0,1.0,38.0
0.0,-344.73655248567684,-716.0246725514667,0.0,0.0,1.0,38.0
0.0,-340.1577102994638,-734.7049832174453,0.0,0.0,1.0,38.0
0.0,-333.6047561431096,-736.3788201824156,0.0,0.0,1.0,38.0
0.0,-339.89243223351446,-750.4974214736623,0.0,0.0,1.0,38.0
0.0,-337.7106712043741,-759.7494173492358,0.0,0.0,1.0,38.0
0.0,-332.3846607677991,-732.1583462516785,0.0,0.0,1.0,38.0
0.0,-349.741640821694,-722.8101609783813,0.0,0.0,1.0,38.0
0.0,-333.25281339379603,-768.0058860409364,0.0,0.0,1.0,38.0
0.0,-296.33280624938857,-742.3260670570983,0.0,0.0,1.0,38.0
0.0,-278.3785310350286,-688.1205867218481,0.0,0.0,1.0,38.0
0.0,-280.1357237541656,-760.743798705223,0.0,0.0,1.0,38.0
0.0,-267.182860791836,-752.1831441878652,0.0,0.0,1.0,38.0
0.0,-253.69980517106228,-687.3054164324544,0.0,0.0,1.0,38.0
0.0,-325.65546221436284,-737.8388337527261,0.0,0.0,1.0,38.0
0.0,-282.1812643451435,-754.5255731790478,0.0,0.0,1.0,38.0
0.0,-304.28606188137974,-756.3452771436328,0.0,0.0,1.0,38.0
0.0,-325.18326455242186,-759.2112038120827,0.0,0.0,1.0,38.0
0.0,-289.19737527463826,-747.2482284925878,0.0,0.0,1.0,38.0
0.0,-273.4494795698772,-731.7030383312546,0.0,0.0,1.0,38.0
0.0,-275.233220686865,-775.6571069326712,0.0,0.0,1.0,38.0
0.0,-347.2142326986709,-755.5316429275327,0.0,0.0,1.0,38.0
0.0,-286.0565399027928,-741.0940612592362,0.0,0.0,1.0,38.0
0.0,-284.2995239247166,-755.3674733865487,0.0,0.0,1.0,38.0
0.0,-313.3292367117931,-708.6955705165703,0.0,0.0,1.0,38.0
0.0,-274.90462471166643,-725.599024079638,0.0,0.0,1.0,38.0
0.0,-277.11244266023346,-730.9999230844222,0.0,0.0,1.0,38.0
0.0,-257.2363997752468,-733.1322900105506,0.0,0.0,1.0,38.0
0.0,-278.96934386920157,-744.5090822119096,0.0,0.0,1.0,38.0
0.0,-268.7097647474134,-761.2458365141728,0.0,0.0,1.0,38.0
0.0,-267.25896751990194,-733.5825945793558,0.0,0.0,1.0,38.0
0.0,-271.61357100940086,-752.114080325602,0.0,0.0,1.0,38.0
0.0,-300.86771798835207,-705.3261600732811,0.0,0.0,1.0,38.0
0.0,-272.6832212952695,-745.2229132814397,0.0,0.0,1.0,38.0
0.0,-276.8894483423742,-758.4284323733176,0.0,0.0,1.0,38.0
0.0,-306.35023963663,-730.8852585520793,0.0,0.0,1.0,38.0
0.0,-290.58472805342603,-753.6862993932198,0.0,0.0,1.0,38.0
0.0,-253.26972935895446,-702.2811409322954,0.0,0.0,1.0,38.0
0.0,-240.55266431382597,-693.3906371973766,0.0,0.0,1.0,38.0
0.0,-251.44164625165376,-708.4843956956668,0.0,0.0,1.0,38.0
0.0,-247.44598036513185,-701.7627326764144,0.0,0.0,1.0,38.0
0.0,-279.360300253438,-659.7490462719976,0.0,0.0,1.0,38.0
0.0,-287.8803645578578,-723.3533919565268,0.0,0.0,1.0,38.0
0.0,-270.80210405485354,-719.2034515818175,0.0,0.0,1.0,38.0
0.0,-259.64869463324453,-716.1466234982188,0.0,0.0,1.0,38.0
0.0,-250.37464238069015,-711.9696417463707,0.0,0.0,1.0,38.0
0.0,-247.13540830636225,-695.1970506087418,0.0,0.0,1.0,38.0
0.0,-229.48008802348477,-723.8922527538314,0.0,0.0,1.0,38.0
0.0,-255.69305536336947,-703.2071447533164,0.0,0.0,1.0,38.0
0.0,-324.4528391080769,-718.2567102511929,0.0,0.0,1.0,38.0
0.0,-258.1465672109473,-716.1857595130684,0.0,0.0,1.0,38.0
0.0,-247.18963224004642,-717.8875493171352,0.0,0.0,1.0,38.0
0.0,-232.7632159401976,-716.3851930109718,0.0,0.0,1.0,38.0
0.0,-284.6949201781579,-715.590665140726,0.0,0.0,1.0,38.0
0.0,-250.2641674399763,-696.4416485672756,0.0,0.0,1.0,38.0
0.0,-255.43815309431307,-701.0123058179116,0.0,0.0,1.0,38.0
0.0,-262.48699687831777,-705.8064661821601,0.0,0.0,1.0,38.0
0.0,-246.96960397736643,-699.4904536500612,0.0,0.0,1.0,38.0
0.0,-226.47499743224535,-728.6489005889139,0.0,0.0,1.0,38.0
0.0,-246.20913474071995,-706.7022163201108,0.0,0.0,1.0,38.0
0.0,-232.55108942222455,-718.091699363516,0.0,0.0,1.0,38.0
0.0,-302.33484419690603,-704.9462000152291,0.0,0.0,1.0,38.0
0.0,-244.20604958109197,-664.1350278248937,0.0,0.0,1.0,38.0
0.0,-238.94979547532466,-672.6293348922592,0.0,0.0,1.0,38.0
0.0,-226.42622920555164,-691.8498790552013,0.0,0.0,1.0,38.0
0.0,-259.2785819838655,-643.9932858695986,0.0,0.0,1.0,38.0
0.0,-250.10082209449274,-648.3735746009444,0.0,0.0,1.0,38.0
0.0,-244.7151702339579,-640.1260602622928,0.0,0.0,1.0,38.0
0.0,-254.27824004718286,-671.7050832076021,0.0,0.0,1.0,38.0
0.0,-236.89610397795605,-677.5127368300266,0.0,0.0,1.0,38.0
0.0,-258.67094888453266,-627.120875576845,0.0,0.0,1.0,38.0
0.0,-297.1316926787813,-675.4366129243085,0.0,0.0,1.0,38.0
0.0,-248.16622583788194,-678.8638678647769,0.0,0.0,1.0,38.0
0.0,-256.3145829317432,-644.6279037304216,0.0,0.0,1.0,38.0
0.0,-234.96127616928425,-662.6880902088776,0.0,0.0,1.0,38.0
0.0,-229.94639972128925,-666.9427005818713,0.0,0.0,1.0,38.0
0.0,-227.66262046476868,-651.3372580344479,0.0,0.0,1.0,38.0
0.0,-240.42182224548696,-640.6160070645773,0.0,0.0,1.0,38.0
0.0,-249.34049561811753,-662.8098991757311,0.0,0.0,1.0,38.0
0.0,-248.48798691839716,-670.348714138041,0.0,0.0,1.0,38.0
0.0,-249.38244473533678,-635.4391998375442,0.0,0.0,1.0,38.0
0.0,-242.175798588833,-659.4015801595012,0.0,0.0,1.0,38.0
0.0,-230.0080230581441,-657.6350249775925,0.0,0.0,1.0,38.0
0.0,-239.96590971475462,-649.0273029817303,0.0,0.0,1.0,38.0
0.0,-246.2229036579065,-600.7011109157015,0.0,0.0,1.0,38.0
0.0,-239.845925129659,-654.780030329116,0.0,0.0,1.0,38.0
0.0,-288.90581245054,-621.7916287661737,0.0,0.0,1.0,38.0
0.0,-260.19309366190237,-618.1270271998085,0.0,0.0,1.0,38.0
0.0,-279.37337699195723,-606.4849456214198,0.0,0.0,1.0,38.0
0.0,-300.3159177445623,-597.3343533259036,0.0,0.0,1.0,38.0
0.0,-291.08049504809946,-631.3738546284824,0.0,0.0,1.0,38.0
0.0,-305.39002977992254,-606.0341913824294,0.0,0.0,1.0,38.0
0.0,-280.6618899358846,-679.5742869903049,0.0,0.0,1.0,38.0
0.0,-291.65549526479253,-609.1745003024819,0.0,0.0,1.0,38.0
0.0,-306.6401501928042,-612.6818977279669,0.0,0.0,1.0,38.0
0.0,-296.7729654182813,-648.1114555366909,0.0,0.0,1.0,38.0
0.0,-294.43877918352064,-630.3969045851755,0.0,0.0,1.0,38.0
0.0,-283.6497329420538,-626.0802375127073,0.0,0.0,1.0,38.0
0.0,-322.2587352451119,-609.3513801107429,0.0,0.0,1.0,38.0
0.0,-268.0652791729167,-670.8615086026507,0.0,0.0,1.0,38.0
0.0,-329.8147585808606,-638.8175952969375,0.0,0.0,1.0,38.0
0.0,-281.1407115587183,-603.4005384020778,0.0,0.0,1.0,38.0
0.0,-268.91918386098496,-600.183711622323,0.0,0.0,1.0,38.0
0.0,-289.2159986050906,-617.6304049722518,0.0,0.0,1.0,38.0
0.0,-292.67467768761753,-589.5348719424406,0.0,0.0,1.0,38.0
0.0,-279.17264352114626,-624.1121455453965,0.0,0.0,1.0,38.0
0.0,-300.46100006520464,-636.9670354935178,0.0,0.0,1.0,38.0
0.0,-281.37119150127455,-628.5180399042019,0.0,0.0,1.0,38.0
0.0,-287.04435081581505,-616.6466315104348,0.0,0.0,1.0,38.0
0.0,-320.1599020066378,-625.8056490032761,0.0,0.0,1.0,38.0
0.0,-275.6035971082547,-618.6769571774366,0.0,0.0,1.0,38.0
0.0,-336.0514416464339,-611.5277739485649,0.0,0.0,1.0,38.0
0.0,-301.4440175039522,-596.5395790467946,0.0,0.0,1.0,38.0
0.0,-288.85866878435695,-623.0116205877654,0.0,0.0,1.0,38.0
0.0,-265.31948731181546,-616.5869516168387,0.0,0.0,1.0,38.0
0.0,-245.79069760511766,-641.6585788027801,0.0,0.0,1.0,38.0
0.0,-271.6640881895478,-637.0073469990804,0.0,0.0,1.0,38.0
0.0,-8.739549632387252,-776.9027948039495,0.0,0.0,1.0,39.0
0.0,-26.56381651941797,-784.7569233422488,0.0,0.0,1.0,39.0
0.0,-29.146965788277157,-787.9701907847567,0.0,0.0,1.0,39.0
0.0,-18.675886773147568,-780.5511161347453,0.0,0.0,1.0,39.0
0.0,-26.015921039090244,-760.2982175101062,0.0,0.0,1.0,39.0
0.0,-15.950544233481196,-803.1941744445514,0.0,0.0,1.0,39.0
0.0,12.071281895041238,-766.7959110935408,0.0,0.0,1.0,39.0
0.0,-38.07086602390223,-771.4842877724645,0.0,0.0,1.0,39.0
0.0,-26.820815265188685,-779.0355939339893,0.0,0.0,1.0,39.0
0.0,-16.725848986675146,-799.9927810268488,0.0,0.0,1.0,39.0
0.0,-21.760728340451124,-799.2637354977813,0.0,0.0,1.0,39.0
0.0,-29.648102183449964,-798.0621223329083,0.0,0.0,1.0,39.0
0.0,0.11735755418703775,-778.9075915164099,0.0,0.0,1.0,39.0
0.0,-35.750178285645006,-772.9130897991914,0.0,0.0,1.0,39.0
0.0,1.3430373975334078,-762.5309405709571,0.0,0.0,1.0,39.0
0.0,-15.566701953745678,-777.8030840612623,0.0,0.0,1.0,39.0
0.0,2.85431543246591,-774.1545942914902,0.0,0.0,1.0,39.0
0.0,-17.650390423280214,-807.5214652478288,0.0,0.0,1.0,39.0
0.0,-38.39037019741977,-771.6419076719261,0.0,0.0,1.0,39.0
0.0,-41.65819874684939,-802.9713685442648,0.0,0.0,1.0,39.0
0.0,-45.95203856300623,-774.2065875117067,0.0,0.0,1.0,39.0
0.0,2.2460381233477165,-757.4482957891415,0.0,0.0,1.0,39.0
0.0,-11.418846976596114,-766.455406947503,0.0,0.0,1.0,39.0
0.0,-5.32616512172649,-750.2424603700313,0.0,0.0,1.0,39.0
0.0,-27.502549805824174,-766.6667219646253,0.0,0.0,1.0,39.0
0.0,1.7446371281730535,-780.4214949811387,0.0,0.0,1.0,39.0
0.0,-32.81727783317433,-790.9441451471899,0.0,0.0,1.0,39.0
0.0,-38.60679245740516,-776.2019359408005,0.0,0.0,1.0,39.0
0.0,-12.710344596734785,-737.5870448606994,0.0,0.0,1.0,39.0
0.0,-5.860433442006752,-769.1841134897463,0.0,0.0,1.0,39.0
0.0,-24.343954442536187,-787.7121119155937,0.0,0.0,1.0,39.0
0.0,-4.656059774051755,-765.444114675087,0.0,0.0,1.0,39.0
0.0,-31.121894534380772,-781.177220231642,0.0,0.0,1.0,39.0
0.0,7.571215142131905,-776.8923056897163,0.0,0.0,1.0,39.0
0.0,-29.678303338715295,-782.4324786523589,0.0,0.0,1.0,39.0
0.0,-31.272880032774765,-799.6919380797261,0.0,0.0,1.0,39.0
0.0,-32.58510771778947,-778.1303062440792,0.0,0.0,1.0,39.0
0.0,12.519916333255651,-847.3245096851598,0.0,0.0,1.0,39.0
0.0,12.912640715006546,-842.5409932510789,0.0,0.0,1.0,39.0
0.0,13.808728264760475,-837.9247028213888,0.0,0.0,1.0,39.0
0.0,-11.322605725536732,-829.6152070022546,0.0,0.0,1.0,39.0
0.0,9.877455216001863,-812.0278522008841,0.0,0.0,1.0,39.0
0.0,-2.8111332003632015,-860.6492983748436,0.0,0.0,1.0,39.0
0.0,-2.756289711087902,-830.7407044272697,0.0,0.0,1.0,39.0
0.0,-11.11098867359874,-814.9720969637262,0.0,0.0,1.0,39.0
0.0,-32.41652939439541,-822.7199245773621,0.0,0.0,1.0,39.0
0.0,2.475389791717589,-808.9153186867,0.0,0.0,1.0,39.0
0.0,12.032989455216239,-829.5030545394512,0.0,0.0,1.0,39.0
0.0,8.19238725531136,-849.7307037714208,0.0,0.0,1.0,39.0
0.0,-5.024722391514615,-828.5682792855132,0.0,0.0,1.0,39.0
0.0,52.29450098058214,-822.9329154675814,0.0,0.0,1.0,39.0
0.0,31.30564741290209,-786.7152585129285,0.0,0.0,1.0,39.0
0.0,3.638602709678935,-827.3875655056961,0.0,0.0,1.0,39.0
0.0,12.270737454463415,-852.4431032472289,0.0,0.0,1.0,39.0
0.0,8.835340001808845,-841.2554207785728,0.0,0.0,1.0,39.0
0.0,-20.478176130774045,-844.5200426602643,0.0,0.0,1.0,39.0
0.0,-5.828544530781983,-806.8430132039263,0.0,0.0,1.0,39.0
0.0,24.667661248446393,-841.0730052205033,0.0,0.0,1.0,39.0
0.0,71.51642729306559,-862.5153484965248,0.0,0.0,1.0,39.0
0.0,66.45952973315798,-859.1672737087048,0.0,0.0,1.0,39.0
0.0,18.76949248366509,-881.9460556475618,0.0,0.0,1.0,39.0
0.0,64.21092502333977,-898.9444570964403,0.0,0.0,1.0,39.0
0.0,35.99556977073598,-847.5287467176777,0.0,0.0,1.0,39.0
0.0,56.34401829403623,-860.0938012509407,0.0,0.0,1.0,39.0
0.0,37.19029133310028,-886.2545788326713,0.0,0.0,1.0,39.0
0.0,37.78854207378549,-860.7486839686592,0.0,0.0,1.0,39.0
0.0,27.325349030692678,-845.1527235936013,0.0,0.0,1.0,39.0
0.0,58.71049332432335,-845.4030953853404,0.0,0.0,1.0,39.0
0.0,61.97359969689296,-873.9862495703436,0.0,0.0,1.0,39.0
0.0,70.17285182925684,-818.0202765814892,0.0,0.0,1.0,39.0
0.0,40.28923261327304,-875.2007684013931,0.0,0.0,1.0,39.0
0.0,72.57421046626996,-849.8121934149257,0.0,0.0,1.0,39.0
0.0,56.26198901949601,-831.4048210613928,0.0,0.0,1.0,39.0
0.0,52.450695911458524,-855.394192955522,0.0,0.0,1.0,39.0
0.0,40.413172339387984,-845.4173856427477,0.0,0.0,1.0,39.0
0.0,57.846740479798655,-877.0482667215789,0.0,0.0,1.0,39.0
0.0,74.15708297137121,-847.7168428876083,0.0,0.0,1.0,39.0
0.0,92.69704828199156,-871.911933986008,0.0,0.0,1.0,39.0
0.0,27.804541137159276,-870.9628272690179,0.0,0.0,1.0,39.0
0.0,46.24124913945502,-792.5836475244027,0.0,0.0,1.0,39.0
0.0,64.43403457171576,-867.6603280320934,0.0,0.0,1.0,39.0
0.0,65.47595393400024,-852.0865546855488,0.0,0.0,1.0,39.0
0.0,55.16153948842316,-864.8418639998805,0.0,0.0,1.0,39.0
0.0,61.1382893607456,-874.600182666247,0.0,0.0,1.0,39.0
0.0,29.285080059759593,-881.5876856630575,0.0,0.0,1.0,39.0
0.0,65.79637491878111,-813.4605227140138,0.0,0.0,1.0,39.0
0.0,45.50011008532488,-875.4494268664624,0.0,0.0,1.0,39.0
0.0,102.91066764092147,-859.0864359377114,0.0,0.0,1.0,39.0
0.0,53.388712730929456,-873.2091702545927,0.0,0.0,1.0,39.0
0.0,33.358906907839355,-858.2616658539887,0.0,0.0,1.0,39.0
0.0,36.44045736182056,-848.468409215781,0.0,0.0,1.0,39.0
0.0,57.29971382999861,-858.2306415917678,0.0,0.0,1.0,39.0
0.0,59.51912554317937,-875.1557534621636,0.0,0.0,1.0,39.0
0.0,12.456489395649669,-831.1682454939707,0.0,0.0,1.0,39.0
0.0,55.56588353377424,-868.9915665642216,0.0,0.0,1.0,39.0
0.0,40.458650030716626,-864.2414196027025,0.0,0.0,1.0,39.0
0.0,46.42413091419189,-871.065251784812,0.0,0.0,1.0,39.0
0.0,64.91669221405436,-879.552052984958,0.0,0.0,1.0,39.0
0.0,39.935057133336386,-835.246425327151,0.0,0.0,1.0,39.0
0.0,44.43786102894455,-866.2040930650091,0.0,0.0,1.0,39.0
0.0,70.16494188952811,-875.3289853757551,0.0,0.0,1.0,39.0
0.0,112.02417466485349,-838.4467751486173,0.0,0.0,1.0,39.0
0.0,88.34879632648062,-837.7990416707629,0.0,0.0,1.0,39.0
0.0,95.84807247810045,-835.2231700474922,0.0,0.0,1.0,39.0
0.0,125.57450418245344,-818.4265144770462,0.0,0.0,1.0,39.0
0.0,116.83696804683996,-852.0934600540215,0.0,0.0,1.0,39.0
0.0,99.47145056140562,-861.555121496786,0.0,0.0,1.0,39.0
0.0,99.89172629758264,-831.0297995676281,0.0,0.0,1.0,39.0
0.0,72.46224267230423,-839.916303107524,0.0,0.0,1.0,39.0
0.0,104.8808908064907,-824.7457123976804,0.0,0.0,1.0,39.0
0.0,146.03828874756528,-839.5333550730895,0.0,0.0,1.0,39.0
0.0,90.53769390162142,-819.2258801347873,0.0,0.0,1.0,39.0
0.0,136.08240080280734,-791.2590697315192,0.0,0.0,1.0,39.0
0.0,104.4214344420177,-863.1734485338508,0.0,0.0,1.0,39.0
0.0,103.04945132201601,-865.2599688411391,0.0,0.0,1.0,39.0
0.0,82.1257933216582,-837.2220708696798,0.0,0.0,1.0,39.0
0.0,98.02034065270573,-851.6159541478299,0.0,0.0,1.0,39.0
0.0,114.80011023874795,-838.2270357644878,0.0,0.0,1.0,39.0
0.0,96.52994226148599,-881.0638144783957,0.0,0.0,1.0,39.0
0.0,115.62519838285402,-846.2006406546334,0.0,0.0,1.0,39.0
0.0,58.69902662948107,-875.3917972772565,0.0,0.0,1.0,39.0
0.0,68.63419629981581,-825.3841627684044,0.0,0.0,1.0,39.0
0.0,43.7804902774526,-859.3699872976247,0.0,0.0,1.0,39.0
0.0,80.51063020398965,-860.9923574016955,0.0,0.0,1.0,39.0
0.0,103.61542492283525,-863.2861737667813,0.0,0.0,1.0,39.0
0.0,110.90084952391999,-842.9663404140817,0.0,0.0,1.0,39.0
0.0,109.98687848609006,-837.4521940091929,0.0,0.0,1.0,39.0
0.0,80.57013089642783,-810.8264136943479,0.0,0.0,1.0,39.0
0.0,61.68879610283443,-842.389160279376,0.0,0.0,1.0,39.0
0.0,71.58577122906172,-839.5534008630943,0.0,0.0,1.0,39.0
0.0,92.8712424078667,-861.2367556833098,0.0,0.0,1.0,39.0
0.0,118.86523423322683,-835.9659863763644,0.0,0.0,1.0,39.0
0.0,94.79570965181301,-842.9932740329468,0.0,0.0,1.0,39.0
0.0,67.52728007068049,-855.3564227152942,0.0,0.0,1.0,39.0
0.0,113.19647255293353,-834.3540476061341,0.0,0.0,1.0,39.0
0.0,151.09289175144545,-806.8374739073588,0.0,0.0,1.0,39.0
0.0,148.092599630246,-789.499428515751,0.0,0.0,1.0,39.0
0.0,124.61799163528758,-791.0243414840338,0.0,0.0,1.0,39.0
0.0,127.26893337083538,-803.9007922892876,0.0,0.0,1.0,39.0
0.0,127.22156286902805,-806.5873199866908,0.0,0.0,1.0,39.0
0.0,128.7009812135493,-783.4246904012514,0.0,0.0,1.0,39.0
0.0,118.02244102011696,-773.0166887729663,0.0,0.0,1.0,39.0
0.0,115.44865162063707,-793.0074280811957,0.0,0.0,1.0,39.0
0.0,135.74708894427158,-767.7375863046476,0.0,0.0,1.0,39.0
0.0,143.52139326233078,-814.220912046635,0.0,0.0,1.0,39.0
0.0,133.58496233661458,-780.8722742735824,0.0,0.0,1.0,39.0
0.0,121.51143689763694,-786.7938525269109,0.0,0.0,1.0,39.0
0.0,106.64170552619908,-768.1874371331475,0.0,0.0,1.0,39.0
0.0,130.30738524718345,-799.219864595395,0.0,0.0,1.0,39.0
0.0,91.07249094043209,-751.0900580638074,0.0,0.0,1.0,39.0
0.0,129.63812077015473,-788.6122467928373,0.0,0.0,1.0,39.0
0.0,111.46426274834971,-793.0076342973439,0.0,0.0,1.0,39.0
0.0,101.07348905171193,-794.4687746254544,0.0,0.0,1.0,39.0
0.0,138.06808997774397,-811.2848540084248,0.0,0.0,1.0,39.0
0.0,140.20827477600187,-787.1797447379796,0.0,0.0,1.0,39.0
0.0,143.13648579603796,-788.614294029894,0.0,0.0,1.0,39.0
0.0,115.23394347223507,-752.3122855410245,0.0,0.0,1.0,39.0
0.0,119.8806464160366,-802.4651088912891,0.0,0.0,1.0,39.0
0.0,146.28269673044542,-788.0589852339118,0.0,0.0,1.0,39.0
0.0,113.88284062844764,-810.4578270781128,0.0,0.0,1.0,39.0
0.0,49.46211672653635,-843.6922526072613,0.0,0.0,1.0,39.0
0.0,119.69070343511271,-803.7590544888392,0.0,0.0,1.0,39.0
0.0,107.80555307656277,-747.4317589867334,0.0,0.0,1.0,39.0
0.0,105.98309160320264,-765.3368613477884,0.0,0.0,1.0,39.0
0.0,106.27957235815074,-724.5737677229621,0.0,0.0,1.0,39.0
0.0,116.76694097639324,-721.5906924849862,0.0,0.0,1.0,39.0
0.0,126.48999140128035,-731.1339482000259,0.0,0.0,1.0,39.0
0.0,86.48529187702957,-754.8785199476652,0.0,0.0,1.0,39.0
0.0,103.3272175464067,-720.3679690702401,0.0,0.0,1.0,39.0
0.0,132.72227260018462,-740.6273625034619,0.0,0.0,1.0,39.0
0.0,107.15887458954148,-767.4457827232255,0.0,0.0,1.0,39.0
0.0,126.11748138512075,-730.5810779182721,0.0,0.0,1.0,39.0
0.0,84.03862109340935,-729.289020386909,0.0,0.0,1.0,39.0
0.0,94.06814779709089,-744.0253542589999,0.0,0.0,1.0,39.0
0.0,96.91758557209664,-764.7924923773796,0.0,0.0,1.0,39.0
0.0,84.49473955440453,-743.0366095735296,0.0,0.0,1.0,39.0
0.0,143.70613743176182,-775.9296355769377,0.0,0.0,1.0,39.0
0.0,60.671893842662485,-712.3602287580566,0.0,0.0,1.0,39.0
0.0,119.54132665006523,-723.6415823296065,0.0,0.0,1.0,39.0
0.0,87.10961075624505,-732.6856481282063,0.0,0.0,1.0,39.0
0.0,84.62305103774543,-727.9379780668055,0.0,0.0,1.0,39.0
0.0,79.88780664275987,-746.1055787166949,0.0,0.0,1.0,39.0
0.0,84.10495637734289,-727.8710167022758,0.0,0.0,1.0,39.0
0.0,52.884551085642215,-774.4467750957439,0.0,0.0,1.0,39.0
0.0,95.14216743313114,-744.4499419951788,0.0,0.0,1.0,39.0
0.0,128.61013194270527,-767.5324774295436,0.0,0.0,1.0,39.0
0.0,81.50042958517383,-754.9146435466109,0.0,0.0,1.0,39.0
0.0,100.96457835209821,-717.9346947049862,0.0,0.0,1.0,39.0
0.0,96.0394590215376,-735.4265507241143,0.0,0.0,1.0,39.0
0.0,136.66599946670908,-722.0493020479937,0.0,0.0,1.0,39.0
0.0,100.26571893623122,-762.106138388485,0.0,0.0,1.0,39.0
0.0,125.1886666428095,-748.4606033179971,0.0,0.0,1.0,39.0
0.0,68.16496019390411,-768.7074470233462,0.0,0.0,1.0,39.0
0.0,110.31178743199575,-723.7374815829669,0.0,0.0,1.0,39.0
0.0,95.68084571983081,-730.234867769494,0.0,0.0,1.0,39.0
0.0,98.27952332905465,-745.642779145007,0.0,0.0,1.0,39.0
0.0,115.31383420285556,-752.0805321086497,0.0,0.0,1.0,39.0
0.0,70.53003623382324,-713.2446742272649,0.0,0.0,1.0,39.0
0.0,53.22306533682672,-701.7366301189546,0.0,0.0,1.0,39.0
0.0,43.164680201944066,-725.2087345057536,0.0,0.0,1.0,39.0
0.0,59.770568637922906,-715.8680805243054,0.0,0.0,1.0,39.0
0.0,65.06714393288553,-778.205017184337,0.0,0.0,1.0,39.0
0.0,64.34728177325064,-705.7062882035459,0.0,0.0,1.0,39.0
0.0,42.24469868273036,-714.9723884452615,0.0,0.0,1.0,39.0
0.0,69.04762709734223,-740.4847834663137,0.0,0.0,1.0,39.0
0.0,46.39303780975865,-752.4456089346112,0.0,0.0,1.0,39.0
0.0,49.41293368222887,-700.9834171752113,0.0,0.0,1.0,39.0
0.0,68.12964375795605,-710.5308477537455,0.0,0.0,1.0,39.0
0.0,63.44772159400031,-725.7525694044255,0.0,0.0,1.0,39.0
0.0,71.52447508000569,-697.2585566939514,0.0,0.0,1.0,39.0
0.0,82.10638218839586,-769.9179378720071,0.0,0.0,1.0,39.0
0.0,21.718841569596634,-726.6060291595177,0.0,0.0,1.0,39.0
0.0,11.375300650127201,-779.4633595163085,0.0,0.0,1.0,39.0
0.0,57.95267182883572,-698.0958483939838,0.0,0.0,1.0,39.0
0.0,69.64555115213625,-694.6509204074102,0.0,0.0,1.0,39.0
0.0,69.77351890461773,-701.8310869290539,0.0,0.0,1.0,39.0
0.0,58.78348482336787,-737.601949535082,0.0,0.0,1.0,39.0
0.0,37.56609437798488,-704.0483659760258,0.0,0.0,1.0,39.0
0.0,83.99005272215868,-723.486657472824,0.0,0.0,1.0,39.0
0.0,53.66787507474578,-716.3949172029052,0.0,0.0,1.0,39.0
0.0,88.05998919572698,-746.5821918498416,0.0,0.0,1.0,39.0
0.0,30.151870959252392,-742.7909693035917,0.0,0.0,1.0,39.0
0.0,53.88214160559596,-686.1214474892441,0.0,0.0,1.0,39.0
0.0,46.37289309906646,-704.6507234394355,0.0,0.0,1.0,39.0
0.0,46.81357104112226,-684.6260518292312,0.0,0.0,1.0,39.0
0.0,58.65334601439804,-734.1305294923618,0.0,0.0,1.0,39.0
0.0,66.57603600802463,-725.1748432607457,0.0,0.0,1.0,39.0
0.0,32.30374479294437,-730.1629882693943,0.0,0.0,1.0,39.0
0.0,70.4267633111233,-740.0296393469395,0.0,0.0,1.0,39.0
0.0,77.90945061952357,-730.2440759695672,0.0,0.0,1.0,39.0
0.0,64.89110172629012,-719.8027663561587,0.0,0.0,1.0,39.0
0.0,43.98080883597004,-721.0663196332123,0.0,0.0,1.0,39.0
0.0,25.615571280093945,-739.684308226737,0.0,0.0,1.0,39.0
0.0,5.647271284601629,-759.6606369035751,0.0,0.0,1.0,39.0
0.0,12.75188743009312,-714.9784427765281,0.0,0.0,1.0,39.0
0.0,10.345843115640264,-738.9542153438537,0.0,0.0,1.0,39.0
0.0,60.57461939984455,-786.2790459837488,0.0,0.0,1.0,39.0
0.0,66.8059007079612,-773.8140489969355,0.0,0.0,1.0,39.0
0.0,11.018745258806348,-744.1067266111338,0.0,0.0,1.0,39.0
0.0,3.172606432503244,-744.9691656086991,0.0,0.0,1.0,39.0
0.0,-10.38196166802959,-725.5652912660915,0.0,0.0,1.0,39.0
0.0,12.03212016769703,-776.606620135786,0.0,0.0,1.0,39.0
0.0,-19.234100192293226,-797.1115672879804,0.0,0.0,1.0,39.0
0.0,-20.388213887484653,-723.1014373548035,0.0,0.0,1.0,39.0
0.0,39.863393558805,-718.068761926451,0.0,0.0,1.0,39.0
0.0,0.11959287756417325,-714.7185980146736,0.0,0.0,1.0,39.0
0.0,-1.2158893205621553,-742.1378043932345,0.0,0.0,1.0,39.0
0.0,27.654611911522125,-736.3226666355978,0.0,0.0,1.0,39.0
0.0,-3.3301771667506728,-737.4738491203993,0.0,0.0,1.0,39.0
0.0,11.971548866056082,-753.9402747502439,0.0,0.0,1.0,39.0
0.0,-1.034320007104725,-717.6620312313081,0.0,0.0,1.0,39.0
0.0,36.581314410491586,-732.5625999707632,0.0,0.0,1.0,39.0
0.0,41.689529166039165,-710.6617098295294,0.0,0.0,1.0,39.0
0.0,26.324948173974235,-734.6422301111361,0.0,0.0,1.0,39.0
0.0,34.35457120495266,-724.2718513221253,0.0,0.0,1.0,39.0
0.0,-2.3422711682412682,-739.4211412124538,0.0,0.0,1.0,39.0
0.0,26.83198850171857,-787.6667173031022,0.0,0.0,1.0,39.0
0.0,5.1697064284530825,-727.7807398716005,0.0,0.0,1.0,39.0
0.0,-12.912343697256347,-759.9133117255006,0.0,0.0,1.0,39.0
0.0,15.679847469379183,-725.8085201616404,0.0,0.0,1.0,39.0
0.0,1.109005932700029,-720.3592838299412,0.0,0.0,1.0,39.0
0.0,-17.611765679013843,-748.7920176936526,0.0,0.0,1.0,39.0
0.0,47.34245336770459,-749.7948621797482,0.0,0.0,1.0,39.0
0.0,16.516665335137077,-736.2306218624828,0.0,0.0,1.0,39.0
0.0,34.02999745667739,-719.6768081513089,0.0,0.0,1.0,39.0
0.0,0.1799253734868671,-719.3825820736132,0.0,0.0,1.0,39.0
0.0,14.462753068418124,-722.24932426608,0.0,0.0,1.0,39.0
0.0,40.6784599647026,-762.297133114335,0.0,0.0,1.0,39.0
0.0,14.476802654118046,-729.6526310049852,0.0,0.0,1.0,39.0
0.0,24.682267820935976,-714.0496058827093,0.0,0.0,1.0,39.0
0.0,2.4749682691817725,-726.2630435651423,0.0,0.0,1.0,39.0
0.0,-5.997587128631949,-735.0629562769135,0.0,0.0,1.0,39.0
0.0,-2.22264377271199,-730.8227349420542,0.0,0.0,1.0,39.0
0.0,-11.882828287078382,-683.4091853711584,0.0,0.0,1.0,39.0
0.0,-12.41741227273701,-744.1825015628715,0.0,0.0,1.0,39.0
0.0,-22.63032117209218,-756.8670976423203,0.0,0.0,1.0,39.0
0.0,-6.103313439627527,-755.2268478655424,0.0,0.0,1.0,39.0
0.0,-9.365241337335647,-736.1395294476134,0.0,0.0,1.0,39.0
0.0,221.67709351459598,-768.60778771661,0.0,0.0,1.0,40.0
0.0,214.5560965299053,-789.1204714876363,0.0,0.0,1.0,40.0
0.0,174.1809408380568,-763.0472263520533,0.0,0.0,1.0,40.0
0.0,225.16517309135543,-787.3665578461303,0.0,0.0,1.0,40.0
0.0,181.88010061678506,-802.2183882209381,0.0,0.0,1.0,40.0
0.0,186.20082192144582,-766.9474787977452,0.0,0.0,1.0,40.0
0.0,188.11490734415634,-801.1793314192528,0.0,0.0,1.0,40.0
0.0,236.88091279240348,-796.5615447865107,0.0,0.0,1.0,40.0
0.0,179.36344385895245,-780.4543962041676,0.0,0.0,1.0,40.0
0.0,199.19855893270778,-810.8510361426627,0.0,0.0,1.0,40.0
0.0,186.51314985991257,-798.6859110188881,0.0,0.0,1.0,40.0
0.0,218.17155065778616,-792.236213893454,0.0,0.0,1.0,40.0
0.0,236.311432959659,-706.9196022090673,0.0,0.0,1.0,40.0
0.0,190.74809350862483,-808.9388158246637,0.0,0.0,1.0,40.0
0.0,168.14153433730394,-788.269076034023,0.0,0.0,1.0,40.0
0.0,206.34292415989535,-778.0762194415431,0.0,0.0,1.0,40.0
0.0,195.39991150020182,-790.7282024214198,0.0,0.0,1.0,40.0
0.0,219.1228111979658,-776.4055527035575,0.0,0.0,1.0,40.0
0.0,190.57977726093532,-805.6537685012902,0.0,0.0,1.0,40.0
0.0,177.93825910674013,-807.1566806756204,0.0,0.0,1.0,40.0
0.0,192.6532739775239,-792.7299216547796,0.0,0.0,1.0,40.0
0.0,184.57718265703443,-798.4028779657033,0.0,0.0,1.0,40.0
0.0,220.1927123397013,-730.0779980103746,0.0,0.0,1.0,40.0
0.0,202.10436670990748,-807.4436954588931,0.0,0.0,1.0,40.0
0.0,215.02730551462946,-786.8246955768585,0.0,0.0,1.0,40.0
0.0,202.49417922683665,-811.3965045797208,0.0,0.0,1.0,40.0
0.0,193.7422810079495,-803.0735298888818,0.0,0.0,1.0,40.0
0.0,257.47088844298605,-758.7466981594483,0.0,0.0,1.0,40.0
0.0,193.64865961936084,-795.0243136469192,0.0,0.0,1.0,40.0
0.0,223.1964984398669,-796.8111968066166,0.0,0.0,1.0,40.0
0.0,189.68261349324052,-792.6351879784773,0.0,0.0,1.0,40.0
0.0,193.04838905238876,-806.0861603996289,0.0,0.0,1.0,40.0
0.0,190.7751907050174,-711.2392928992242,0.0,0.0,1.0,40.0
0.0,188.25188284472188,-776.0976029523265,0.0,0.0,1.0,40.0
0.0,155.58901684526882,-782.5674281274042,0.0,0.0,1.0,40.0
0.0,206.09844103555884,-814.4126859065364,0.0,0.0,1.0,40.0
0.0,188.70771258513537,-804.6195920981576,0.0,0.0,1.0,40.0
0.0,209.5692889545951,-823.0086305980886,0.0,0.0,1.0,40.0
0.0,230.4524094394419,-829.1693694438256,0.0,0.0,1.0,40.0
0.0,261.3643764600688,-835.8894724565862,0.0,0.0,1.0,40.0
0.0,264.41388235607565,-818.1052765070856,0.0,0.0,1.0,40.0
0.0,244.12183860786217,-821.7233866061185,0.0,0.0,1.0,40.0
0.0,250.72115160255066,-745.8539623684486,0.0,0.0,1.0,40.0
0.0,252.18391185654218,-855.2347414126914,0.0,0.0,1.0,40.0
0.0,251.50481586339765,-808.9503774438523,0.0,0.0,1.0,40.0
0.0,239.6074761959337,-842.1875813213294,0.0,0.0,1.0,40.0
0.0,239.68237251031246,-832.9211992436441,0.0,0.0,1.0,40.0
0.0,257.31678745154,-810.1781410201552,0.0,0.0,1.0,40.0
0.0,245.48155725690344,-839.4399130607626,0.0,0.0,1.0,40.0
0.0,231.74071074840776,-826.614255043269,0.0,0.0,1.0,40.0
0.0,263.14679330507056,-831.2367626043423,0.0,0.0,1.0,40.0
0.0,243.73038375996384,-816.2141382598609,0.0,0.0,1.0,40.0
0.0,255.34848496994687,-827.4839663586828,0.0,0.0,1.0,40.0
0.0,241.28507797764655,-852.1301791063366,0.0,0.0,1.0,40.0
0.0,212.89768835324844,-812.3288268062647,0.0,0.0,1.0,40.0
0.0,275.90145074016255,-773.907692550499,0.0,0.0,1.0,40.0
0.0,244.13282369322837,-853.542690502437,0.0,0.0,1.0,40.0
0.0,245.01535498002318,-810.9691528077748,0.0,0.0,1.0,40.0
0.0,236.41869602913653,-836.4167573095592,0.0,0.0,1.0,40.0
0.0,243.6977685585298,-815.965981886476,0.0,0.0,1.0,40.0
0.0,225.27518645432724,-811.0861129398489,0.0,0.0,1.0,40.0
0.0,226.3481702619206,-812.899010716003,0.0,0.0,1.0,40.0
0.0,232.8720158266317,-795.4611521084129,0.0,0.0,1.0,40.0
0.0,223.3258074353539,-826.6627051427811,0.0,0.0,1.0,40.0
0.0,253.48940759372408,-763.1110748918377,0.0,0.0,1.0,40.0
0.0,257.0531226554342,-810.5109630588361,0.0,0.0,1.0,40.0
0.0,245.84128587960367,-814.5965296459938,0.0,0.0,1.0,40.0
0.0,236.55509200608208,-811.8017895287329,0.0,0.0,1.0,40.0
0.0,269.95031397374896,-836.3469838643844,0.0,0.0,1.0,40.0
0.0,253.63710410898761,-822.8685798879727,0.0,0.0,1.0,40.0
0.0,298.86826345334634,-725.4594838954243,0.0,0.0,1.0,40.0
0.0,280.4178138651632,-747.4280168517191,0.0,0.0,1.0,40.0
0.0,259.28370341315303,-738.85634529641,0.0,0.0,1.0,40.0
0.0,324.17927369553354,-685.4590839095396,0.0,0.0,1.0,40.0
0.0,331.56415617856464,-694.1488124324943,0.0,0.0,1.0,40.0
0.0,355.8920304897126,-691.6704289795232,0.0,0.0,1.0,40.0
0.0,279.84027134364123,-782.9091315469717,0.0,0.0,1.0,40.0
0.0,260.89163089472004,-694.6662183863701,0.0,0.0,1.0,40.0
0.0,314.2491923961952,-740.8128909374872,0.0,0.0,1.0,40.0
0.0,267.86746006252156,-719.6088550281511,0.0,0.0,1.0,40.0
0.0,281.46177463632966,-741.6524744603611,0.0,0.0,1.0,40.0
0.0,339.843137302742,-690.2855309712444,0.0,0.0,1.0,40.0
0.0,331.833238595849,-681.7928463996245,0.0,0.0,1.0,40.0
0.0,336.7650666085053,-682.9810707274592,0.0,0.0,1.0,40.0
0.0,348.03687061969595,-681.6069995153744,0.0,0.0,1.0,40.0
0.0,347.6384600722781,-711.372459907254,0.0,0.0,1.0,40.0
0.0,334.8940273399073,-684.0812558904043,0.0,0.0,1.0,40.0
0.0,311.3787839056042,-663.4601042075617,0.0,0.0,1.0,40.0
0.0,335.57338628916364,-698.4481638299505,0.0,0.0,1.0,40.0
0.0,272.29909983289735,-790.0897483542948,0.0,0.0,1.0,40.0
0.0,344.93627957961166,-700.6513779967178,0.0,0.0,1.0,40.0
0.0,334.6762409818441,-665.2678047771481,0.0,0.0,1.0,40.0
0.0,337.7351228222758,-697.7387175082026,0.0,0.0,1.0,40.0
0.0,326.46794913182794,-719.6501924726124,0.0,0.0,1.0,40.0
0.0,341.3868252026732,-713.8376180868667,0.0,0.0,1.0,40.0
0.0,294.4152344289755,-739.7023342706665,0.0,0.0,1.0,40.0
0.0,292.33489951542515,-685.7097525755904,0.0,0.0,1.0,40.0
0.0,316.97698187778224,-685.0520518348624,0.0,0.0,1.0,40.0
0.0,328.8349301725307,-703.7072671024157,0.0,0.0,1.0,40.0
0.0,331.60419212202464,-676.8869129925606,0.0,0.0,1.0,40.0
0.0,338.26983363076715,-670.4380146542209,0.0,0.0,1.0,40.0
0.0,280.26668855777734,-657.5683692165609,0.0,0.0,1.0,40.0
0.0,264.0020573210793,-673.0890663694717,0.0,0.0,1.0,40.0
0.0,309.89393119553324,-656.9269335986414,0.0,0.0,1.0,40.0
0.0,272.96561532031524,-654.0729787073799,0.0,0.0,1.0,40.0
0.0,265.19691781520305,-638.5825030795716,0.0,0.0,1.0,40.0
0.0,274.2544205816689,-670.8119735458089,0.0,0.0,1.0,40.0
0.0,311.80710663021637,-683.1434001392659,0.0,0.0,1.0,40.0
0.0,262.0812678863615,-652.4451575634018,0.0,0.0,1.0,40.0
0.0,319.89405091517074,-654.2704285820815,0.0,0.0,1.0,40.0
0.0,263.51456326729044,-663.6634008618284,0.0,0.0,1.0,40.0
0.0,264.3994902000886,-680.0036201811959,0.0,0.0,1.0,40.0
0.0,279.1092639289716,-670.6402977218504,0.0,0.0,1.0,40.0
0.0,255.12066510398586,-704.3736682127021,0.0,0.0,1.0,40.0
0.0,254.33499170427444,-657.5535015090032,0.0,0.0,1.0,40.0
0.0,250.22851890963557,-667.0873642678991,0.0,0.0,1.0,40.0
0.0,254.70527326928027,-648.7775855412375,0.0,0.0,1.0,40.0
0.0,291.55063053933895,-675.7663077731279,0.0,0.0,1.0,40.0
0.0,293.1871059825228,-665.2154152588423,0.0,0.0,1.0,40.0
0.0,312.23579717601115,-677.4700851609973,0.0,0.0,1.0,40.0
0.0,274.3059683814472,-670.234718684169,0.0,0.0,1.0,40.0
0.0,266.66855005479056,-665.7203288841243,0.0,0.0,1.0,40.0
0.0,262.0278704607367,-645.8115854628799,0.0,0.0,1.0,40.0
0.0,284.7271285465431,-672.5419389289859,0.0,0.0,1.0,40.0
0.0,269.3029864624034,-667.6114615068904,0.0,0.0,1.0,40.0
0.0,305.9753558028615,-646.8950374745077,0.0,0.0,1.0,40.0
0.0,233.92574329207173,-757.9710448315154,0.0,0.0,1.0,40.0
0.0,215.67576041134953,-671.4226196765997,0.0,0.0,1.0,40.0
0.0,212.6973043290934,-675.6094949776135,0.0,0.0,1.0,40.0
0.0,248.64638569280487,-669.2254802846535,0.0,0.0,1.0,40.0
0.0,205.26048332459231,-673.081101873464,0.0,0.0,1.0,40.0
0.0,245.04440474656099,-662.7570724736182,0.0,0.0,1.0,40.0
0.0,229.8015051493967,-683.5289616190516,0.0,0.0,1.0,40.0
0.0,242.25561078470446,-707.2846600012764,0.0,0.0,1.0,40.0
0.0,228.19774948320764,-705.2661750463996,0.0,0.0,1.0,40.0
0.0,222.7507292093146,-662.3904673655157,0.0,0.0,1.0,40.0
0.0,211.01171614068335,-656.7620400592881,0.0,0.0,1.0,40.0
0.0,217.031593144809,-664.0189747875604,0.0,0.0,1.0,40.0
0.0,242.57664907276535,-649.9486689551859,0.0,0.0,1.0,40.0
0.0,211.65804085608488,-692.4389615884725,0.0,0.0,1.0,40.0
0.0,250.45137927786095,-680.7257940934217,0.0,0.0,1.0,40.0
0.0,213.86046749511002,-661.0790789625539,0.0,0.0,1.0,40.0
0.0,200.95737117124736,-652.788036159952,0.0,0.0,1.0,40.0
0.0,252.5772800138468,-651.9301269504808,0.0,0.0,1.0,40.0
0.0,236.16254720949337,-660.7167402021352,0.0,0.0,1.0,40.0
0.0,225.39820064162154,-674.916685641183,0.0,0.0,1.0,40.0
0.0,217.64878528179315,-677.4457252803902,0.0,0.0,1.0,40.0
0.0,210.22926135240277,-687.2290916863471,0.0,0.0,1.0,40.0
0.0,217.38657760937622,-686.3295743970409,0.0,0.0,1.0,40.0
0.0,216.94053446803355,-699.2702375499102,0.0,0.0,1.0,40.0
0.0,216.90537481163597,-644.7892574661597,0.0,0.0,1.0,40.0
0.0,231.24115522637612,-653.5055846010189,0.0,0.0,1.0,40.0
0.0,218.77731239207765,-700.8723815857525,0.0,0.0,1.0,40.0
0.0,248.68392176481257,-692.63507478537,0.0,0.0,1.0,40.0
0.0,212.43509460889732,-659.286903729795,0.0,0.0,1.0,40.0
0.0,196.9401773723141,-681.1989242431004,0.0,0.0,1.0,40.0
0.0,227.22772709701235,-643.7395859805666,0.0,0.0,1.0,40.0
0.0,219.75481598087254,-648.7861687239757,0.0,0.0,1.0,40.0
0.0,235.92257335795875,-674.3950090191959,0.0,0.0,1.0,40.0
0.0,222.94330295389864,-679.364553812496,0.0,0.0,1.0,40.0
0.0,220.82850437496472,-671.7387568766134,0.0,0.0,1.0,40.0
0.0,199.90759343408558,-676.1214347032437,0.0,0.0,1.0,40.0
0.0,169.56913042576275,-724.6118111522032,0.0,0.0,1.0,40.0
0.0,190.60205436279307,-738.9566656784405,0.0,0.0,1.0,40.0
0.0,170.18855722339345,-734.015182338554,0.0,0.0,1.0,40.0
0.0,181.0340368983641,-764.50307502472,0.0,0.0,1.0,40.0
0.0,182.95946989347294,-734.1506574227612,0.0,0.0,1.0,40.0
0.0,165.22177793765445,-723.3171142998536,0.0,0.0,1.0,40.0
0.0,196.88023920558544,-761.4147693371403,0.0,0.0,1.0,40.0
0.0,178.11489559126335,-712.9775968371143,0.0,0.0,1.0,40.0
0.0,195.87630686029252,-716.8293186436374,0.0,0.0,1.0,40.0
0.0,197.86284781789595,-708.3526004028588,0.0,0.0,1.0,40.0
0.0,179.82893927804844,-717.294420754528,0.0,0.0,1.0,40.0
0.0,189.08190776935635,-715.7628978724549,0.0,0.0,1.0,40.0
0.0,178.82657956437902,-721.4250326489412,0.0,0.0,1.0,40.0
0.0,183.60596871341727,-740.9911839998445,0.0,0.0,1.0,40.0
0.0,196.24633134903206,-727.0378718356167,0.0,0.0,1.0,40.0
0.0,193.94684730313338,-733.0747347688525,0.0,0.0,1.0,40.0
0.0,220.51523095641528,-758.477868204478,0.0,0.0,1.0,40.0
0.0,184.22046813628413,-740.349880983227,0.0,0.0,1.0,40.0
0.0,199.09062028233075,-706.5113355364473,0.0,0.0,1.0,40.0
0.0,232.97882258006803,-702.7167012298709,0.0,0.0,1.0,40.0
0.0,235.32670120369676,-702.5445793557994,0.0,0.0,1.0,40.0
0.0,198.95659024416545,-725.1976472270633,0.0,0.0,1.0,40.0
0.0,186.8229567708613,-737.5904852068916,0.0,0.0,1.0,40.0
0.0,217.42209772610727,-715.1685593585627,0.0,0.0,1.0,40.0
0.0,182.978924463084,-743.9887301380661,0.0,0.0,1.0,40.0
0.0,225.3653726353018,-677.7031708241957,0.0,0.0,1.0,40.0
0.0,176.11009096954263,-739.0314339816974,0.0,0.0,1.0,40.0
0.0,179.09670548243275,-723.0948581082989,0.0,0.0,1.0,40.0
0.0,189.73851852395796,-736.6747531338457,0.0,0.0,1.0,40.0
0.0,194.02787231284515,-735.5986753479651,0.0,0.0,1.0,40.0
0.0,174.86513157706554,-733.1761286941843,0.0,0.0,1.0,40.0
0.0,173.1625091610656,-715.0236789839885,0.0,0.0,1.0,40.0
0.0,193.65895197292457,-705.8679442130261,0.0,0.0,1.0,40.0
0.0,178.64537948746943,-747.2127424942363,0.0,0.0,1.0,40.0
0.0,183.01894742205013,-758.0552009950184,0.0,0.0,1.0,40.0
0.0,142.4579829094032,-733.0643204914778,0.0,0.0,1.0,40.0
0.0,167.50005195569747,-713.2561676342675,0.0,0.0,1.0,40.0
0.0,172.5300287100324,-732.1240606109941,0.0,0.0,1.0,40.0
0.0,166.33709855243842,-714.1516718529291,0.0,0.0,1.0,40.0
0.0,169.28200085926983,-751.3563272619153,0.0,0.0,1.0,40.0
0.0,167.05104089334327,-741.1082415059462,0.0,0.0,1.0,40.0
0.0,181.83745471694374,-706.6007103236423,0.0,0.0,1.0,40.0
0.0,179.76103640388328,-762.2486500886007,0.0,0.0,1.0,40.0
0.0,191.04489289337403,-713.6142918543177,0.0,0.0,1.0,40.0
0.0,193.11993739939453,-760.3803096313695,0.0,0.0,1.0,40.0
0.0,183.54468736173772,-710.0228548554849,0.0,0.0,1.0,40.0
0.0,201.97859205403347,-707.4803283744773,0.0,0.0,1.0,40.0
0.0,167.43341393710193,-761.452852895441,0.0,0.0,1.0,40.0
0.0,150.11492616831902,-724.1521322746516,0.0,0.0,1.0,40.0
0.0,179.96908112648043,-707.9975625839427,0.0,0.0,1.0,40.0
0.0,181.1876350519151,-732.8920021161862,0.0,0.0,1.0,40.0
0.0,177.09620008102752,-753.3477865871646,0.0,0.0,1.0,40.0
0.0,209.5526996428805,-703.8314250406149,0.0,0.0,1.0,40.0
0.0,195.72105490556396,-716.8670890337469,0.0,0.0,1.0,40.0
0.0,195.31431471977066,-762.1337939120012,0.0,0.0,1.0,40.0
0.0,473.04708203321115,-737.817744008973,0.0,0.0,1.0,41.0
0.0,512.487686931137,-714.8423536420265,0.0,0.0,1.0,41.0
0.0,467.0887590844409,-717.7504705978279,0.0,0.0,1.0,41.0
0.0,493.12216716160015,-727.1735299815888,0.0,0.0,1.0,41.0
0.0,461.6015706343421,-740.4475560112234,0.0,0.0,1.0,41.0
0.0,470.3206573927039,-712.4203519562997,0.0,0.0,1.0,41.0
0.0,498.28010563862017,-736.2194850123327,0.0,0.0,1.0,41.0
0.0,516.8993689309459,-715.2080028861188,0.0,0.0,1.0,41.0
0.0,450.08714031541626,-710.8850728174663,0.0,0.0,1.0,41.0
0.0,485.01286146066013,-723.3694814272303,0.0,0.0,1.0,41.0
0.0,469.7219845982245,-734.7585603834051,0.0,0.0,1.0,41.0
0.0,483.5677341371147,-731.4860944393771,0.0,0.0,1.0,41.0
0.0,497.20399442976077,-729.4551000134697,0.0,0.0,1.0,41.0
0.0,487.7680575656191,-722.8832004185294,0.0,0.0,1.0,41.0
0.0,503.5032126119959,-739.2494034670684,0.0,0.0,1.0,41.0
0.0,495.4789264880774,-728.305477824897,0.0,0.0,1.0,41.0
0.0,480.8126311791102,-685.5488126859129,0.0,0.0,1.0,41.0
0.0,483.6058673419841,-725.0556458163165,0.0,0.0,1.0,41.0
0.0,494.9296656752724,-725.2183630159838,0.0,0.0,1.0,41.0
0.0,497.4684792927949,-713.0912027750674,0.0,0.0,1.0,41.0
0.0,489.96655743806105,-739.342732706194,0.0,0.0,1.0,41.0
0.0,484.21247497500553,-746.1367196347779,0.0,0.0,1.0,41.0
0.0,502.04503986931627,-728.309912664602,0.0,0.0,1.0,41.0
0.0,476.6902784301292,-719.8270700647993,0.0,0.0,1.0,41.0
0.0,495.74261685547526,-721.9829607020206,0.0,0.0,1.0,41.0
0.0,482.6338193504273,-756.8425777991367,0.0,0.0,1.0,41.0
0.0,495.80955617046766,-724.2301659141696,0.0,0.0,1.0,41.0
0.0,541.7152712491056,-695.3851747258735,0.0,0.0,1.0,41.0
0.0,538.1072076701087,-692.3112518056455,0.0,0.0,1.0,41.0
0.0,504.7953756151737,-672.788205884138,0.0,0.0,1.0,41.0
0.0,548.3473512127052,-703.3195703485922,0.0,0.0,1.0,41.0
0.0,511.0472349994302,-676.3997516733949,0.0,0.0,1.0,41.0
0.0,527.2280000349388,-670.0876690651554,0.0,0.0,1.0,41.0
0.0,526.6541958058492,-699.9615575671943,0.0,0.0,1.0,41.0
0.0,559.453658326551,-685.8164855393986,0.0,0.0,1.0,41.0
0.0,519.2211306385555,-696.5001588616884,0.0,0.0,1.0,41.0
0.0,530.1104240870527,-663.6774819778028,0.0,0.0,1.0,41.0
0.0,462.85208453658447,-688.5967854094906,0.0,0.0,1.0,41.0
0.0,523.7898476636017,-643.6330685804083,0.0,0.0,1.0,41.0
0.0,488.50709247370423,-676.5736757265679,0.0,0.0,1.0,41.0
0.0,518.1724891880112,-699.3229091626147,0.0,0.0,1.0,41.0
0.0,541.0784471857892,-698.5097955402678,0.0,0.0,1.0,41.0
0.0,552.1905206485085,-687.3780086055567,0.0,0.0,1.0,41.0
0.0,540.3393340438513,-674.81507163576,0.0,0.0,1.0,41.0
0.0,552.7929551355091,-685.5445677209973,0.0,0.0,1.0,41.0
0.0,524.6379402676953,-710.3768275390173,0.0,0.0,1.0,41.0
0.0,545.7142606245361,-697.5167847788756,0.0,0.0,1.0,41.0
0.0,546.9826707825366,-674.5133618463886,0.0,0.0,1.0,41.0
0.0,520.3880213920893,-674.2821451733025,0.0,0.0,1.0,41.0
0.0,501.75941121349024,-631.5581196500978,0.0,0.0,1.0,41.0
0.0,454.3249307572994,-682.622629579845,0.0,0.0,1.0,41.0
0.0,542.1281936820938,-670.6454031090786,0.0,0.0,1.0,41.0
0.0,537.9416977456658,-633.9839036212933,0.0,0.0,1.0,41.0
0.0,467.43844330899424,-633.1907177544377,0.0,0.0,1.0,41.0
0.0,542.8205510471121,-689.7899081898071,0.0,0.0,1.0,41.0
0.0,520.3785744989209,-694.7879180367423,0.0,0.0,1.0,41.0
0.0,538.6840017628374,-690.0129513352141,0.0,0.0,1.0,41.0
0.0,542.3086227737344,-693.1710704715696,0.0,0.0,1.0,41.0
0.0,516.4178271467354,-606.9465359429958,0.0,0.0,1.0,41.0
0.0,499.26224648397147,-669.7952309466289,0.0,0.0,1.0,41.0
0.0,551.3156481554447,-620.2953910056644,0.0,0.0,1.0,41.0
0.0,537.453825542075,-686.2651630262566,0.0,0.0,1.0,41.0
0.0,545.1395400605288,-606.6589266727254,0.0,0.0,1.0,41.0
0.0,515.6890832048734,-611.4405557953286,0.0,0.0,1.0,41.0
0.0,480.86682735901786,-627.6708571460554,0.0,0.0,1.0,41.0
0.0,533.0901881198345,-617.7659027433031,0.0,0.0,1.0,41.0
0.0,522.424128073179,-609.6100845236923,0.0,0.0,1.0,41.0
0.0,539.1229200510072,-612.5991917738629,0.0,0.0,1.0,41.0
0.0,521.3166634958197,-626.7263752591249,0.0,0.0,1.0,41.0
0.0,528.1725304856488,-636.4627158245451,0.0,0.0,1.0,41.0
0.0,515.8321386269431,-630.9721717030135,0.0,0.0,1.0,41.0
0.0,546.7278369416836,-629.2807675075526,0.0,0.0,1.0,41.0
0.0,538.0089599387059,-603.1604009333606,0.0,0.0,1.0,41.0
0.0,549.1787834348593,-626.185095087684,0.0,0.0,1.0,41.0
0.0,558.8046969527722,-606.2624564736881,0.0,0.0,1.0,41.0
0.0,545.8589303790859,-628.2627752621186,0.0,0.0,1.0,41.0
0.0,502.6419577012664,-614.8764981338238,0.0,0.0,1.0,41.0
0.0,510.6766063950529,-619.9015692381826,0.0,0.0,1.0,41.0
0.0,550.4950641970713,-612.6874336708366,0.0,0.0,1.0,41.0
0.0,536.589237615849,-618.5229046089884,0.0,0.0,1.0,41.0
0.0,532.3877351222145,-624.4762152693829,0.0,0.0,1.0,41.0
0.0,534.4228256665988,-611.448343074431,0.0,0.0,1.0,41.0
0.0,525.3842892870596,-606.2927589190731,0.0,0.0,1.0,41.0
0.0,525.4144367738045,-624.6196088061903,0.0,0.0,1.0,41.0
0.0,527.4806077713697,-607.8308766022351,0.0,0.0,1.0,41.0
0.0,510.58190721100823,-629.7176191642226,0.0,0.0,1.0,41.0
0.0,525.4775562362233,-627.7993782996738,0.0,0.0,1.0,41.0
0.0,573.8089567790914,-633.0678674404772,0.0,0.0,1.0,41.0
0.0,511.8728433391302,-606.3219468110659,0.0,0.0,1.0,41.0
0.0,499.36062099330456,-605.777521173425,0.0,0.0,1.0,41.0
0.0,535.751882848966,-586.7225162861013,0.0,0.0,1.0,41.0
0.0,546.1009955998991,-634.6226716650125,0.0,0.0,1.0,41.0
0.0,559.9035760840675,-614.875333083986,0.0,0.0,1.0,41.0
0.0,574.9934243853195,-650.2315311202933,0.0,0.0,1.0,41.0
0.0,466.54493887358876,-600.3801441599405,0.0,0.0,1.0,41.0
0.0,529.9789407324927,-600.6944355218004,0.0,0.0,1.0,41.0
0.0,496.88781519497456,-701.8611194798764,0.0,0.0,1.0,41.0
0.0,511.53946627149503,-629.2273679252307,0.0,0.0,1.0,41.0
0.0,519.894741922501,-617.4307744083534,0.0,0.0,1.0,41.0
0.0,520.7120380640463,-631.52551894685,0.0,0.0,1.0,41.0
0.0,520.5172216551887,-619.2541782375305,0.0,0.0,1.0,41.0
0.0,524.7687833199595,-649.8290835967396,0.0,0.0,1.0,41.0
0.0,548.3801664745054,-640.0801844310238,0.0,0.0,1.0,41.0
0.0,506.9499355411058,-638.544695285196,0.0,0.0,1.0,41.0
0.0,509.26459874703914,-623.3210699026016,0.0,0.0,1.0,41.0
0.0,542.0194774079384,-630.2550409514029,0.0,0.0,1.0,41.0
0.0,538.8771330201248,-622.624615010722,0.0,0.0,1.0,41.0
0.0,518.8184100898716,-608.1080107300423,0.0,0.0,1.0,41.0
0.0,518.4248062004197,-613.1661981949889,0.0,0.0,1.0,41.0
0.0,538.3589126763811,-616.87193822334,0.0,0.0,1.0,41.0
0.0,472.65963615972214,-537.5675421545192,0.0,0.0,1.0,41.0
0.0,503.2808157384045,-556.9833561983028,0.0,0.0,1.0,41.0
0.0,479.72056956071515,-576.4913075670656,0.0,0.0,1.0,41.0
0.0,496.2311671985474,-587.4019981027117,0.0,0.0,1.0,41.0
0.0,461.4674692396818,-599.7961463898127,0.0,0.0,1.0,41.0
0.0,494.9043707609728,-578.4868537408921,0.0,0.0,1.0,41.0
0.0,474.9463150757367,-636.9198467287877,0.0,0.0,1.0,41.0
0.0,503.5364463851081,-571.5085704703591,0.0,0.0,1.0,41.0
0.0,488.5277744770226,-599.4711604422034,0.0,0.0,1.0,41.0
0.0,501.29969133145096,-586.0147716313132,0.0,0.0,1.0,41.0
0.0,455.07066906369005,-574.4857909226585,0.0,0.0,1.0,41.0
0.0,493.58380094674885,-573.6359429589485,0.0,0.0,1.0,41.0
0.0,507.6196576807913,-588.4994383016107,0.0,0.0,1.0,41.0
0.0,492.8244567802267,-618.3577695167454,0.0,0.0,1.0,41.0
0.0,488.02460066692356,-581.1671438899966,0.0,0.0,1.0,41.0
0.0,484.97541961670345,-575.0627369949085,0.0,0.0,1.0,41.0
0.0,484.85073395579457,-602.7452287241709,0.0,0.0,1.0,41.0
0.0,496.890120390819,-578.8009901760363,0.0,0.0,1.0,41.0
0.0,514.3536282767523,-594.9602757099562,0.0,0.0,1.0,41.0
0.0,518.8014754722808,-598.7355890584566,0.0,0.0,1.0,41.0
0.0,491.09314921803934,-574.8706257358399,0.0,0.0,1.0,41.0
0.0,474.7039909094774,-583.8099533696396,0.0,0.0,1.0,41.0
0.0,507.5261109113635,-625.2693531665577,0.0,0.0,1.0,41.0
0.0,419.49975089481813,-568.0693743223839,0.0,0.0,1.0,41.0
0.0,452.5346535460458,-595.5268096852732,0.0,0.0,1.0,41.0
0.0,424.0614915312767,-575.9734096865202,0.0,0.0,1.0,41.0
0.0,471.5521562549393,-603.5825632931019,0.0,0.0,1.0,41.0
0.0,428.47967843066976,-574.446711530176,0.0,0.0,1.0,41.0
0.0,415.663418730104,-573.3892379004897,0.0,0.0,1.0,41.0
0.0,477.3899026265358,-548.4193752054875,0.0,0.0,1.0,41.0
0.0,428.4009909723536,-591.9830182339493,0.0,0.0,1.0,41.0
0.0,418.97463484306513,-587.9478380847784,0.0,0.0,1.0,41.0
0.0,481.9538938315575,-581.9270327285849,0.0,0.0,1.0,41.0
0.0,430.7435172873122,-578.3598381047972,0.0,0.0,1.0,41.0
0.0,437.46299045585783,-566.9791323642913,0.0,0.0,1.0,41.0
0.0,433.11547090484237,-561.2013611498415,0.0,0.0,1.0,41.0
0.0,478.63183867559064,-593.6496309253694,0.0,0.0,1.0,41.0
0.0,465.7929110084033,-578.4931433864137,0.0,0.0,1.0,41.0
0.0,428.95186670587736,-600.2685896090505,0.0,0.0,1.0,41.0
0.0,405.6212224272831,-569.3912744117847,0.0,0.0,1.0,41.0
0.0,398.5096438689943,-580.6511094229489,0.0,0.0,1.0,41.0
0.0,430.8414863851676,-567.6810512949055,0.0,0.0,1.0,41.0
0.0,414.58474603704644,-582.8971674119347,0.0,0.0,1.0,41.0
0.0,416.933392620464,-571.9536691320707,0.0,0.0,1.0,41.0
0.0,450.29902362605253,-584.1435303143193,0.0,0.0,1.0,41.0
0.0,434.4167161913697,-592.5973281160376,0.0,0.0,1.0,41.0
0.0,418.4977651037334,-557.248737324424,0.0,0.0,1.0,41.0
0.0,436.05146523731446,-571.6821137246878,0.0,0.0,1.0,41.0
0.0,466.8306683470032,-575.0162132635689,0.0,0.0,1.0,41.0
0.0,460.81762057735705,-596.4680461385005,0.0,0.0,1.0,41.0
0.0,420.45677329205273,-588.2779456403799,0.0,0.0,1.0,41.0
0.0,411.6485671159742,-578.5650747693711,0.0,0.0,1.0,41.0
0.0,438.78390519774166,-570.7529384811754,0.0,0.0,1.0,41.0
0.0,441.9064846248366,-605.0047213298182,0.0,0.0,1.0,41.0
0.0,445.5703022790549,-570.3120524839424,0.0,0.0,1.0,41.0
0.0,466.65220416651573,-559.2023617349131,0.0,0.0,1.0,41.0
0.0,434.10844540950757,-569.0852614884271,0.0,0.0,1.0,41.0
0.0,429.1615449145679,-557.2956190587988,0.0,0.0,1.0,41.0
0.0,473.1838154910017,-624.7356967486619,0.0,0.0,1.0,41.0
0.0,431.0095294668233,-597.8939431036897,0.0,0.0,1.0,41.0
0.0,417.216026202359,-589.9942958361703,0.0,0.0,1.0,41.0
0.0,451.40385485872,-573.6712410787677,0.0,0.0,1.0,41.0
0.0,383.8139301489955,-618.3306550887794,0.0,0.0,1.0,41.0
0.0,359.60014154980286,-613.2419454249741,0.0,0.0,1.0,41.0
0.0,364.4463329013547,-595.2781665084045,0.0,0.0,1.0,41.0
0.0,384.711444889067,-620.128006052685,0.0,0.0,1.0,41.0
0.0,408.9870974542273,-600.3095280116225,0.0,0.0,1.0,41.0
0.0,385.87567952089285,-604.1376397675359,0.0,0.0,1.0,41.0
0.0,473.8714391350559,-612.3851779323844,0.0,0.0,1.0,41.0
0.0,377.6332421705208,-602.4040675904366,0.0,0.0,1.0,41.0
0.0,386.1087761852996,-687.7362225604501,0.0,0.0,1.0,41.0
0.0,390.08916806068237,-631.7142725367414,0.0,0.0,1.0,41.0
0.0,386.5490200464592,-592.5816073598496,0.0,0.0,1.0,41.0
0.0,385.32818649876094,-610.0660209594355,0.0,0.0,1.0,41.0
0.0,379.51731954882734,-614.8846871007793,0.0,0.0,1.0,41.0
0.0,400.9245927136933,-634.3290495044455,0.0,0.0,1.0,41.0
0.0,408.05048312201416,-631.3934241766664,0.0,0.0,1.0,41.0
0.0,386.90294695922694,-617.6001326923869,0.0,0.0,1.0,41.0
0.0,369.56481418465637,-642.4644678459654,0.0,0.0,1.0,41.0
0.0,420.4864736479892,-626.7924878963735,0.0,0.0,1.0,41.0
0.0,370.8077062944037,-612.3167512507539,0.0,0.0,1.0,41.0
0.0,401.8700068677492,-647.1615042129636,0.0,0.0,1.0,41.0
0.0,400.20660992778744,-618.7635408302393,0.0,0.0,1.0,41.0
0.0,369.8460197379459,-640.1065726142372,0.0,0.0,1.0,41.0
0.0,382.69203992546795,-659.8214776494309,0.0,0.0,1.0,41.0
0.0,391.68632532112656,-621.4362895947309,0.0,0.0,1.0,41.0
0.0,374.3132608728906,-602.4155547590286,0.0,0.0,1.0,41.0
0.0,373.8169688709372,-588.828493487878,0.0,0.0,1.0,41.0
0.0,437.62451696748894,-642.6596468196451,0.0,0.0,1.0,41.0
0.0,369.7835494553151,-634.7518912020109,0.0,0.0,1.0,41.0
0.0,396.4272464745361,-618.3508168920378,0.0,0.0,1.0,41.0
0.0,394.1719362748554,-657.0524042580889,0.0,0.0,1.0,41.0
0.0,372.6675346336747,-650.243559950921,0.0,0.0,1.0,41.0
0.0,372.4119347237986,-649.8680006155673,0.0,0.0,1.0,41.0
0.0,382.87588006788997,-622.5055712931672,0.0,0.0,1.0,41.0
0.0,409.39250048189615,-607.8132163586913,0.0,0.0,1.0,41.0
0.0,440.2515058484348,-595.1639939491674,0.0,0.0,1.0,41.0
0.0,450.94776232865365,-674.848225357289,0.0,0.0,1.0,41.0
0.0,368.9556519355092,-643.1307123626927,0.0,0.0,1.0,41.0
0.0,381.72685469270004,-606.1742762193959,0.0,0.0,1.0,41.0
0.0,399.2444708118205,-581.8650107080208,0.0,0.0,1.0,41.0
0.0,398.96316256006867,-614.1220763271115,0.0,0.0,1.0,41.0
0.0,376.2440037758497,-617.0589258569662,0.0,0.0,1.0,41.0
0.0,399.2402960227853,-632.5655829516556,0.0,0.0,1.0,41.0
0.0,361.6999942365444,-627.0728536631016,0.0,0.0,1.0,41.0
0.0,385.437072555427,-622.4860734816733,0.0,0.0,1.0,41.0
0.0,381.5429840295524,-620.2647526661551,0.0,0.0,1.0,41.0
0.0,395.3740511396768,-607.3129485742069,0.0,0.0,1.0,41.0
0.0,418.9120160281134,-643.204033683119,0.0,0.0,1.0,41.0
0.0,396.0503026602655,-587.263488024281,0.0,0.0,1.0,41.0
0.0,377.3778937057268,-624.131380036522,0.0,0.0,1.0,41.0
0.0,387.2319087317162,-622.594240548254,0.0,0.0,1.0,41.0
0.0,394.5064432041586,-686.8675680778551,0.0,0.0,1.0,41.0
0.0,381.7605240451967,-675.2457395350139,0.0,0.0,1.0,41.0
0.0,384.02806597963945,-665.5325085339124,0.0,0.0,1.0,41.0
0.0,393.93510963111066,-631.782888155374,0.0,0.0,1.0,41.0
0.0,390.01436802320313,-657.091457654026,0.0,0.0,1.0,41.0
0.0,392.9023624634692,-682.5266878767532,0.0,0.0,1.0,41.0
0.0,376.3193942893479,-674.4245800317623,0.0,0.0,1.0,41.0
0.0,375.0004879660005,-657.5846626197977,0.0,0.0,1.0,41.0
0.0,410.14404615853596,-697.950729058766,0.0,0.0,1.0,41.0
0.0,377.64345552886607,-721.826662577252,0.0,0.0,1.0,41.0
0.0,388.0488166307682,-692.9868833601537,0.0,0.0,1.0,41.0
0.0,400.5108714826738,-673.9444851941918,0.0,0.0,1.0,41.0
0.0,441.5328475988074,-680.8365440079718,0.0,0.0,1.0,41.0
0.0,384.94400980836053,-668.2114776810722,0.0,0.0,1.0,41.0
0.0,382.3015770795364,-676.6907790166111,0.0,0.0,1.0,41.0
0.0,376.21143936112185,-701.0348889745417,0.0,0.0,1.0,41.0
0.0,418.55849143076784,-673.8998144915034,0.0,0.0,1.0,41.0
0.0,382.7356241982777,-664.9975174601807,0.0,0.0,1.0,41.0
0.0,416.8431103104208,-679.4397536360215,0.0,0.0,1.0,41.0
0.0,405.2925469546976,-650.2983323903651,0.0,0.0,1.0,41.0
0.0,388.76503011965906,-651.7735986745997,0.0,0.0,1.0,41.0
0.0,385.11362452497315,-688.6633115613104,0.0,0.0,1.0,41.0
0.0,377.4772920925823,-649.6637203965764,0.0,0.0,1.0,41.0
0.0,433.6821171361571,-639.6470610898389,0.0,0.0,1.0,41.0
0.0,368.8382528109953,-649.2284642608174,0.0,0.0,1.0,41.0
0.0,392.91530447206924,-690.1202185630565,0.0,0.0,1.0,41.0
0.0,378.10301350091913,-660.9110340067649,0.0,0.0,1.0,41.0
0.0,389.64618913403547,-664.9573394919106,0.0,0.0,1.0,41.0
0.0,425.5435040950729,-688.301080528948,0.0,0.0,1.0,41.0
0.0,432.70731503401043,-702.3305160314203,0.0,0.0,1.0,41.0
0.0,418.19284724004206,-706.7578568523727,0.0,0.0,1.0,41.0
0.0,441.9278206599911,-731.5172176382066,0.0,0.0,1.0,41.0
0.0,474.7608926232074,-711.8421874559006,0.0,0.0,1.0,41.0
0.0,437.2416381291441,-730.6113696831336,0.0,0.0,1.0,41.0
0.0,446.41034001339403,-689.5416440724335,0.0,0.0,1.0,41.0
0.0,454.0994168999507,-752.7088748315804,0.0,0.0,1.0,41.0
0.0,430.54514364296756,-739.2445843513768,0.0,0.0,1.0,41.0
0.0,445.35735873348995,-720.0451711053516,0.0,0.0,1.0,41.0
0.0,444.47281044298506,-728.9991949885219,0.0,0.0,1.0,41.0
0.0,480.34008413403035,-698.0302318307865,0.0,0.0,1.0,41.0
0.0,434.9604250817308,-699.0170371044987,0.0,0.0,1.0,41.0
0.0,430.353452775543,-741.7138685670719,0.0,0.0,1.0,41.0
0.0,405.08851843701154,-716.9261343524164,0.0,0.0,1.0,41.0
0.0,488.5419555666249,-703.920327675901,0.0,0.0,1.0,41.0
0.0,445.3975115939279,-721.9123552591459,0.0,0.0,1.0,41.0
0.0,455.85518885032616,-723.4450776972618,0.0,0.0,1.0,41.0
0.0,393.06467743810344,-714.4384275962681,0.0,0.0,1.0,41.0
0.0,437.46074974918247,-730.06785193843,0.0,0.0,1.0,41.0
0.0,435.35266261245897,-751.0154718306428,0.0,0.0,1.0,41.0
0.0,429.3333452177485,-738.6410267619254,0.0,0.0,1.0,41.0
0.0,438.2020796660245,-733.7968461880208,0.0,0.0,1.0,41.0
0.0,392.7917062874867,-706.0229914881595,0.0,0.0,1.0,41.0
0.0,407.4152397581281,-710.0831633564657,0.0,0.0,1.0,41.0
0.0,397.4635891800267,-721.1479187752776,0.0,0.0,1.0,41.0
0.0,428.7906879817242,-704.2095270880382,0.0,0.0,1.0,41.0
0.0,423.81488645678564,-699.7663448135514,0.0,0.0,1.0,41.0
0.0,447.29509516414214,-679.9385789945321,0.0,0.0,1.0,41.0
0.0,418.8939254109998,-712.5527561291659,0.0,0.0,1.0,41.0
0.0,416.75618924208584,-731.5163889124537,0.0,0.0,1.0,41.0
0.0,433.7229069645448,-722.7139409781346,0.0,0.0,1.0,41.0
0.0,735.0150620114377,-555.8175429965901,0.0,0.0,1.0,42.0
0.0,696.2963693950492,-539.648375715653,0.0,0.0,1.0,42.0
0.0,750.8010857310755,-582.5348768075459,0.0,0.0,1.0,42.0
0.0,724.0315374828592,-559.4955619954778,0.0,0.0,1.0,42.0
0.0,724.9015677994116,-564.9235296578296,0.0,0.0,1.0,42.0
0.0,745.7256154728434,-595.8002147758582,0.0,0.0,1.0,42.0
0.0,743.1100750050514,-559.1611147533728,0.0,0.0,1.0,42.0
0.0,733.051061664271,-566.7978433306004,0.0,0.0,1.0,42.0
0.0,725.2513056841449,-558.5696086322738,0.0,0.0,1.0,42.0
0.0,734.5425644381457,-566.341407735496,0.0,0.0,1.0,42.0
0.0,712.5115646330423,-558.5795534806414,0.0,0.0,1.0,42.0
0.0,730.896701219619,-553.1368913820396,0.0,0.0,1.0,42.0
0.0,727.4515344677025,-569.0881338226814,0.0,0.0,1.0,42.0
0.0,726.9593340959564,-592.3662742295656,0.0,0.0,1.0,42.0
0.0,723.5424771402072,-543.8822896273952,0.0,0.0,1.0,42.0
0.0,717.97432266448,-570.8961022668439,0.0,0.0,1.0,42.0
0.0,738.1188084219539,-569.566336676861,0.0,0.0,1.0,42.0
0.0,716.1547845796181,-569.801220647178,0.0,0.0,1.0,42.0
0.0,724.7599252197615,-601.4402085549486,0.0,0.0,1.0,42.0
0.0,732.0768434337165,-533.0905806741481,0.0,0.0,1.0,42.0
0.0,729.7940885025646,-580.4099290813108,0.0,0.0,1.0,42.0
0.0,758.2607115116157,-572.2159671508998,0.0,0.0,1.0,42.0
0.0,743.6322568396613,-551.4091290075124,0.0,0.0,1.0,42.0
0.0,742.2337554305659,-555.5387065813497,0.0,0.0,1.0,42.0
0.0,734.3422437265317,-572.4338956026232,0.0,0.0,1.0,42.0
0.0,734.6702426359966,-561.7917328241493,0.0,0.0,1.0,42.0
0.0,743.8717997263584,-560.5739121092495,0.0,0.0,1.0,42.0
0.0,765.7861746729291,-542.9907238621445,0.0,0.0,1.0,42.0
0.0,743.9960012015981,-589.119291220057,0.0,0.0,1.0,42.0
0.0,749.0170561997752,-546.5525100051206,0.0,0.0,1.0,42.0
0.0,733.7305077683955,-577.5140352302956,0.0,0.0,1.0,42.0
0.0,733.7982320058863,-536.7158384061888,0.0,0.0,1.0,42.0
0.0,724.3534116423966,-547.3101917934468,0.0,0.0,1.0,42.0
0.0,717.7910853403532,-560.0130192922152,0.0,0.0,1.0,42.0
0.0,736.2300292582663,-555.763944191154,0.0,0.0,1.0,42.0
0.0,729.6902080150285,-579.215265253807,0.0,0.0,1.0,42.0
0.0,716.8082626341052,-513.623785029118,0.0,0.0,1.0,42.0
0.0,702.4876136426524,-497.8191047923066,0.0,0.0,1.0,42.0
0.0,687.7552782288265,-508.5940686495828,0.0,0.0,1.0,42.0
0.0,658.7272231609659,-503.23542387531916,0.0,0.0,1.0,42.0
0.0,699.0751857737205,-536.2862442645742,0.0,0.0,1.0,42.0
0.0,678.2977525485098,-504.2800460857311,0.0,0.0,1.0,42.0
0.0,676.1426093869202,-510.5938016351579,0.0,0.0,1.0,42.0
0.0,697.1621259687613,-510.3888437252542,0.0,0.0,1.0,42.0
0.0,698.8253389875313,-504.0378794546008,0.0,0.0,1.0,42.0
0.0,693.7159602069337,-487.83424858435944,0.0,0.0,1.0,42.0
0.0,717.7837126582849,-503.3625928228124,0.0,0.0,1.0,42.0
0.0,713.3315842590823,-501.07201264117634,0.0,0.0,1.0,42.0
0.0,718.6887792894154,-491.3809546370768,0.0,0.0,1.0,42.0
0.0,684.3313014954106,-510.4369365509282,0.0,0.0,1.0,42.0
0.0,689.9418982370917,-533.86836896524,0.0,0.0,1.0,42.0
0.0,673.4919390590303,-553.1167959133325,0.0,0.0,1.0,42.0
0.0,716.3700039416249,-504.9646679780768,0.0,0.0,1.0,42.0
0.0,695.802660865003,-511.72731692702087,0.0,0.0,1.0,42.0
0.0,714.1065291977484,-492.20252855577985,0.0,0.0,1.0,42.0
0.0,699.353255022158,-488.99327711967817,0.0,0.0,1.0,42.0
0.0,704.2850000998637,-578.5234895256971,0.0,0.0,1.0,42.0
0.0,639.4754817114513,-509.9871887006651,0.0,0.0,1.0,42.0
0.0,716.2469872488377,-509.45369885592663,0.0,0.0,1.0,42.0
0.0,681.4181722438591,-500.109805690941,0.0,0.0,1.0,42.0
0.0,701.2953621937181,-497.5005849149086,0.0,0.0,1.0,42.0
0.0,690.001023345721,-521.730995478235,0.0,0.0,1.0,42.0
0.0,683.2685836074265,-504.4686360541907,0.0,0.0,1.0,42.0
0.0,712.1951932311413,-517.9826804502314,0.0,0.0,1.0,42.0
0.0,720.3304300571767,-516.1751001777291,0.0,0.0,1.0,42.0
0.0,705.1593569030597,-522.9559323968996,0.0,0.0,1.0,42.0
0.0,692.8509967757718,-524.5701644523083,0.0,0.0,1.0,42.0
0.0,698.7463109987962,-511.97692292926774,0.0,0.0,1.0,42.0
0.0,705.6154007277041,-505.29408470048816,0.0,0.0,1.0,42.0
0.0,726.4360402416905,-481.83627934445394,0.0,0.0,1.0,42.0
0.0,717.1498915151278,-513.045783588058,0.0,0.0,1.0,42.0
0.0,657.6036649956598,-494.5445382471362,0.0,0.0,1.0,42.0
0.0,727.8452213620726,-509.5700746810918,0.0,0.0,1.0,42.0
0.0,725.7555751873001,-499.1753462544217,0.0,0.0,1.0,42.0
0.0,707.9468189024988,-503.4306666113075,0.0,0.0,1.0,42.0
0.0,711.0844916060978,-505.71016962438114,0.0,0.0,1.0,42.0
0.0,719.9068808958336,-487.8044643626886,0.0,0.0,1.0,42.0
0.0,717.7470073566124,-482.11396744394426,0.0,0.0,1.0,42.0
0.0,675.5286374391665,-510.72602632477356,0.0,0.0,1.0,42.0
0.0,706.5736346775911,-502.7417748540066,0.0,0.0,1.0,42.0
0.0,688.7356355352049,-519.4481940293966,0.0,0.0,1.0,42.0
0.0,699.7015215985825,-547.383727125179,0.0,0.0,1.0,42.0
0.0,673.3249711481524,-503.6517806455897,0.0,0.0,1.0,42.0
0.0,710.8460285591696,-503.57213605414097,0.0,0.0,1.0,42.0
0.0,694.0728372177907,-500.5061441817985,0.0,0.0,1.0,42.0
0.0,710.5592489041542,-495.5759409719967,0.0,0.0,1.0,42.0
0.0,710.5834143176817,-528.3676862260868,0.0,0.0,1.0,42.0
0.0,652.0183977119386,-498.5490344566449,0.0,0.0,1.0,42.0
0.0,646.3315220685063,-462.7781779044816,0.0,0.0,1.0,42.0
0.0,634.558189884292,-512.5499757455374,0.0,0.0,1.0,42.0
0.0,661.8787077187824,-515.1801736981413,0.0,0.0,1.0,42.0
0.0,652.5410725956524,-487.64929854205775,0.0,0.0,1.0,42.0
0.0,619.4802638075741,-479.9322987877665,0.0,0.0,1.0,42.0
0.0,638.5126136266986,-488.0855723390928,0.0,0.0,1.0,42.0
0.0,662.2358570189435,-472.2199116671627,0.0,0.0,1.0,42.0
0.0,629.0416906306384,-482.1714502250353,0.0,0.0,1.0,42.0
0.0,646.4361105895964,-491.7921908050321,0.0,0.0,1.0,42.0
0.0,642.8294105615669,-501.9886662678166,0.0,0.0,1.0,42.0
0.0,640.709061378172,-497.6476619479321,0.0,0.0,1.0,42.0
0.0,651.3558756968537,-491.9805788770552,0.0,0.0,1.0,42.0
0.0,652.8207340991598,-495.9867643160147,0.0,0.0,1.0,42.0
0.0,658.7901719866677,-473.72671527643274,0.0,0.0,1.0,42.0
0.0,645.4579234644689,-499.510655575232,0.0,0.0,1.0,42.0
0.0,676.6316425492673,-492.5574371939657,0.0,0.0,1.0,42.0
0.0,624.7606192709923,-491.7831514969715,0.0,0.0,1.0,42.0
0.0,620.8555393510537,-563.348791501822,0.0,0.0,1.0,42.0
0.0,634.7281677856645,-487.75149420513037,0.0,0.0,1.0,42.0
0.0,617.4375387641828,-522.8859110991552,0.0,0.0,1.0,42.0
0.0,597.6299961424986,-529.7603031957967,0.0,0.0,1.0,42.0
0.0,582.4733463235307,-529.239015178738,0.0,0.0,1.0,42.0
0.0,583.732324190963,-512.0985232435429,0.0,0.0,1.0,42.0
0.0,603.8813194906709,-505.0689060244014,0.0,0.0,1.0,42.0
0.0,618.968158347343,-539.5705102030649,0.0,0.0,1.0,42.0
0.0,599.2285801043006,-512.560552934262,0.0,0.0,1.0,42.0
0.0,578.8024841785295,-522.0135324170407,0.0,0.0,1.0,42.0
0.0,631.5722019262985,-594.5671821667918,0.0,0.0,1.0,42.0
0.0,633.9266682817733,-563.185831368513,0.0,0.0,1.0,42.0
0.0,593.8869670528011,-528.0037248809165,0.0,0.0,1.0,42.0
0.0,607.5756798711782,-541.8719011044723,0.0,0.0,1.0,42.0
0.0,611.844843267028,-521.1021035883862,0.0,0.0,1.0,42.0
0.0,614.1154509910407,-504.05400763927275,0.0,0.0,1.0,42.0
0.0,601.9021533771761,-508.3866934323405,0.0,0.0,1.0,42.0
0.0,618.8233010888771,-535.613596133242,0.0,0.0,1.0,42.0
0.0,597.5524397593204,-508.00945643125135,0.0,0.0,1.0,42.0
0.0,620.3904692287836,-590.2724851330216,0.0,0.0,1.0,42.0
0.0,624.7603153044854,-535.334711658004,0.0,0.0,1.0,42.0
0.0,603.6761962079831,-525.1323509397636,0.0,0.0,1.0,42.0
0.0,606.4427650171497,-494.6106509907646,0.0,0.0,1.0,42.0
0.0,586.0165748892814,-566.1298983462727,0.0,0.0,1.0,42.0
0.0,610.8242707693644,-496.9037561167372,0.0,0.0,1.0,42.0
0.0,566.7771338551831,-537.8949360795727,0.0,0.0,1.0,42.0
0.0,599.029228016122,-511.00580443889703,0.0,0.0,1.0,42.0
0.0,603.113499863834,-496.6333979176736,0.0,0.0,1.0,42.0
0.0,654.3538682246381,-610.1220502256045,0.0,0.0,1.0,42.0
0.0,613.6188800093112,-507.4739362007758,0.0,0.0,1.0,42.0
0.0,603.4820943710865,-508.02479923595513,0.0,0.0,1.0,42.0
0.0,585.3440127603722,-519.9668509181504,0.0,0.0,1.0,42.0
0.0,635.7346948040213,-531.662635924789,0.0,0.0,1.0,42.0
0.0,631.9400684484658,-600.8022332943141,0.0,0.0,1.0,42.0
0.0,631.3454419076568,-505.3257345197933,0.0,0.0,1.0,42.0
0.0,612.0582724088192,-544.6214231953617,0.0,0.0,1.0,42.0
0.0,589.108100768392,-536.0777364645742,0.0,0.0,1.0,42.0
0.0,608.7315864843176,-503.93232844318743,0.0,0.0,1.0,42.0
0.0,636.6647425951628,-526.913604610531,0.0,0.0,1.0,42.0
0.0,585.8779885684571,-518.6194283417043,0.0,0.0,1.0,42.0
0.0,590.4917340633176,-542.5669903034238,0.0,0.0,1.0,42.0
0.0,606.9813423959447,-513.0782447604555,0.0,0.0,1.0,42.0
0.0,588.9367909555153,-508.76027543670045,0.0,0.0,1.0,42.0
0.0,646.0308103200216,-568.2385652288573,0.0,0.0,1.0,42.0
0.0,609.2401536500488,-533.1602809815998,0.0,0.0,1.0,42.0
0.0,599.1719496764758,-508.02511695817793,0.0,0.0,1.0,42.0
0.0,605.1247568950394,-613.1882651714922,0.0,0.0,1.0,42.0
0.0,616.9708557530366,-642.3449433596676,0.0,0.0,1.0,42.0
0.0,603.8142997020866,-601.6372965254026,0.0,0.0,1.0,42.0
0.0,620.6200912245481,-626.238606935417,0.0,0.0,1.0,42.0
0.0,620.7220413479463,-578.3165237174542,0.0,0.0,1.0,42.0
0.0,621.2686044748089,-611.169956720782,0.0,0.0,1.0,42.0
0.0,597.4462462350427,-621.6099847719132,0.0,0.0,1.0,42.0
0.0,604.7109756203658,-567.3047810200562,0.0,0.0,1.0,42.0
0.0,609.3285392165203,-633.1492294627973,0.0,0.0,1.0,42.0
0.0,612.1865624418385,-616.3734510863234,0.0,0.0,1.0,42.0
0.0,606.6116572796568,-615.0844877006173,0.0,0.0,1.0,42.0
0.0,595.5506913940972,-626.589955566913,0.0,0.0,1.0,42.0
0.0,621.5753571106206,-615.0141302133154,0.0,0.0,1.0,42.0
0.0,605.8255792136697,-628.943736967042,0.0,0.0,1.0,42.0
0.0,630.621619979823,-599.8918090593312,0.0,0.0,1.0,42.0
0.0,586.9193612088243,-625.5854626079628,0.0,0.0,1.0,42.0
0.0,589.9643358891176,-624.4278248835436,0.0,0.0,1.0,42.0
0.0,620.7740600691466,-633.9031665540404,0.0,0.0,1.0,42.0
0.0,600.0200957911875,-632.8705741547492,0.0,0.0,1.0,42.0
0.0,646.4273369172429,-632.337937011788,0.0,0.0,1.0,42.0
0.0,618.3885737274127,-651.8208644775929,0.0,0.0,1.0,42.0
0.0,617.3348410547262,-651.8285430190563,0.0,0.0,1.0,42.0
0.0,609.1223803297535,-600.5794433354397,0.0,0.0,1.0,42.0
0.0,673.5979343591257,-651.0883553892966,0.0,0.0,1.0,42.0
0.0,656.1083134129285,-636.3043629854083,0.0,0.0,1.0,42.0
0.0,682.4408224405101,-590.0537168307627,0.0,0.0,1.0,42.0
0.0,681.9741531179925,-640.0953806865156,0.0,0.0,1.0,42.0
0.0,659.2797174034704,-615.8258616468677,0.0,0.0,1.0,42.0
0.0,675.702637652555,-657.4639389214836,0.0,0.0,1.0,42.0
0.0,661.37414816827,-584.2693504355988,0.0,0.0,1.0,42.0
0.0,647.5196526400462,-654.3195739076073,0.0,0.0,1.0,42.0
0.0,667.6560096712367,-653.1594805321338,0.0,0.0,1.0,42.0
0.0,658.2761344090866,-646.394565211194,0.0,0.0,1.0,42.0
0.0,698.4712309977549,-630.761888785589,0.0,0.0,1.0,42.0
0.0,682.0219508566324,-668.6089169095385,0.0,0.0,1.0,42.0
0.0,666.1924742646884,-566.2983145563728,0.0,0.0,1.0,42.0
0.0,678.2768105440705,-564.6405313132544,0.0,0.0,1.0,42.0
0.0,659.8107650046982,-640.1513765383808,0.0,0.0,1.0,42.0
0.0,663.8943820650115,-663.7817108296099,0.0,0.0,1.0,42.0
0.0,667.1739391317437,-610.854760891863,0.0,0.0,1.0,42.0
0.0,703.0248208334369,-650.1492315318259,0.0,0.0,1.0,42.0
0.0,682.1731800249793,-637.4966980191771,0.0,0.0,1.0,42.0
0.0,686.3443587104694,-646.9358948228714,0.0,0.0,1.0,42.0
0.0,663.3804169177756,-667.852912682063,0.0,0.0,1.0,42.0
0.0,649.078728620299,-649.8201731020775,0.0,0.0,1.0,42.0
0.0,660.5307186882758,-652.6854157886418,0.0,0.0,1.0,42.0
0.0,671.6142350266355,-653.4435397220304,0.0,0.0,1.0,42.0
0.0,644.7150314856735,-598.084039341679,0.0,0.0,1.0,42.0
0.0,637.6503646141755,-630.1438478794141,0.0,0.0,1.0,42.0
0.0,664.4618130217643,-663.0909813466557,0.0,0.0,1.0,42.0
0.0,666.4373322711895,-658.8478448250578,0.0,0.0,1.0,42.0
0.0,710.4843440959739,-639.5221281320052,0.0,0.0,1.0,42.0
0.0,656.028856090571,-637.3253118790406,0.0,0.0,1.0,42.0
0.0,729.7539203401939,-616.3700202056319,0.0,0.0,1.0,42.0
0.0,708.2923993003842,-599.7392555270081,0.0,0.0,1.0,42.0
0.0,721.9953899653824,-613.8303747038033,0.0,0.0,1.0,42.0
0.0,689.1121962228638,-642.0949893171872,0.0,0.0,1.0,42.0
0.0,737.0725234270949,-621.182684926444,0.0,0.0,1.0,42.0
0.0,743.9712670987315,-598.0355962657208,0.0,0.0,1.0,42.0
0.0,726.7044594817085,-617.3429892295619,0.0,0.0,1.0,42.0
0.0,730.6202305432694,-606.5535992522961,0.0,0.0,1.0,42.0
0.0,724.4102187062103,-618.4026939597516,0.0,0.0,1.0,42.0
0.0,681.7306877218107,-543.2372866648191,0.0,0.0,1.0,42.0
0.0,710.4000043662172,-615.360545725595,0.0,0.0,1.0,42.0
0.0,735.9717967962965,-628.1916328111201,0.0,0.0,1.0,42.0
0.0,698.3635830518538,-557.7752005903527,0.0,0.0,1.0,42.0
0.0,715.6761300710191,-614.78135507056,0.0,0.0,1.0,42.0
0.0,714.7921884048919,-631.1256839736286,0.0,0.0,1.0,42.0
0.0,715.9604017743218,-634.834505324319,0.0,0.0,1.0,42.0
0.0,711.0735200258237,-633.8250227599999,0.0,0.0,1.0,42.0
0.0,730.6107888419424,-615.6734247498226,0.0,0.0,1.0,42.0
0.0,728.8864627365624,-618.8180245795882,0.0,0.0,1.0,42.0
0.0,728.0876208987843,-613.9812365176871,0.0,0.0,1.0,42.0
0.0,713.0518808577394,-582.5433521504953,0.0,0.0,1.0,42.0
0.0,680.3867318345933,-611.6923583408227,0.0,0.0,1.0,42.0
0.0,721.9348992746018,-635.3994474302419,0.0,0.0,1.0,42.0
0.0,708.8141038269232,-597.800421979907,0.0,0.0,1.0,42.0
0.0,718.3172589083588,-608.7383717056292,0.0,0.0,1.0,42.0
0.0,721.5115823789074,-641.3069440075537,0.0,0.0,1.0,42.0
0.0,724.2233819224107,-585.4842083628457,0.0,0.0,1.0,42.0
0.0,678.4957717431785,-321.12247118296955,0.0,0.0,1.0,43.0
0.0,712.4851922422677,-344.32888743899525,0.0,0.0,1.0,43.0
0.0,705.0270576521443,-335.8174101395863,0.0,0.0,1.0,43.0
0.0,685.6976816270046,-335.72882894140866,0.0,0.0,1.0,43.0
0.0,679.9809412370537,-323.7979070141646,0.0,0.0,1.0,43.0
0.0,781.7495305569523,-326.23788146869697,0.0,0.0,1.0,43.0
0.0,706.2670535574807,-326.96108685918125,0.0,0.0,1.0,43.0
0.0,783.0333908205475,-351.1376943020098,0.0,0.0,1.0,43.0
0.0,721.8014455625034,-325.7439592873866,0.0,0.0,1.0,43.0
0.0,735.0969060519978,-372.734465808418,0.0,0.0,1.0,43.0
0.0,730.2862393855276,-427.22496826482916,0.0,0.0,1.0,43.0
0.0,715.3427075159675,-381.693149787307,0.0,0.0,1.0,43.0
0.0,698.887482479704,-337.6077802612865,0.0,0.0,1.0,43.0
0.0,703.2438309499053,-359.7342467048277,0.0,0.0,1.0,43.0
0.0,693.0421401350022,-424.4298813586031,0.0,0.0,1.0,43.0
0.0,678.6963487725491,-350.1595427130927,0.0,0.0,1.0,43.0
0.0,714.798548148066,-366.4665799794592,0.0,0.0,1.0,43.0
0.0,711.4052604384574,-396.2194493612385,0.0,0.0,1.0,43.0
0.0,713.0650307062647,-319.48887587830563,0.0,0.0,1.0,43.0
0.0,744.2635626449783,-323.1035563451801,0.0,0.0,1.0,43.0
0.0,698.185530229081,-342.4517410643748,0.0,0.0,1.0,43.0
0.0,753.0142085496595,-335.9873527465013,0.0,0.0,1.0,43.0
0.0,752.1116405510497,-378.0480502774394,0.0,0.0,1.0,43.0
0.0,727.2226222831973,-315.0383478958606,0.0,0.0,1.0,43.0
0.0,683.6089329247911,-345.75018151668814,0.0,0.0,1.0,43.0
0.0,724.3001186262786,-412.1048696772639,0.0,0.0,1.0,43.0
0.0,691.2378629777468,-342.5154872509713,0.0,0.0,1.0,43.0
0.0,704.0413526311127,-369.29788522285367,0.0,0.0,1.0,43.0
0.0,717.7730750730293,-340.7006872396803,0.0,0.0,1.0,43.0
0.0,723.2817008974857,-454.11993106087505,0.0,0.0,1.0,43.0
0.0,741.7379506774591,-449.55326126833586,0.0,0.0,1.0,43.0
0.0,742.3397106090365,-443.6579714209978,0.0,0.0,1.0,43.0
0.0,712.6510666237386,-450.62317952195383,0.0,0.0,1.0,43.0
0.0,718.2570516751712,-472.15305307745746,0.0,0.0,1.0,43.0
0.0,749.6280252236506,-472.0969492007865,0.0,0.0,1.0,43.0
0.0,726.9246986738544,-445.5367509215439,0.0,0.0,1.0,43.0
0.0,757.3327982825481,-410.33673849674744,0.0,0.0,1.0,43.0
0.0,724.8209919385686,-397.4344727343956,0.0,0.0,1.0,43.0
0.0,736.5665291328442,-446.8008724733945,0.0,0.0,1.0,43.0
0.0,707.7887716189689,-432.60099801430533,0.0,0.0,1.0,43.0
0.0,728.8222342304457,-446.4411414067613,0.0,0.0,1.0,43.0
0.0,751.7052708546321,-415.0581356645014,0.0,0.0,1.0,43.0
0.0,773.4652599017668,-418.26415280992,0.0,0.0,1.0,43.0
0.0,743.1635670054197,-460.46771721230755,0.0,0.0,1.0,43.0
0.0,707.6823227407021,-453.1159936614878,0.0,0.0,1.0,43.0
0.0,708.6839321932944,-424.9278263282122,0.0,0.0,1.0,43.0
0.0,702.4026226707692,-436.9224004959566,0.0,0.0,1.0,43.0
0.0,715.4092334425582,-403.7874818626482,0.0,0.0,1.0,43.0
0.0,779.4897754657122,-448.0851575303508,0.0,0.0,1.0,43.0
0.0,784.8103133957115,-456.71229740908166,0.0,0.0,1.0,43.0
0.0,768.7429111326205,-467.60708230113823,0.0,0.0,1.0,43.0
0.0,774.6721443637239,-481.0183746678565,0.0,0.0,1.0,43.0
0.0,781.5773814274339,-448.58078011090447,0.0,0.0,1.0,43.0
0.0,749.3013578090354,-415.01097068284014,0.0,0.0,1.0,43.0
0.0,803.2308905422383,-480.8859528898457,0.0,0.0,1.0,43.0
0.0,774.5960255417062,-450.01201389628113,0.0,0.0,1.0,43.0
0.0,764.2406314166924,-476.86410681894756,0.0,0.0,1.0,43.0
0.0,792.4292430878772,-444.49674675523465,0.0,0.0,1.0,43.0
0.0,794.4822936729684,-452.09351239004286,0.0,0.0,1.0,43.0
0.0,796.3507945334327,-469.44645724388545,0.0,0.0,1.0,43.0
0.0,770.5981488870152,-469.7324050484831,0.0,0.0,1.0,43.0
0.0,759.4892605791802,-471.6859669950775,0.0,0.0,1.0,43.0
0.0,790.806264932899,-497.72210745905284,0.0,0.0,1.0,43.0
0.0,790.7952432363791,-453.7193562449859,0.0,0.0,1.0,43.0
0.0,794.4791884105093,-407.044173479693,0.0,0.0,1.0,43.0
0.0,764.033733476685,-455.25794738483853,0.0,0.0,1.0,43.0
0.0,750.2853381861164,-444.3773746066206,0.0,0.0,1.0,43.0
0.0,765.6343093823893,-471.320305191093,0.0,0.0,1.0,43.0
0.0,774.3210252944436,-468.419516445328,0.0,0.0,1.0,43.0
0.0,774.0694550427306,-438.69855149428236,0.0,0.0,1.0,43.0
0.0,805.641389850166,-423.7777477797265,0.0,0.0,1.0,43.0
0.0,775.8442382633807,-469.65861373686823,0.0,0.0,1.0,43.0
0.0,780.1365406312771,-435.68468488962276,0.0,0.0,1.0,43.0
0.0,784.6740772409098,-454.4497623735572,0.0,0.0,1.0,43.0
0.0,796.4285316033997,-482.391557235061,0.0,0.0,1.0,43.0
0.0,817.2741950334316,-455.384719182299,0.0,0.0,1.0,43.0
0.0,828.9760573812332,-463.7315801359615,0.0,0.0,1.0,43.0
0.0,792.1529574184424,-465.06339267597593,0.0,0.0,1.0,43.0
0.0,777.0507392949571,-464.9694176370573,0.0,0.0,1.0,43.0
0.0,777.1929850837491,-459.9128196658688,0.0,0.0,1.0,43.0
0.0,786.5573825873494,-459.69782273784654,0.0,0.0,1.0,43.0
0.0,790.2079543501054,-435.06082997085184,0.0,0.0,1.0,43.0
0.0,815.6369875295386,-394.2638129574441,0.0,0.0,1.0,43.0
0.0,813.4417695854427,-409.3220460719725,0.0,0.0,1.0,43.0
0.0,810.5188769120623,-454.5812134157045,0.0,0.0,1.0,43.0
0.0,837.3718557690731,-429.60080320886084,0.0,0.0,1.0,43.0
0.0,810.566821542945,-433.66626072370866,0.0,0.0,1.0,43.0
0.0,838.1423691399091,-410.03783626303266,0.0,0.0,1.0,43.0
0.0,827.9568253566281,-437.63811934419505,0.0,0.0,1.0,43.0
0.0,819.9830675120434,-450.6996570017259,0.0,0.0,1.0,43.0
0.0,830.0334816993609,-439.8235625250886,0.0,0.0,1.0,43.0
0.0,830.3107972381235,-451.5784583168062,0.0,0.0,1.0,43.0
0.0,737.486190932344,-431.747791076279,0.0,0.0,1.0,43.0
0.0,799.841455015167,-474.7667058203025,0.0,0.0,1.0,43.0
0.0,762.2723382626073,-404.6957206014728,0.0,0.0,1.0,43.0
0.0,812.2492837570499,-442.0353779985967,0.0,0.0,1.0,43.0
0.0,854.3599405479313,-435.1015011252091,0.0,0.0,1.0,43.0
0.0,828.177501878286,-434.9631401215611,0.0,0.0,1.0,43.0
0.0,820.8260065417148,-447.72412400633993,0.0,0.0,1.0,43.0
0.0,816.07519885792,-423.5416197828364,0.0,0.0,1.0,43.0
0.0,834.1388075222617,-419.1631624226775,0.0,0.0,1.0,43.0
0.0,859.0046105390361,-454.15905533592183,0.0,0.0,1.0,43.0
0.0,844.9756195861823,-409.6230060453287,0.0,0.0,1.0,43.0
0.0,788.3193596834394,-417.9067267096906,0.0,0.0,1.0,43.0
0.0,834.9421890893509,-435.0657941405864,0.0,0.0,1.0,43.0
0.0,806.523095685362,-425.5461035090858,0.0,0.0,1.0,43.0
0.0,817.2081664280659,-417.34628520640706,0.0,0.0,1.0,43.0
0.0,833.5673162612397,-416.16132108310353,0.0,0.0,1.0,43.0
0.0,780.2542890019754,-453.95923641033414,0.0,0.0,1.0,43.0
0.0,816.1607924751538,-441.58311086094614,0.0,0.0,1.0,43.0
0.0,831.9516815128259,-394.5542585356352,0.0,0.0,1.0,43.0
0.0,834.1500114131941,-446.58581882152146,0.0,0.0,1.0,43.0
0.0,810.728746466561,-439.9557395094396,0.0,0.0,1.0,43.0
0.0,829.6819630791238,-384.49790093449906,0.0,0.0,1.0,43.0
0.0,843.1221747889081,-382.79663343778327,0.0,0.0,1.0,43.0
0.0,818.8407712100043,-451.35660149220314,0.0,0.0,1.0,43.0
0.0,836.5309724498743,-426.24909683137264,0.0,0.0,1.0,43.0
0.0,841.6113263865841,-400.05581310445086,0.0,0.0,1.0,43.0
0.0,806.0758252364972,-462.1167757346002,0.0,0.0,1.0,43.0
0.0,792.5549099935374,-369.7120064166053,0.0,0.0,1.0,43.0
0.0,820.0108887651495,-439.6550110969571,0.0,0.0,1.0,43.0
0.0,816.7679895170313,-455.33790549356513,0.0,0.0,1.0,43.0
0.0,834.5227313459827,-403.1187651363025,0.0,0.0,1.0,43.0
0.0,826.3482217810606,-423.51008022695225,0.0,0.0,1.0,43.0
0.0,815.3238948834446,-435.73070350104217,0.0,0.0,1.0,43.0
0.0,831.8652375680408,-413.8310964377157,0.0,0.0,1.0,43.0
0.0,840.2393135356438,-460.57046213376657,0.0,0.0,1.0,43.0
0.0,841.7808272076936,-436.89669102100413,0.0,0.0,1.0,43.0
0.0,825.2905530566372,-443.4266870845813,0.0,0.0,1.0,43.0
0.0,834.8296427952696,-438.08727920490867,0.0,0.0,1.0,43.0
0.0,812.044837415152,-448.7289435461439,0.0,0.0,1.0,43.0
0.0,836.9248093166857,-409.5401531987171,0.0,0.0,1.0,43.0
0.0,820.998411124956,-415.31199346461096,0.0,0.0,1.0,43.0
0.0,838.5923136231431,-421.82075723491903,0.0,0.0,1.0,43.0
0.0,843.4751166300694,-423.6043857154916,0.0,0.0,1.0,43.0
0.0,833.2373980321377,-376.4443101210136,0.0,0.0,1.0,43.0
0.0,792.8137709970288,-315.74013740234045,0.0,0.0,1.0,43.0
0.0,854.9214261186089,-399.52105677172585,0.0,0.0,1.0,43.0
0.0,855.155614963176,-378.5859069192485,0.0,0.0,1.0,43.0
0.0,832.2256746157695,-389.6098646385849,0.0,0.0,1.0,43.0
0.0,864.4409930037918,-396.9075883391513,0.0,0.0,1.0,43.0
0.0,839.3783786325689,-363.27428340660026,0.0,0.0,1.0,43.0
0.0,837.5870226735951,-393.98279919211313,0.0,0.0,1.0,43.0
0.0,836.09513166433,-381.0932063433395,0.0,0.0,1.0,43.0
0.0,806.7706863349576,-382.254093047286,0.0,0.0,1.0,43.0
0.0,841.0396125311968,-364.73245087751525,0.0,0.0,1.0,43.0
0.0,855.1561949990887,-341.9329810825998,0.0,0.0,1.0,43.0
0.0,840.0444754669802,-384.0076991286054,0.0,0.0,1.0,43.0
0.0,842.0014874253252,-390.55408849978926,0.0,0.0,1.0,43.0
0.0,838.9719531383589,-402.8564263020646,0.0,0.0,1.0,43.0
0.0,846.7192075326043,-342.8478793518465,0.0,0.0,1.0,43.0
0.0,849.7251143515778,-402.1617253997281,0.0,0.0,1.0,43.0
0.0,851.634582153054,-386.35154589511603,0.0,0.0,1.0,43.0
0.0,853.9560583963275,-376.7859609420169,0.0,0.0,1.0,43.0
0.0,817.7117933493969,-376.58983810998484,0.0,0.0,1.0,43.0
0.0,857.652404018982,-400.40708387360473,0.0,0.0,1.0,43.0
0.0,842.120819547315,-369.48476812895615,0.0,0.0,1.0,43.0
0.0,827.7686463577334,-403.10979529622136,0.0,0.0,1.0,43.0
0.0,853.1530495705879,-384.5793661894004,0.0,0.0,1.0,43.0
0.0,846.0375746797745,-358.83664988755675,0.0,0.0,1.0,43.0
0.0,831.906891434352,-340.80422798770087,0.0,0.0,1.0,43.0
0.0,857.0079316279471,-375.2341116234768,0.0,0.0,1.0,43.0
0.0,825.9528440747176,-379.98971689228415,0.0,0.0,1.0,43.0
0.0,889.3421557970296,-378.06167564213297,0.0,0.0,1.0,43.0
0.0,848.3085293546987,-386.58821436355083,0.0,0.0,1.0,43.0
0.0,843.5255029755535,-359.05672211516753,0.0,0.0,1.0,43.0
0.0,841.0176972203585,-410.128668473101,0.0,0.0,1.0,43.0
0.0,777.3687953433923,-383.0504229620907,0.0,0.0,1.0,43.0
0.0,800.5774523324922,-338.67451079344426,0.0,0.0,1.0,43.0
0.0,775.6593402245985,-308.95556639227743,0.0,0.0,1.0,43.0
0.0,805.553021692052,-323.41183685157716,0.0,0.0,1.0,43.0
0.0,795.9111997072737,-331.9517267897936,0.0,0.0,1.0,43.0
0.0,827.3398196841249,-343.01083299377547,0.0,0.0,1.0,43.0
0.0,795.1026835483622,-315.4125098149093,0.0,0.0,1.0,43.0
0.0,820.8119577729008,-334.97217747947366,0.0,0.0,1.0,43.0
0.0,809.485531533614,-355.4746096319453,0.0,0.0,1.0,43.0
0.0,795.2613181826014,-299.57776731876106,0.0,0.0,1.0,43.0
0.0,847.7190480092218,-341.80320306779413,0.0,0.0,1.0,43.0
0.0,811.4701927572974,-331.7289820014598,0.0,0.0,1.0,43.0
0.0,790.1181406298415,-308.865430373105,0.0,0.0,1.0,43.0
0.0,773.0119315752513,-346.8273859678104,0.0,0.0,1.0,43.0
0.0,819.7157137211452,-355.8342565104448,0.0,0.0,1.0,43.0
0.0,838.0309606851556,-342.96663411604356,0.0,0.0,1.0,43.0
0.0,804.0152304545468,-329.3944014415374,0.0,0.0,1.0,43.0
0.0,831.5794922192081,-315.14143186676574,0.0,0.0,1.0,43.0
0.0,763.7684570290489,-310.3373078424461,0.0,0.0,1.0,43.0
0.0,801.6649772789679,-326.989723693873,0.0,0.0,1.0,43.0
0.0,784.1986402893881,-312.2477508986435,0.0,0.0,1.0,43.0
0.0,828.1211870398474,-341.49671645749095,0.0,0.0,1.0,43.0
0.0,801.3361293028538,-339.68525574903947,0.0,0.0,1.0,43.0
0.0,797.6655844056272,-331.6957181826913,0.0,0.0,1.0,43.0
0.0,813.4255416776073,-334.7807462285534,0.0,0.0,1.0,43.0
0.0,831.7983027758123,-323.6143530516656,0.0,0.0,1.0,43.0
0.0,821.2643629395429,-332.075285614907,0.0,0.0,1.0,43.0
0.0,817.6356606238242,-338.8639075539452,0.0,0.0,1.0,43.0
0.0,809.2509221795303,-312.8149929125484,0.0,0.0,1.0,43.0
0.0,813.0184093503403,-324.9613991677195,0.0,0.0,1.0,43.0
0.0,720.3702102786133,-317.5790270717198,0.0,0.0,1.0,43.0
0.0,754.8427445061102,-306.2766419522102,0.0,0.0,1.0,43.0
0.0,749.0624112462633,-314.6906772850616,0.0,0.0,1.0,43.0
0.0,761.4165165456479,-330.39656166507007,0.0,0.0,1.0,43.0
0.0,788.7468000476642,-368.7374857777006,0.0,0.0,1.0,43.0
0.0,708.044424920562,-329.78579541783506,0.0,0.0,1.0,43.0
0.0,734.2857833291541,-357.50417831816117,0.0,0.0,1.0,43.0
0.0,746.9327051516862,-312.9992984155051,0.0,0.0,1.0,43.0
0.0,735.3249473612409,-310.7765051930878,0.0,0.0,1.0,43.0
0.0,731.3555060725062,-372.1273727693672,0.0,0.0,1.0,43.0
0.0,750.7877945904643,-327.2796097515288,0.0,0.0,1.0,43.0
0.0,736.9531430143943,-302.83592591749334,0.0,0.0,1.0,43.0
0.0,745.7947131572932,-324.1804970779201,0.0,0.0,1.0,43.0
0.0,738.6190340184426,-300.7675807886503,0.0,0.0,1.0,43.0
0.0,748.1599246790615,-307.36205185336166,0.0,0.0,1.0,43.0
0.0,761.7449167054333,-304.3914532695662,0.0,0.0,1.0,43.0
0.0,752.3187254692384,-309.3774343393959,0.0,0.0,1.0,43.0
0.0,745.9374989426938,-312.77480860952164,0.0,0.0,1.0,43.0
0.0,726.4573598952443,-302.9786253133425,0.0,0.0,1.0,43.0
0.0,739.5886564248158,-313.5554977772322,0.0,0.0,1.0,43.0
0.0,747.1051096859087,-322.3613886106655,0.0,0.0,1.0,43.0
0.0,779.0840219651777,-381.1924465188242,0.0,0.0,1.0,43.0
0.0,724.5186203447415,-310.15240077503313,0.0,0.0,1.0,43.0
0.0,741.5853429937192,-314.86400638720147,0.0,0.0,1.0,43.0
0.0,746.1020990162483,-333.2487572955479,0.0,0.0,1.0,43.0
0.0,717.4090924306006,-308.12990137895576,0.0,0.0,1.0,43.0
0.0,915.2436756463162,-231.32693337423552,0.0,0.0,1.0,44.0
0.0,911.9827253312778,-212.2999180900665,0.0,0.0,1.0,44.0
0.0,917.060714754733,-201.85737988329288,0.0,0.0,1.0,44.0
0.0,897.7959194716123,-197.3453307522534,0.0,0.0,1.0,44.0
0.0,906.6642017166682,-223.48577342365434,0.0,0.0,1.0,44.0
0.0,909.4983684194917,-184.89029852329168,0.0,0.0,1.0,44.0
0.0,914.7237709970682,-204.75350037339263,0.0,0.0,1.0,44.0
0.0,896.7020412010515,-191.83571442706034,0.0,0.0,1.0,44.0
0.0,897.7314036782273,-194.0678810031452,0.0,0.0,1.0,44.0
0.0,912.755082328235,-225.63633424202771,0.0,0.0,1.0,44.0
0.0,884.3885895424214,-240.09641210339578,0.0,0.0,1.0,44.0
0.0,904.7264489203612,-191.6132184522785,0.0,0.0,1.0,44.0
0.0,908.3836122402486,-176.30196279271263,0.0,0.0,1.0,44.0
0.0,876.569574007086,-151.54130526569224,0.0,0.0,1.0,44.0
0.0,896.4843937933215,-210.7656522035943,0.0,0.0,1.0,44.0
0.0,905.8525468114663,-180.21594432994743,0.0,0.0,1.0,44.0
0.0,900.3407703221014,-236.4800267996634,0.0,0.0,1.0,44.0
0.0,900.5194788936928,-206.1390909930651,0.0,0.0,1.0,44.0
0.0,897.6524107938849,-198.2451223109183,0.0,0.0,1.0,44.0
0.0,912.3337078433119,-198.27594244190573,0.0,0.0,1.0,44.0
0.0,878.8667497400015,-212.81449070613394,0.0,0.0,1.0,44.0
0.0,907.3654843140189,-203.18451727767888,0.0,0.0,1.0,44.0
0.0,862.356908079928,-148.64176853763865,0.0,0.0,1.0,44.0
0.0,910.1261106722773,-221.6487711809657,0.0,0.0,1.0,44.0
0.0,910.535480286127,-193.5921185715681,0.0,0.0,1.0,44.0
0.0,916.1676108271304,-185.45802261863787,0.0,0.0,1.0,44.0
0.0,907.2369442961917,-193.71976141623168,0.0,0.0,1.0,44.0
0.0,891.8758962840416,-213.87211699688692,0.0,0.0,1.0,44.0
0.0,918.290492078037,-203.88402793002228,0.0,0.0,1.0,44.0
0.0,888.9611616365696,-195.54048135519088,0.0,0.0,1.0,44.0
0.0,929.959008399645,-177.7095411260193,0.0,0.0,1.0,44.0
0.0,916.1994763521225,-182.06528773088917,0.0,0.0,1.0,44.0
0.0,897.2022148560682,-181.28000703107818,0.0,0.0,1.0,44.0
0.0,889.0403469814796,-126.902830740343,0.0,0.0,1.0,44.0
0.0,867.2885725644405,-129.8962269722515,0.0,0.0,1.0,44.0
0.0,921.3573141206825,-128.36988230811676,0.0,0.0,1.0,44.0
0.0,878.4771244992248,-138.5650598374266,0.0,0.0,1.0,44.0
0.0,866.6817040208962,-140.24665691692758,0.0,0.0,1.0,44.0
0.0,893.088823353015,-188.34897425533813,0.0,0.0,1.0,44.0
0.0,904.9643688098645,-148.07768481479548,0.0,0.0,1.0,44.0
0.0,903.3576781202651,-139.411107444457,0.0,0.0,1.0,44.0
0.0,889.100024860149,-152.75449320412326,0.0,0.0,1.0,44.0
0.0,827.148419341363,-143.1134190306293,0.0,0.0,1.0,44.0
0.0,895.747037358296,-128.38103395164535,0.0,0.0,1.0,44.0
0.0,888.2872330965829,-151.882726628711,0.0,0.0,1.0,44.0
0.0,896.2642424090609,-129.07570692574905,0.0,0.0,1.0,44.0
0.0,885.9605002776084,-166.85018120719587,0.0,0.0,1.0,44.0
0.0,896.9117340804946,-158.9959739212709,0.0,0.0,1.0,44.0
0.0,897.5751836499253,-169.09558363174165,0.0,0.0,1.0,44.0
0.0,892.7803936862574,-139.0144425886126,0.0,0.0,1.0,44.0
0.0,915.7361023761459,-120.69899206610376,0.0,0.0,1.0,44.0
0.0,890.3678338780219,-133.58678378926834,0.0,0.0,1.0,44.0
0.0,900.5562454507772,-146.08425505980995,0.0,0.0,1.0,44.0
0.0,883.3320346011574,-175.23964428712065,0.0,0.0,1.0,44.0
0.0,901.7216474092588,-111.6096308660567,0.0,0.0,1.0,44.0
0.0,871.4989655557674,-139.8044750015456,0.0,0.0,1.0,44.0
0.0,843.4004226856755,-105.2598664984937,0.0,0.0,1.0,44.0
0.0,874.2667755180132,-116.6451121531154,0.0,0.0,1.0,44.0
0.0,839.8032236291797,-116.05061085487932,0.0,0.0,1.0,44.0
0.0,834.4508156435518,-72.78228702106753,0.0,0.0,1.0,44.0
0.0,848.5152836015109,-94.39084410255646,0.0,0.0,1.0,44.0
0.0,875.6746823188219,-91.97834072222122,0.0,0.0,1.0,44.0
0.0,859.6824235886702,-89.80227926800308,0.0,0.0,1.0,44.0
0.0,854.3284981358565,-104.13441993073843,0.0,0.0,1.0,44.0
0.0,855.668063585189,-70.30675975650092,0.0,0.0,1.0,44.0
0.0,847.3789020905692,-94.40495079511675,0.0,0.0,1.0,44.0
0.0,856.866792338873,-92.6673840303431,0.0,0.0,1.0,44.0
0.0,814.8280016560971,-108.75885248723421,0.0,0.0,1.0,44.0
0.0,807.0235488707135,-105.16225812412495,0.0,0.0,1.0,44.0
0.0,855.1596392811239,-87.46578492866706,0.0,0.0,1.0,44.0
0.0,833.3754229773394,-101.89428920637306,0.0,0.0,1.0,44.0
0.0,842.763767589699,-137.2771349615589,0.0,0.0,1.0,44.0
0.0,761.4819612785709,-153.82565756101326,0.0,0.0,1.0,44.0
0.0,815.4355199270258,-175.53148404392664,0.0,0.0,1.0,44.0
0.0,853.4405821594778,-93.79353445048287,0.0,0.0,1.0,44.0
0.0,848.1512657568292,-84.94483898140538,0.0,0.0,1.0,44.0
0.0,864.3954100288984,-73.62442645805436,0.0,0.0,1.0,44.0
0.0,835.4246906551389,-77.1392211368252,0.0,0.0,1.0,44.0
0.0,845.1799581583318,-88.55206462474234,0.0,0.0,1.0,44.0
0.0,874.1928931288398,-86.13861008126855,0.0,0.0,1.0,44.0
0.0,722.7191489258848,-147.23774706873155,0.0,0.0,1.0,44.0
0.0,751.5191107730338,-137.89873886953683,0.0,0.0,1.0,44.0
0.0,745.8814156188892,-137.20747541335368,0.0,0.0,1.0,44.0
0.0,809.7094272637273,-134.32295185529847,0.0,0.0,1.0,44.0
0.0,785.885975177694,-202.92293094509364,0.0,0.0,1.0,44.0
0.0,741.6436120575459,-139.86084764347243,0.0,0.0,1.0,44.0
0.0,720.1273016101936,-164.5419165722019,0.0,0.0,1.0,44.0
0.0,737.0627582189768,-143.0780046892528,0.0,0.0,1.0,44.0
0.0,739.9058253204676,-157.70633240373286,0.0,0.0,1.0,44.0
0.0,827.2789725696107,-157.7902270111383,0.0,0.0,1.0,44.0
0.0,752.2627555302715,-154.3730896048719,0.0,0.0,1.0,44.0
0.0,742.9275146261712,-171.3080994859256,0.0,0.0,1.0,44.0
0.0,744.3457042785553,-155.73170838951455,0.0,0.0,1.0,44.0
0.0,741.1441313403889,-139.63184571364332,0.0,0.0,1.0,44.0
0.0,749.2089596197206,-151.854733671458,0.0,0.0,1.0,44.0
0.0,762.5536837967643,-137.18977250168632,0.0,0.0,1.0,44.0
0.0,730.1619820372557,-163.43194302337247,0.0,0.0,1.0,44.0
0.0,828.3815159272272,-137.91588559289335,0.0,0.0,1.0,44.0
0.0,716.8422268176619,-135.0235644691511,0.0,0.0,1.0,44.0
0.0,731.1836771056901,-153.7291405802721,0.0,0.0,1.0,44.0
0.0,725.9528461707191,-169.159730867809,0.0,0.0,1.0,44.0
0.0,763.0918551110517,-129.7642698640907,0.0,0.0,1.0,44.0
0.0,723.0078114321236,-166.69207270898187,0.0,0.0,1.0,44.0
0.0,727.384615946145,-172.61038517381417,0.0,0.0,1.0,44.0
0.0,743.8412174527025,-143.87118011257758,0.0,0.0,1.0,44.0
0.0,726.7908241364389,-138.88348559344377,0.0,0.0,1.0,44.0
0.0,763.7002563114129,-132.07798191614165,0.0,0.0,1.0,44.0
0.0,771.9753255952824,-209.03138944875082,0.0,0.0,1.0,44.0
0.0,746.0716842947063,-215.7177822630133,0.0,0.0,1.0,44.0
0.0,763.0021407494737,-195.79849294522978,0.0,0.0,1.0,44.0
0.0,753.3260882137483,-201.79652160520527,0.0,0.0,1.0,44.0
0.0,756.1924437833645,-235.02974376870952,0.0,0.0,1.0,44.0
0.0,760.62841352019,-213.30580392889237,0.0,0.0,1.0,44.0
0.0,720.3222010060135,-212.59485603090275,0.0,0.0,1.0,44.0
0.0,803.6239194505492,-151.76433348076262,0.0,0.0,1.0,44.0
0.0,709.661029856104,-224.6809690328496,0.0,0.0,1.0,44.0
0.0,743.271568481211,-212.34311072823584,0.0,0.0,1.0,44.0
0.0,721.7877624792281,-197.72006761169632,0.0,0.0,1.0,44.0
0.0,882.561872593024,-180.2912353134352,0.0,0.0,1.0,44.0
0.0,878.5461762956434,-246.29281154946284,0.0,0.0,1.0,44.0
0.0,858.8959688289256,-240.75585082318958,0.0,0.0,1.0,44.0
0.0,861.6934735377085,-259.66563664819614,0.0,0.0,1.0,44.0
0.0,862.7707632058623,-264.14676327903317,0.0,0.0,1.0,44.0
0.0,850.5457861656996,-260.74619817434996,0.0,0.0,1.0,44.0
0.0,875.4867146965976,-254.77663931330744,0.0,0.0,1.0,44.0
0.0,864.8957841080833,-254.01269679889447,0.0,0.0,1.0,44.0
0.0,876.729800117655,-246.1738996318236,0.0,0.0,1.0,44.0
0.0,868.3709212461504,-252.2345814330697,0.0,0.0,1.0,44.0
0.0,878.7873542576831,-241.9292128215411,0.0,0.0,1.0,44.0
0.0,855.6444934461624,-249.6995010929195,0.0,0.0,1.0,44.0
0.0,842.1991398129267,-261.082515072206,0.0,0.0,1.0,44.0
0.0,835.3764985103367,-244.03927095844847,0.0,0.0,1.0,44.0
0.0,840.2238355132235,-251.35714468153515,0.0,0.0,1.0,44.0
0.0,864.2367580505397,-264.2587903029628,0.0,0.0,1.0,44.0
0.0,878.6175933331974,-254.36191587737494,0.0,0.0,1.0,44.0
0.0,858.2337440323458,-255.67176033791065,0.0,0.0,1.0,44.0
0.0,862.9309238954093,-254.49046432428736,0.0,0.0,1.0,44.0
0.0,875.3619654905597,-265.53082210820594,0.0,0.0,1.0,44.0
0.0,838.0412038554246,-282.61798189867636,0.0,0.0,1.0,44.0
0.0,889.7810544975569,-249.49252554742156,0.0,0.0,1.0,44.0
0.0,848.1722466418837,-254.80874386688902,0.0,0.0,1.0,44.0
0.0,816.5387414526822,-206.66020549248105,0.0,0.0,1.0,44.0
0.0,846.4629227484843,-243.60231410252572,0.0,0.0,1.0,44.0
0.0,878.8757172184564,-240.85230362851553,0.0,0.0,1.0,44.0
0.0,818.0770094367904,-255.91627028524044,0.0,0.0,1.0,44.0
0.0,778.1576202049023,-214.40434430847927,0.0,0.0,1.0,44.0
0.0,851.360830382418,119.05605555472562,0.0,0.0,1.0,45.0
0.0,816.0432645635301,97.16949403802687,0.0,0.0,1.0,45.0
0.0,838.4730003784161,72.63477515124578,0.0,0.0,1.0,45.0
0.0,816.4122173360197,63.754970082415184,0.0,0.0,1.0,45.0
0.0,830.1546066319961,91.16540342228882,0.0,0.0,1.0,45.0
0.0,819.8519013844393,115.82789151210136,0.0,0.0,1.0,45.0
0.0,876.3757194845084,44.797316772435124,0.0,0.0,1.0,45.0
0.0,837.9212636889984,7.343468841350841,0.0,0.0,1.0,45.0
0.0,889.419116283822,84.7172053692791,0.0,0.0,1.0,45.0
0.0,784.3147295703548,46.40877006531309,0.0,0.0,1.0,45.0
0.0,891.5558112218191,23.81171206265435,0.0,0.0,1.0,45.0
0.0,815.9765245679964,33.31435718647708,0.0,0.0,1.0,45.0
0.0,831.2601102183144,17.145304358090016,0.0,0.0,1.0,45.0
0.0,822.2478816693815,23.476546544544817,0.0,0.0,1.0,45.0
0.0,801.8713560196811,50.98657561007167,0.0,0.0,1.0,45.0
0.0,818.4007115885424,7.827202337452036,0.0,0.0,1.0,45.0
0.0,819.7414131765595,31.658155434269474,0.0,0.0,1.0,45.0
0.0,791.3708051807321,16.131540216387975,0.0,0.0,1.0,45.0
0.0,832.6913649633102,-11.869685519831592,0.0,0.0,1.0,45.0
0.0,803.3083647060703,13.74351292682968,0.0,0.0,1.0,45.0
0.0,822.7679767560899,27.21979881535526,0.0,0.0,1.0,45.0
0.0,814.2551659755713,31.649079397564265,0.0,0.0,1.0,45.0
0.0,805.1274470188755,7.5945148921800865,0.0,0.0,1.0,45.0
0.0,828.8188119346428,31.168950541344884,0.0,0.0,1.0,45.0
0.0,804.6616830606076,13.712951907583147,0.0,0.0,1.0,45.0
0.0,946.9265007727663,-5.218838210745844,0.0,0.0,1.0,45.0
0.0,897.2731131580845,-44.73610452097569,0.0,0.0,1.0,45.0
0.0,904.9235412478056,-52.519215439421714,0.0,0.0,1.0,45.0
0.0,884.9295772437545,-42.88967434432743,0.0,0.0,1.0,45.0
0.0,919.2722833940097,-43.90420704414828,0.0,0.0,1.0,45.0
0.0,902.3760106877421,-40.74058964812707,0.0,0.0,1.0,45.0
0.0,899.0920463952029,-47.73078545237672,0.0,0.0,1.0,45.0
0.0,927.309620133502,-53.86357130150236,0.0,0.0,1.0,45.0
0.0,935.3771184465882,7.137923607463563,0.0,0.0,1.0,45.0
0.0,894.5274768972022,-52.60419291502353,0.0,0.0,1.0,45.0
0.0,901.1300602392726,-58.98608733387687,0.0,0.0,1.0,45.0
0.0,920.090116175305,-78.31768864029755,0.0,0.0,1.0,45.0
0.0,921.6153296664556,-37.43447343721391,0.0,0.0,1.0,45.0
0.0,909.5228352657805,-33.77031574188686,0.0,0.0,1.0,45.0
0.0,916.1488313845807,-65.53657441163114,0.0,0.0,1.0,45.0
0.0,926.5146693500556,-67.17812991920096,0.0,0.0,1.0,45.0
0.0,929.2782800709815,-40.319898010035786,0.0,0.0,1.0,45.0
0.0,899.9825170806394,-32.432260231571036,0.0,0.0,1.0,45.0
0.0,983.0432776625739,6.6977684649102684,0.0,0.0,1.0,45.0
0.0,967.0222027951809,-11.125178662517783,0.0,0.0,1.0,45.0
0.0,972.812096517674,-21.755041798670618,0.0,0.0,1.0,45.0
0.0,942.2010958799997,48.127488209578814,0.0,0.0,1.0,45.0
0.0,986.1476090992287,-49.365840342144566,0.0,0.0,1.0,45.0
0.0,952.785852417861,15.42312499311538,0.0,0.0,1.0,45.0
0.0,933.3257953403222,48.30606253480505,0.0,0.0,1.0,45.0
0.0,960.4891643676128,-30.11286914124912,0.0,0.0,1.0,45.0
0.0,966.7654061796898,-23.56975104811181,0.0,0.0,1.0,45.0
0.0,940.6187169582277,26.94885731092654,0.0,0.0,1.0,45.0
0.0,977.8027890287426,-34.35315603551112,0.0,0.0,1.0,45.0
0.0,916.8495446826232,-12.437862025537925,0.0,0.0,1.0,45.0
0.0,975.6939017979639,-18.730170880742662,0.0,0.0,1.0,45.0
0.0,903.8160314445772,-19.737164091216755,0.0,0.0,1.0,45.0
0.0,953.5056661858948,28.992270388750057,0.0,0.0,1.0,45.0
0.0,949.2929297754554,5.570293550505994,0.0,0.0,1.0,45.0
0.0,961.0479557701315,10.914192488508888,0.0,0.0,1.0,45.0
0.0,929.0044697612379,-7.333902454832469,0.0,0.0,1.0,45.0
0.0,943.4958049908446,-27.188010449329795,0.0,0.0,1.0,45.0
0.0,971.0647035421866,5.659032310423754,0.0,0.0,1.0,45.0
0.0,998.1206891245174,-18.294801072104974,0.0,0.0,1.0,45.0
0.0,985.3239548486317,-0.5683778967575108,0.0,0.0,1.0,45.0
0.0,976.8456650511189,4.108787475880035,0.0,0.0,1.0,45.0
0.0,971.8732181801083,-6.952312817028314,0.0,0.0,1.0,45.0
0.0,972.2642117091737,-9.525589000428681,0.0,0.0,1.0,45.0
0.0,976.7208102861791,-28.084956452289134,0.0,0.0,1.0,45.0
0.0,876.1549388904355,-21.774656586372657,0.0,0.0,1.0,45.0
0.0,968.9732770067944,-15.250607269645343,0.0,0.0,1.0,45.0
0.0,953.428347554745,-39.32129092445075,0.0,0.0,1.0,45.0
0.0,957.0613771734993,-38.1147106317062,0.0,0.0,1.0,45.0
0.0,989.9723166609092,-3.4209598649188138,0.0,0.0,1.0,45.0
0.0,991.8890639386368,11.694820635397946,0.0,0.0,1.0,45.0
0.0,949.1044534599691,1.0350381967757585,0.0,0.0,1.0,45.0
0.0,977.5958148217383,-18.044268453822497,0.0,0.0,1.0,45.0
0.0,972.1309608855563,33.82851753641762,0.0,0.0,1.0,45.0
0.0,987.2994409452563,26.41643537554637,0.0,0.0,1.0,45.0
0.0,945.6676940294242,21.57447829941134,0.0,0.0,1.0,45.0
0.0,981.0457690519556,41.680026792433864,0.0,0.0,1.0,45.0
0.0,976.7731929304291,40.33500336942325,0.0,0.0,1.0,45.0
0.0,983.0327621368001,72.64313894132624,0.0,0.0,1.0,45.0
0.0,979.0867970415529,43.850128560505254,0.0,0.0,1.0,45.0
0.0,959.1591510475587,24.96929112349153,0.0,0.0,1.0,45.0
0.0,986.7461888794592,38.99823654297779,0.0,0.0,1.0,45.0
0.0,987.1244893161602,42.90703510207641,0.0,0.0,1.0,45.0
0.0,969.6960398448387,52.88665744295622,0.0,0.0,1.0,45.0
0.0,970.0569862730986,51.66866444165453,0.0,0.0,1.0,45.0
0.0,974.8748547505534,24.591666581686468,0.0,0.0,1.0,45.0
0.0,987.4393711879356,67.44171251932153,0.0,0.0,1.0,45.0
0.0,971.934419927657,29.63496049808441,0.0,0.0,1.0,45.0
0.0,985.3671054559013,47.25182395750903,0.0,0.0,1.0,45.0
0.0,980.442025141519,51.221109504181186,0.0,0.0,1.0,45.0
0.0,987.9558913607125,50.35616932988796,0.0,0.0,1.0,45.0
0.0,979.4319635767074,54.86161774638708,0.0,0.0,1.0,45.0
0.0,968.1700463442035,10.200567989582169,0.0,0.0,1.0,45.0
0.0,984.6217987071559,39.208411927352245,0.0,0.0,1.0,45.0
0.0,921.19977044505,27.989120600358547,0.0,0.0,1.0,45.0
0.0,1006.4710136212707,60.37758565270997,0.0,0.0,1.0,45.0
0.0,935.9887570112237,38.28704135244584,0.0,0.0,1.0,45.0
0.0,992.7339852307528,47.767246605757464,0.0,0.0,1.0,45.0
0.0,915.1261381413565,73.3833838728176,0.0,0.0,1.0,45.0
0.0,980.2675450504071,53.18175416920781,0.0,0.0,1.0,45.0
0.0,980.7585715715882,23.95345128492454,0.0,0.0,1.0,45.0
0.0,988.0118728897146,48.539196090082214,0.0,0.0,1.0,45.0
0.0,976.6600375460939,53.29646017341611,0.0,0.0,1.0,45.0
0.0,955.9745033386921,57.92859804672412,0.0,0.0,1.0,45.0
0.0,967.7281234705852,11.088170178060409,0.0,0.0,1.0,45.0
0.0,981.0142963656308,54.728550410986145,0.0,0.0,1.0,45.0
0.0,975.0520530731405,39.28112779800972,0.0,0.0,1.0,45.0
0.0,979.3386969832977,53.57320427253899,0.0,0.0,1.0,45.0
0.0,968.3467843673939,41.68947918047047,0.0,0.0,1.0,45.0
0.0,971.5462692106803,52.40182654666228,0.0,0.0,1.0,45.0
0.0,932.744776612958,50.414165885653574,0.0,0.0,1.0,45.0
0.0,931.893938048675,69.07675740462855,0.0,0.0,1.0,45.0
0.0,957.6156086932588,36.260952224714856,0.0,0.0,1.0,45.0
0.0,960.5802716576013,32.012545556078294,0.0,0.0,1.0,45.0
0.0,966.5050099889763,43.59340903600878,0.0,0.0,1.0,45.0
0.0,994.2501495455726,49.24774940386237,0.0,0.0,1.0,45.0
0.0,925.125438115761,64.04105110166279,0.0,0.0,1.0,45.0
0.0,959.1741156184812,104.41915704638791,0.0,0.0,1.0,45.0
0.0,952.2148517387172,36.665962369864246,0.0,0.0,1.0,45.0
0.0,877.2187777505883,61.72498510427158,0.0,0.0,1.0,45.0
0.0,944.5298687778986,109.69995060290398,0.0,0.0,1.0,45.0
0.0,923.3725066955458,113.51512540364479,0.0,0.0,1.0,45.0
0.0,890.8931935611058,78.27484421191548,0.0,0.0,1.0,45.0
0.0,947.4723136126831,93.83454043660436,0.0,0.0,1.0,45.0
0.0,946.5980942880155,95.20203918555171,0.0,0.0,1.0,45.0
0.0,930.1371752210939,94.65718580983798,0.0,0.0,1.0,45.0
0.0,935.1833304212787,109.69374389368113,0.0,0.0,1.0,45.0
0.0,968.6690142694515,105.82367368149539,0.0,0.0,1.0,45.0
0.0,956.3181662087522,109.19040882748504,0.0,0.0,1.0,45.0
0.0,962.2619575158819,78.724936363589,0.0,0.0,1.0,45.0
0.0,970.7589723932124,124.97276973741077,0.0,0.0,1.0,45.0
0.0,940.9246518940531,79.96098722338115,0.0,0.0,1.0,45.0
0.0,976.1662187855613,54.79071707841217,0.0,0.0,1.0,45.0
0.0,959.772660832285,104.08187485983785,0.0,0.0,1.0,45.0
0.0,961.7831522307279,101.76810460865772,0.0,0.0,1.0,45.0
0.0,903.9870484477265,120.64666793610854,0.0,0.0,1.0,45.0
0.0,911.0879943140685,134.6720342424328,0.0,0.0,1.0,45.0
0.0,882.2130920525769,120.64716912404856,0.0,0.0,1.0,45.0
0.0,885.4905897069643,111.87280410262474,0.0,0.0,1.0,45.0
0.0,858.4501694134897,91.89072495399,0.0,0.0,1.0,45.0
0.0,875.9506304754855,99.6427318474548,0.0,0.0,1.0,45.0
0.0,923.9527664043571,132.43693836632497,0.0,0.0,1.0,45.0
0.0,896.9178862240783,112.01108373790498,0.0,0.0,1.0,45.0
0.0,882.5641127954582,123.92112898989126,0.0,0.0,1.0,45.0
0.0,881.9519723220642,79.86913729898606,0.0,0.0,1.0,45.0
0.0,918.7682531889564,96.04621380008666,0.0,0.0,1.0,45.0
0.0,900.6212956241766,109.91799608506449,0.0,0.0,1.0,45.0
0.0,897.6532560599285,118.23840271509494,0.0,0.0,1.0,45.0
0.0,842.2132981325417,75.30037163354905,0.0,0.0,1.0,45.0
0.0,893.2175055309531,111.50836931205072,0.0,0.0,1.0,45.0
0.0,927.0522406249311,115.78398873389051,0.0,0.0,1.0,45.0
0.0,891.9887767079681,131.4855419809346,0.0,0.0,1.0,45.0
0.0,887.5047989104646,116.28638013304408,0.0,0.0,1.0,45.0
0.0,887.984285655074,131.66605570616684,0.0,0.0,1.0,45.0
0.0,889.7715518124514,101.74033270455357,0.0,0.0,1.0,45.0
0.0,913.5782866411078,122.28102690818173,0.0,0.0,1.0,45.0
0.0,892.1466362403639,104.83272767792164,0.0,0.0,1.0,45.0
0.0,855.1829366141278,76.2976542663339,0.0,0.0,1.0,45.0
0.0,910.381398796023,123.54977010719426,0.0,0.0,1.0,45.0
0.0,906.2894119245225,131.05807079450665,0.0,0.0,1.0,45.0
0.0,912.4480610634146,105.64005511983441,0.0,0.0,1.0,45.0
0.0,874.2271767742309,102.42918398254687,0.0,0.0,1.0,45.0
0.0,887.0145238987766,124.75109141986559,0.0,0.0,1.0,45.0
0.0,897.9933868722364,92.6758017701411,0.0,0.0,1.0,45.0
0.0,846.8648565208255,185.59214353430025,0.0,0.0,1.0,46.0
0.0,870.8715180654049,175.61121207948167,0.0,0.0,1.0,46.0
0.0,867.842628421166,221.68469237295858,0.0,0.0,1.0,46.0
0.0,883.5881668585612,155.66330125838726,0.0,0.0,1.0,46.0
0.0,865.5157785787683,187.663936912817,0.0,0.0,1.0,46.0
0.0,828.1181460663643,162.5422458677367,0.0,0.0,1.0,46.0
0.0,857.716779558461,168.7207408837212,0.0,0.0,1.0,46.0
0.0,827.1607223919482,160.19768974212798,0.0,0.0,1.0,46.0
0.0,835.2648875224772,170.7342501482508,0.0,0.0,1.0,46.0
0.0,846.8665909188371,196.9967452551714,0.0,0.0,1.0,46.0
0.0,842.4169228490823,158.4355931811972,0.0,0.0,1.0,46.0
0.0,840.9914788634164,175.28376053656302,0.0,0.0,1.0,46.0
0.0,844.520924345502,180.76510997514492,0.0,0.0,1.0,46.0
0.0,850.2828460736841,189.26455336550748,0.0,0.0,1.0,46.0
0.0,868.3244652409444,246.4630113543401,0.0,0.0,1.0,46.0
0.0,883.2598321672112,211.4175215426476,0.0,0.0,1.0,46.0
0.0,857.1649846912501,153.7138714395944,0.0,0.0,1.0,46.0
0.0,848.7683878332232,181.2333604127698,0.0,0.0,1.0,46.0
0.0,852.8821573484988,161.63922726782857,0.0,0.0,1.0,46.0
0.0,837.307086049474,223.93211942524454,0.0,0.0,1.0,46.0
0.0,872.6521813855684,162.07696759979513,0.0,0.0,1.0,46.0
0.0,849.7079165053324,197.57975602033707,0.0,0.0,1.0,46.0
0.0,845.6676403094375,207.25004449978974,0.0,0.0,1.0,46.0
0.0,853.976519735575,173.71301509472642,0.0,0.0,1.0,46.0
0.0,883.5258010555299,192.10892842974977,0.0,0.0,1.0,46.0
0.0,853.586082618705,253.0510010001542,0.0,0.0,1.0,46.0
0.0,821.7489172543455,175.53908092834808,0.0,0.0,1.0,46.0
0.0,847.1353642453623,174.9420209860225,0.0,0.0,1.0,46.0
0.0,865.5024602520771,206.86982287590945,0.0,0.0,1.0,46.0
0.0,840.0737040526787,181.51823323325925,0.0,0.0,1.0,46.0
0.0,847.3952178526592,178.32841152146693,0.0,0.0,1.0,46.0
0.0,838.6168943375174,188.27605067875152,0.0,0.0,1.0,46.0
0.0,856.8956570435407,185.4733812201132,0.0,0.0,1.0,46.0
0.0,905.5359406714406,198.14826047607949,0.0,0.0,1.0,46.0
0.0,868.3317695343812,171.4219231706461,0.0,0.0,1.0,46.0
0.0,909.6472240843054,180.11506501547206,0.0,0.0,1.0,46.0
0.0,921.8234056243637,243.77800252128782,0.0,0.0,1.0,46.0
0.0,903.3689132167883,179.11456180432992,0.0,0.0,1.0,46.0
0.0,881.067418221417,183.3474628798872,0.0,0.0,1.0,46.0
0.0,920.7002134891968,202.56044264085222,0.0,0.0,1.0,46.0
0.0,882.8655372641106,177.63130424799556,0.0,0.0,1.0,46.0
0.0,890.0146605474943,180.15221091588637,0.0,0.0,1.0,46.0
0.0,913.4788293500615,221.31844888062756,0.0,0.0,1.0,46.0
0.0,916.9961089807389,182.96859553969193,0.0,0.0,1.0,46.0
0.0,882.2719514366422,184.4214645409104,0.0,0.0,1.0,46.0
0.0,921.9909272040381,199.16579701233377,0.0,0.0,1.0,46.0
0.0,896.38144764453,159.8398309299887,0.0,0.0,1.0,46.0
0.0,895.1145376512582,179.43007808381276,0.0,0.0,1.0,46.0
0.0,922.9002421714799,208.84564895009407,0.0,0.0,1.0,46.0
0.0,923.8375298348842,173.46189625495344,0.0,0.0,1.0,46.0
0.0,951.1594225790141,210.83086991595837,0.0,0.0,1.0,46.0
0.0,906.1761430262218,188.83990552569458,0.0,0.0,1.0,46.0
0.0,889.5170145942502,227.56957607368804,0.0,0.0,1.0,46.0
0.0,916.2091009729197,204.70350068398807,0.0,0.0,1.0,46.0
0.0,890.4473870033908,185.50391453759244,0.0,0.0,1.0,46.0
0.0,893.9115685338229,198.67164119498148,0.0,0.0,1.0,46.0
0.0,893.6870498724488,173.12709763284602,0.0,0.0,1.0,46.0
0.0,894.7590498173581,174.99451968690755,0.0,0.0,1.0,46.0
0.0,921.9826736888263,195.57705473686588,0.0,0.0,1.0,46.0
0.0,908.091985430236,179.48570423783008,0.0,0.0,1.0,46.0
0.0,911.2387965392713,194.23293759515354,0.0,0.0,1.0,46.0
0.0,904.5230826318739,177.2691742205841,0.0,0.0,1.0,46.0
0.0,884.4953268306645,200.91776053434364,0.0,0.0,1.0,46.0
0.0,908.7693360089816,167.09971674509575,0.0,0.0,1.0,46.0
0.0,917.9780270960277,202.12607386544846,0.0,0.0,1.0,46.0
0.0,903.6197889772043,177.32298458431137,0.0,0.0,1.0,46.0
0.0,905.9401333531746,178.8345694643874,0.0,0.0,1.0,46.0
0.0,918.4033219889502,171.88538208508135,0.0,0.0,1.0,46.0
0.0,868.8014833369002,189.82464628064895,0.0,0.0,1.0,46.0
0.0,893.8231660493161,168.78036840910318,0.0,0.0,1.0,46.0
0.0,918.9256634559101,210.97629040907213,0.0,0.0,1.0,46.0
0.0,931.015889928633,228.84494496674438,0.0,0.0,1.0,46.0
0.0,919.2873095252066,219.4414393816628,0.0,0.0,1.0,46.0
0.0,952.2381461755185,208.58173400774467,0.0,0.0,1.0,46.0
0.0,920.4780794392714,204.17263235835298,0.0,0.0,1.0,46.0
0.0,906.7401118324328,243.03860542198777,0.0,0.0,1.0,46.0
0.0,948.0364698701956,222.0141508505103,0.0,0.0,1.0,46.0
0.0,926.6850868529141,215.20204413580427,0.0,0.0,1.0,46.0
0.0,930.1505582159534,198.26262809869013,0.0,0.0,1.0,46.0
0.0,946.3202258530687,208.82053635115972,0.0,0.0,1.0,46.0
0.0,945.5778855328858,231.32136261748383,0.0,0.0,1.0,46.0
0.0,949.0496263831869,221.78009817975226,0.0,0.0,1.0,46.0
0.0,958.5422618339467,200.51896443378655,0.0,0.0,1.0,46.0
0.0,944.2363033916472,228.14913448154152,0.0,0.0,1.0,46.0
0.0,948.643139969955,202.19753518404923,0.0,0.0,1.0,46.0
0.0,908.9886326186684,199.19441263386852,0.0,0.0,1.0,46.0
0.0,939.5913779460479,224.8341172552748,0.0,0.0,1.0,46.0
0.0,927.474556890978,223.7801579439315,0.0,0.0,1.0,46.0
0.0,893.9905497019754,245.64604644960787,0.0,0.0,1.0,46.0
0.0,874.0418922190115,237.7612930314874,0.0,0.0,1.0,46.0
0.0,934.4952884164336,220.25769761155925,0.0,0.0,1.0,46.0
0.0,954.9960207438185,217.51348447846817,0.0,0.0,1.0,46.0
0.0,947.7332369902224,219.7938435174517,0.0,0.0,1.0,46.0
0.0,937.7386203275782,220.85982220270375,0.0,0.0,1.0,46.0
0.0,933.0844148999945,215.6044868320405,0.0,0.0,1.0,46.0
0.0,935.0779458809907,232.48532335334653,0.0,0.0,1.0,46.0
0.0,933.4302459480591,220.86106714663606,0.0,0.0,1.0,46.0
0.0,940.5012954551148,191.84697902932794,0.0,0.0,1.0,46.0
0.0,950.3726041630694,203.97583342984854,0.0,0.0,1.0,46.0
0.0,931.7510382074897,214.4595809611012,0.0,0.0,1.0,46.0
0.0,951.9357388645344,226.87124682875606,0.0,0.0,1.0,46.0
0.0,894.4324199681082,306.9078709502421,0.0,0.0,1.0,46.0
0.0,916.4614314494092,251.72184776424433,0.0,0.0,1.0,46.0
0.0,919.414952271427,241.84605915004227,0.0,0.0,1.0,46.0
0.0,921.1673609286349,260.8413236807744,0.0,0.0,1.0,46.0
0.0,951.9897004106838,274.48073629976807,0.0,0.0,1.0,46.0
0.0,934.4143450881288,281.7977804173438,0.0,0.0,1.0,46.0
0.0,941.9790369575512,264.0104789234713,0.0,0.0,1.0,46.0
0.0,908.8693052608437,277.6365981860524,0.0,0.0,1.0,46.0
0.0,956.1034443375097,280.8421260745313,0.0,0.0,1.0,46.0
0.0,945.9775507800996,257.9271408439831,0.0,0.0,1.0,46.0
0.0,921.4554922240591,251.95377026740084,0.0,0.0,1.0,46.0
0.0,950.0140785048966,271.373761616602,0.0,0.0,1.0,46.0
0.0,946.6045946144909,251.86872827682828,0.0,0.0,1.0,46.0
0.0,921.1816593679755,252.953118824566,0.0,0.0,1.0,46.0
0.0,919.3146750123897,263.0778750524571,0.0,0.0,1.0,46.0
0.0,929.1582280476555,264.1621645728626,0.0,0.0,1.0,46.0
0.0,939.7008649614268,262.457636054414,0.0,0.0,1.0,46.0
0.0,940.5598094863426,246.20772506999174,0.0,0.0,1.0,46.0
0.0,911.2477814996291,269.0264582954128,0.0,0.0,1.0,46.0
0.0,934.4434300862977,290.5804105366169,0.0,0.0,1.0,46.0
0.0,962.2632878194822,279.3989328871812,0.0,0.0,1.0,46.0
0.0,945.4816500077181,263.4414040888066,0.0,0.0,1.0,46.0
0.0,946.7005703969185,243.5522206942494,0.0,0.0,1.0,46.0
0.0,928.781059296894,264.67993257046214,0.0,0.0,1.0,46.0
0.0,928.1004341883408,255.4714626656587,0.0,0.0,1.0,46.0
0.0,911.8482785101451,204.9506520248474,0.0,0.0,1.0,46.0
0.0,910.7109725121904,263.3389356294558,0.0,0.0,1.0,46.0
0.0,941.465722003622,251.8631664969364,0.0,0.0,1.0,46.0
0.0,913.0472461026761,295.21455674483695,0.0,0.0,1.0,46.0
0.0,946.7459012532422,267.2308867845484,0.0,0.0,1.0,46.0
0.0,928.6757183296518,257.89335983147384,0.0,0.0,1.0,46.0
0.0,930.2440888816564,264.16782951078403,0.0,0.0,1.0,46.0
0.0,890.1618531927743,282.09555150518486,0.0,0.0,1.0,46.0
0.0,940.2130194756055,276.23158676887124,0.0,0.0,1.0,46.0
0.0,909.8671153557202,283.7106957811509,0.0,0.0,1.0,46.0
0.0,944.2469577608417,251.51863446683592,0.0,0.0,1.0,46.0
0.0,936.564261528069,261.3125695733088,0.0,0.0,1.0,46.0
0.0,915.8437081930479,268.96375400901434,0.0,0.0,1.0,46.0
0.0,922.2664445197838,267.5900272256315,0.0,0.0,1.0,46.0
0.0,906.1541279132512,311.75588434997144,0.0,0.0,1.0,46.0
0.0,875.325724286814,305.1690325463567,0.0,0.0,1.0,46.0
0.0,906.5523774919361,310.84253568521945,0.0,0.0,1.0,46.0
0.0,878.8652068455362,314.05462066709265,0.0,0.0,1.0,46.0
0.0,908.6689539392241,306.577967598588,0.0,0.0,1.0,46.0
0.0,907.9262091234586,226.39497831739345,0.0,0.0,1.0,46.0
0.0,871.3177520809859,257.6617806181607,0.0,0.0,1.0,46.0
0.0,884.7945867291901,311.7709912198902,0.0,0.0,1.0,46.0
0.0,906.139380638408,292.67712712454295,0.0,0.0,1.0,46.0
0.0,911.6564839446924,298.98898600498956,0.0,0.0,1.0,46.0
0.0,897.4277811458637,291.9544010533725,0.0,0.0,1.0,46.0
0.0,868.0917809302359,286.9007177171766,0.0,0.0,1.0,46.0
0.0,897.1211004493148,296.4204947133221,0.0,0.0,1.0,46.0
0.0,875.8392056828657,290.9676399135237,0.0,0.0,1.0,46.0
0.0,918.5779744797214,303.2449933869757,0.0,0.0,1.0,46.0
0.0,900.0564252488653,289.8032733813252,0.0,0.0,1.0,46.0
0.0,911.3892939776229,269.9495888124645,0.0,0.0,1.0,46.0
0.0,914.5602435761102,300.19833683594584,0.0,0.0,1.0,46.0
0.0,835.1428645851706,301.60607535171584,0.0,0.0,1.0,46.0
0.0,890.1982269916248,284.89565292065663,0.0,0.0,1.0,46.0
0.0,894.7839875272125,270.9816102488371,0.0,0.0,1.0,46.0
0.0,904.1154187166826,302.5225670541415,0.0,0.0,1.0,46.0
0.0,871.302348153798,286.6155534918057,0.0,0.0,1.0,46.0
0.0,885.2038746219682,301.228095475994,0.0,0.0,1.0,46.0
0.0,885.0711628376762,316.48742360424353,0.0,0.0,1.0,46.0
0.0,899.4693415317538,315.6546165894365,0.0,0.0,1.0,46.0
0.0,912.5249606904799,307.83752174649317,0.0,0.0,1.0,46.0
0.0,849.5646146705326,275.63842912222685,0.0,0.0,1.0,46.0
0.0,891.209961864492,285.7810880813008,0.0,0.0,1.0,46.0
0.0,916.2069057689741,288.6149505470505,0.0,0.0,1.0,46.0
0.0,888.2990793867302,301.3902440459042,0.0,0.0,1.0,46.0
0.0,915.7506189448727,317.7154040787784,0.0,0.0,1.0,46.0
0.0,922.5142396878109,303.92629195044606,0.0,0.0,1.0,46.0
0.0,861.0731184179999,302.89292188285935,0.0,0.0,1.0,46.0
0.0,852.2208585673557,313.21778367275533,0.0,0.0,1.0,46.0
0.0,850.6120141985775,284.2365827239573,0.0,0.0,1.0,46.0
0.0,866.384106068836,297.97737941854007,0.0,0.0,1.0,46.0
0.0,820.4165733807636,330.4165856639804,0.0,0.0,1.0,46.0
0.0,839.0494557442357,306.6669987962475,0.0,0.0,1.0,46.0
0.0,834.1391780181475,306.2043718224495,0.0,0.0,1.0,46.0
0.0,827.12654125359,284.6017153995331,0.0,0.0,1.0,46.0
0.0,832.9285552487468,280.06297450666693,0.0,0.0,1.0,46.0
0.0,881.5038477286698,302.2715707441041,0.0,0.0,1.0,46.0
0.0,851.8597019422809,284.8176154244677,0.0,0.0,1.0,46.0
0.0,880.3228572375606,280.2930760167367,0.0,0.0,1.0,46.0
0.0,847.5781940545612,324.66047476321546,0.0,0.0,1.0,46.0
0.0,857.0424983859116,303.10913262813074,0.0,0.0,1.0,46.0
0.0,842.5143341963053,271.5022603772427,0.0,0.0,1.0,46.0
0.0,859.532267842766,316.01595275579075,0.0,0.0,1.0,46.0
0.0,866.5380873074046,335.69497555253656,0.0,0.0,1.0,46.0
0.0,852.9136341923909,300.63937266268704,0.0,0.0,1.0,46.0
0.0,836.5336666620328,279.3932021753303,0.0,0.0,1.0,46.0
0.0,841.0577497564104,286.77831413428976,0.0,0.0,1.0,46.0
0.0,858.5729318296771,273.1816400438265,0.0,0.0,1.0,46.0
0.0,841.9018520828672,276.00303697689196,0.0,0.0,1.0,46.0
0.0,840.3715596233742,274.62926276402413,0.0,0.0,1.0,46.0
0.0,831.3571289151919,301.5858350239514,0.0,0.0,1.0,46.0
0.0,836.7082714738531,307.65003133282084,0.0,0.0,1.0,46.0
0.0,841.5657416001964,302.19221951431064,0.0,0.0,1.0,46.0
0.0,850.9054539079957,317.2163543034044,0.0,0.0,1.0,46.0
0.0,867.5925999267629,288.1048903770579,0.0,0.0,1.0,46.0
0.0,882.767146418138,291.5055250092803,0.0,0.0,1.0,46.0
0.0,836.1246738136861,298.06927048516536,0.0,0.0,1.0,46.0
0.0,814.9335398222056,273.1209710037324,0.0,0.0,1.0,46.0
0.0,810.139172948444,244.14072769765608,0.0,0.0,1.0,46.0
0.0,815.2290448196795,234.93776476627954,0.0,0.0,1.0,46.0
0.0,841.2441978045276,229.04756536348827,0.0,0.0,1.0,46.0
0.0,817.0123948903611,259.34508524710577,0.0,0.0,1.0,46.0
0.0,816.7291020865296,275.9091956479833,0.0,0.0,1.0,46.0
0.0,836.8960669320304,252.79805346327703,0.0,0.0,1.0,46.0
0.0,804.2811710788483,277.72397528392935,0.0,0.0,1.0,46.0
0.0,790.5461521409134,255.6521091554032,0.0,0.0,1.0,46.0
0.0,820.8124696292084,256.52318911939165,0.0,0.0,1.0,46.0
0.0,813.9091452229904,256.28701500805664,0.0,0.0,1.0,46.0
0.0,799.5309610489057,277.99368045823917,0.0,0.0,1.0,46.0
0.0,803.8915919835649,254.95326868907364,0.0,0.0,1.0,46.0
0.0,801.4639090316628,251.13702115618116,0.0,0.0,1.0,46.0
0.0,803.5129286723432,266.17885313744955,0.0,0.0,1.0,46.0
0.0,806.0732818443798,242.20501710705594,0.0,0.0,1.0,46.0
0.0,803.1575402876565,277.2586159167024,0.0,0.0,1.0,46.0
0.0,818.6620182399988,244.0507327986527,0.0,0.0,1.0,46.0
0.0,786.7634555472737,248.6636666103509,0.0,0.0,1.0,46.0
0.0,818.7077556524614,274.3004906523288,0.0,0.0,1.0,46.0
0.0,827.7549387249501,275.4027088944192,0.0,0.0,1.0,46.0
0.0,793.3801432278979,247.3334855547646,0.0,0.0,1.0,46.0
0.0,815.7595297642247,257.0312939139628,0.0,0.0,1.0,46.0
0.0,852.8273325897749,254.22691785526808,0.0,0.0,1.0,46.0
0.0,798.8567742338105,266.17781121159646,0.0,0.0,1.0,46.0
0.0,805.669656653311,284.5357605740569,0.0,0.0,1.0,46.0
0.0,817.7693253500652,194.96363830579708,0.0,0.0,1.0,46.0
0.0,868.8467560798213,282.4418301743235,0.0,0.0,1.0,46.0
0.0,793.0676944704646,262.37315689763864,0.0,0.0,1.0,46.0
0.0,840.4284184953972,266.5525582410228,0.0,0.0,1.0,46.0
0.0,816.4571865936055,266.1888131198516,0.0,0.0,1.0,46.0
0.0,830.4080317114372,222.51745927883508,0.0,0.0,1.0,46.0
0.0,833.2291090252356,299.384417933034,0.0,0.0,1.0,46.0
0.0,823.0788983392458,270.7254970902886,0.0,0.0,1.0,46.0
0.0,812.3143627814716,236.40345827593364,0.0,0.0,1.0,46.0
0.0,784.8495767544432,248.9109167589893,0.0,0.0,1.0,46.0
0.0,869.1052435989177,214.49978480743812,0.0,0.0,1.0,46.0
0.0,789.6460297639328,530.7993735153523,0.0,0.0,1.0,47.0
0.0,762.6738198743915,523.8108619339828,0.0,0.0,1.0,47.0
0.0,760.4522472223716,538.4648606219719,0.0,0.0,1.0,47.0
0.0,804.2326568331914,520.3319006589741,0.0,0.0,1.0,47.0
0.0,781.8181077537283,532.9003815141748,0.0,0.0,1.0,47.0
0.0,752.0531535109571,543.2091861236388,0.0,0.0,1.0,47.0
0.0,780.5779719210786,598.0956356067115,0.0,0.0,1.0,47.0
0.0,785.6037532503037,528.6101305862035,0.0,0.0,1.0,47.0
0.0,770.4439112754885,510.2609832346036,0.0,0.0,1.0,47.0
0.0,762.1018361167644,594.7986363851437,0.0,0.0,1.0,47.0
0.0,756.537390614722,524.4531338276929,0.0,0.0,1.0,47.0
0.0,779.4233771293361,514.8712279492645,0.0,0.0,1.0,47.0
0.0,799.1927530060052,512.5419432309761,0.0,0.0,1.0,47.0
0.0,763.7959548828394,530.4821368915468,0.0,0.0,1.0,47.0
0.0,790.439774756901,493.8747758152663,0.0,0.0,1.0,47.0
0.0,766.2210084507396,533.4110740038386,0.0,0.0,1.0,47.0
0.0,765.5748974218682,524.0108263608149,0.0,0.0,1.0,47.0
0.0,763.018243466121,540.918671815662,0.0,0.0,1.0,47.0
0.0,766.7329215834957,574.904092106447,0.0,0.0,1.0,47.0
0.0,736.2664117392933,550.328575808996,0.0,0.0,1.0,47.0
0.0,777.8568126654641,536.0062199463284,0.0,0.0,1.0,47.0
0.0,715.2693293262746,549.1293821896129,0.0,0.0,1.0,47.0
0.0,768.0981709065168,544.3626165837848,0.0,0.0,1.0,47.0
0.0,792.1652799670092,538.5521040622352,0.0,0.0,1.0,47.0
0.0,788.4195233023684,556.3176738400352,0.0,0.0,1.0,47.0
0.0,779.0226907826805,519.7700833992678,0.0,0.0,1.0,47.0
0.0,814.7465406443293,514.2452470260971,0.0,0.0,1.0,47.0
0.0,780.3509264447284,502.36568499983923,0.0,0.0,1.0,47.0
0.0,777.6420926238143,538.3397441006111,0.0,0.0,1.0,47.0
0.0,806.5832000129585,570.136786762911,0.0,0.0,1.0,47.0
0.0,760.9428921073995,524.4164347583646,0.0,0.0,1.0,47.0
0.0,772.0435343660042,540.1925185954276,0.0,0.0,1.0,47.0
0.0,782.6211216699526,528.314484205888,0.0,0.0,1.0,47.0
0.0,732.5714744129245,561.6380578338508,0.0,0.0,1.0,47.0
0.0,794.6024707270503,530.7654941730757,0.0,0.0,1.0,47.0
0.0,721.3507241245193,552.8155428014973,0.0,0.0,1.0,47.0
0.0,785.1296595051886,537.6617695092025,0.0,0.0,1.0,47.0
0.0,816.8549984295819,536.3672447883409,0.0,0.0,1.0,47.0
0.0,780.4487373126544,531.9683393016055,0.0,0.0,1.0,47.0
0.0,771.8407027318071,509.43200159549315,0.0,0.0,1.0,47.0
0.0,827.4965429711124,547.9261943382733,0.0,0.0,1.0,47.0
0.0,772.5208504394873,537.7490158245525,0.0,0.0,1.0,47.0
0.0,809.1272584053968,540.563803748206,0.0,0.0,1.0,47.0
0.0,782.8239388893908,568.398887001727,0.0,0.0,1.0,47.0
0.0,779.3566735290719,523.6337101785371,0.0,0.0,1.0,47.0
0.0,775.7489487500989,532.4802115382913,0.0,0.0,1.0,47.0
0.0,783.9249991730089,547.7538869836133,0.0,0.0,1.0,47.0
0.0,783.4435081559127,500.1755946054079,0.0,0.0,1.0,47.0
0.0,792.4684361163572,549.6672741072189,0.0,0.0,1.0,47.0
0.0,838.1748802853581,590.7116047778029,0.0,0.0,1.0,47.0
0.0,817.7064293254193,565.5747005523133,0.0,0.0,1.0,47.0
0.0,805.3888315574018,554.4282356706899,0.0,0.0,1.0,47.0
0.0,813.9363391055413,594.8946945058342,0.0,0.0,1.0,47.0
0.0,788.2499347878229,593.2833473719882,0.0,0.0,1.0,47.0
0.0,789.5814739463026,547.0446598711578,0.0,0.0,1.0,47.0
0.0,816.1067120595958,592.6875529758063,0.0,0.0,1.0,47.0
0.0,783.598369773053,578.0493501950862,0.0,0.0,1.0,47.0
0.0,831.2147619831621,601.2247422944527,0.0,0.0,1.0,47.0
0.0,773.5464161746895,529.8867752425062,0.0,0.0,1.0,47.0
0.0,818.6047000701651,569.3733387309176,0.0,0.0,1.0,47.0
0.0,802.816176728225,571.8809917697608,0.0,0.0,1.0,47.0
0.0,818.6539879753068,581.0781550584138,0.0,0.0,1.0,47.0
0.0,816.8373763816412,574.6961726943136,0.0,0.0,1.0,47.0
0.0,831.8682325871146,562.1551133741857,0.0,0.0,1.0,47.0
0.0,798.1562711196912,634.2087476218096,0.0,0.0,1.0,47.0
0.0,808.4968638840228,631.3274855275722,0.0,0.0,1.0,47.0
0.0,795.1520206868099,608.4885955302977,0.0,0.0,1.0,47.0
0.0,819.7623317858574,674.3581772609973,0.0,0.0,1.0,47.0
0.0,836.9158305951128,636.1950088822109,0.0,0.0,1.0,47.0
0.0,780.2601249935046,592.0959842549632,0.0,0.0,1.0,47.0
0.0,838.0802260734367,649.4297144961306,0.0,0.0,1.0,47.0
0.0,816.34918806631,643.6764797241719,0.0,0.0,1.0,47.0
0.0,800.5212600104192,622.2870789688682,0.0,0.0,1.0,47.0
0.0,827.6255646719719,627.2669589720269,0.0,0.0,1.0,47.0
0.0,810.508749272854,633.8020447050708,0.0,0.0,1.0,47.0
0.0,809.1218100078008,644.993091266912,0.0,0.0,1.0,47.0
0.0,819.5532154430775,648.4118376270235,0.0,0.0,1.0,47.0
0.0,824.5071330753535,629.9135259729869,0.0,0.0,1.0,47.0
0.0,806.3106980599418,621.746311232982,0.0,0.0,1.0,47.0
0.0,819.4263377013654,680.569473418112,0.0,0.0,1.0,47.0
0.0,806.1454578743223,622.3115123739422,0.0,0.0,1.0,47.0
0.0,824.5009097371644,606.2338968897232,0.0,0.0,1.0,47.0
0.0,819.0819689010668,639.781497401932,0.0,0.0,1.0,47.0
0.0,821.4951221019705,627.2738446837966,0.0,0.0,1.0,47.0
0.0,783.4394253035516,642.8668673518814,0.0,0.0,1.0,47.0
0.0,830.5374912575439,647.4019230336885,0.0,0.0,1.0,47.0
0.0,829.6299120033368,658.2512523504397,0.0,0.0,1.0,47.0
0.0,767.7055695204103,695.4270769110553,0.0,0.0,1.0,47.0
0.0,795.8536577243058,653.716866744486,0.0,0.0,1.0,47.0
0.0,755.5404647726659,658.2520509874821,0.0,0.0,1.0,47.0
0.0,808.69377479287,656.8026372792888,0.0,0.0,1.0,47.0
0.0,800.4714623883679,637.5703715413713,0.0,0.0,1.0,47.0
0.0,772.5440983678782,666.4858572073567,0.0,0.0,1.0,47.0
0.0,774.9200998500378,662.309946240633,0.0,0.0,1.0,47.0
0.0,756.009222312281,658.0886263706109,0.0,0.0,1.0,47.0
0.0,771.8316885925774,668.8844536302586,0.0,0.0,1.0,47.0
0.0,758.5964065577746,668.03994957838,0.0,0.0,1.0,47.0
0.0,758.6566257072186,669.2744041147307,0.0,0.0,1.0,47.0
0.0,767.8624081503326,648.333783069495,0.0,0.0,1.0,47.0
0.0,748.4152482260993,661.4321309969182,0.0,0.0,1.0,47.0
0.0,774.5313108848727,668.9895106813251,0.0,0.0,1.0,47.0
0.0,767.0357387299377,692.1026109311047,0.0,0.0,1.0,47.0
0.0,799.1140929676635,657.3589721072249,0.0,0.0,1.0,47.0
0.0,761.6478107506923,664.9626136077502,0.0,0.0,1.0,47.0
0.0,779.3683099413042,663.1612260908798,0.0,0.0,1.0,47.0
0.0,798.9270834922477,660.8584870336713,0.0,0.0,1.0,47.0
0.0,750.1667114235029,655.5402856929629,0.0,0.0,1.0,47.0
0.0,710.5569644937573,672.006269973456,0.0,0.0,1.0,47.0
0.0,774.9640618374992,654.4187587090751,0.0,0.0,1.0,47.0
0.0,781.5190609738006,662.4711900705665,0.0,0.0,1.0,47.0
0.0,757.7446073109554,666.6922365872224,0.0,0.0,1.0,47.0
0.0,775.7723399086044,645.9246447175019,0.0,0.0,1.0,47.0
0.0,784.569136989342,678.6311701390409,0.0,0.0,1.0,47.0
0.0,774.5439936366406,666.2536799120378,0.0,0.0,1.0,47.0
0.0,788.6817246539727,653.2864441580459,0.0,0.0,1.0,47.0
0.0,771.5389746033957,667.1512103791688,0.0,0.0,1.0,47.0
0.0,757.5279135613478,655.491532838309,0.0,0.0,1.0,47.0
0.0,744.5222861628681,670.9764162980337,0.0,0.0,1.0,47.0
0.0,764.5423731460828,654.1435115203208,0.0,0.0,1.0,47.0
0.0,736.4179213039333,598.4498422862844,0.0,0.0,1.0,47.0
0.0,771.0960394800031,657.678205511143,0.0,0.0,1.0,47.0
0.0,780.8237170445595,642.2327857152748,0.0,0.0,1.0,47.0
0.0,766.261629281677,632.8490384396082,0.0,0.0,1.0,47.0
0.0,787.8402828421904,635.8187666400243,0.0,0.0,1.0,47.0
0.0,712.6082413724644,643.8902814721246,0.0,0.0,1.0,47.0
0.0,708.1809232381979,656.3252779360223,0.0,0.0,1.0,47.0
0.0,719.9246120358598,702.581451640317,0.0,0.0,1.0,47.0
0.0,717.1130435613891,652.3400722073807,0.0,0.0,1.0,47.0
0.0,746.659720278551,655.619938854838,0.0,0.0,1.0,47.0
0.0,706.6081731097752,654.7971871048137,0.0,0.0,1.0,47.0
0.0,701.3929416554615,691.9927815350766,0.0,0.0,1.0,47.0
0.0,711.1819573099237,652.1451555336866,0.0,0.0,1.0,47.0
0.0,724.5517280607878,645.7154572988597,0.0,0.0,1.0,47.0
0.0,727.4071372053841,681.5895843120591,0.0,0.0,1.0,47.0
0.0,696.2959293604868,668.236035492771,0.0,0.0,1.0,47.0
0.0,734.7778885541607,641.6234603372509,0.0,0.0,1.0,47.0
0.0,737.9752418262728,674.9976902215776,0.0,0.0,1.0,47.0
0.0,707.9591747217828,679.2557516146403,0.0,0.0,1.0,47.0
0.0,766.0216822124153,653.0828829595539,0.0,0.0,1.0,47.0
0.0,675.2155198722157,650.5782709200112,0.0,0.0,1.0,47.0
0.0,703.2153572225902,658.9745327516832,0.0,0.0,1.0,47.0
0.0,741.3750988990819,607.0924125746428,0.0,0.0,1.0,47.0
0.0,699.9066116785148,652.7913736284245,0.0,0.0,1.0,47.0
0.0,705.072216925993,650.9445271170339,0.0,0.0,1.0,47.0
0.0,688.545240760177,674.818849920252,0.0,0.0,1.0,47.0
0.0,735.7165099491249,658.7405323683338,0.0,0.0,1.0,47.0
0.0,696.5052028561963,606.9498854851283,0.0,0.0,1.0,47.0
0.0,671.388168814899,632.3188338526443,0.0,0.0,1.0,47.0
0.0,689.823492266474,611.7326170502588,0.0,0.0,1.0,47.0
0.0,710.3309423707965,626.9825909319359,0.0,0.0,1.0,47.0
0.0,669.1113063043442,619.7709109821176,0.0,0.0,1.0,47.0
0.0,731.8087341548758,631.3667396802036,0.0,0.0,1.0,47.0
0.0,669.8198280659512,606.1951091000228,0.0,0.0,1.0,47.0
0.0,663.6486589253323,599.5152690845739,0.0,0.0,1.0,47.0
0.0,677.0227398388502,575.7542274456541,0.0,0.0,1.0,47.0
0.0,686.4078589650742,579.2872088251327,0.0,0.0,1.0,47.0
0.0,672.1019766577806,606.6641721214401,0.0,0.0,1.0,47.0
0.0,709.5165239012867,647.2200285092222,0.0,0.0,1.0,47.0
0.0,663.2094251916485,607.9888466263501,0.0,0.0,1.0,47.0
0.0,693.6682367148042,606.5381066315467,0.0,0.0,1.0,47.0
0.0,673.7984141609854,606.4401383290558,0.0,0.0,1.0,47.0
0.0,729.7549808839381,587.8567326945483,0.0,0.0,1.0,47.0
0.0,657.0532162594343,635.732497185804,0.0,0.0,1.0,47.0
0.0,657.2377437578762,616.349688412063,0.0,0.0,1.0,47.0
0.0,704.0564196295504,604.870539191741,0.0,0.0,1.0,47.0
0.0,685.9762160095231,629.4946759810769,0.0,0.0,1.0,47.0
0.0,683.9211704087629,643.9767476661968,0.0,0.0,1.0,47.0
0.0,683.2523569375037,635.1842547019169,0.0,0.0,1.0,47.0
0.0,694.9185032768805,596.6020923998738,0.0,0.0,1.0,47.0
0.0,660.618068269665,642.9642160218382,0.0,0.0,1.0,47.0
0.0,679.0839297208727,622.9073006183594,0.0,0.0,1.0,47.0
0.0,678.4223577948483,600.1605216474277,0.0,0.0,1.0,47.0
0.0,675.4854256677293,620.1007236635787,0.0,0.0,1.0,47.0
0.0,677.4476312032807,619.7886320527402,0.0,0.0,1.0,47.0
0.0,660.806283323554,554.756643074415,0.0,0.0,1.0,47.0
0.0,685.4665752988283,559.888325042672,0.0,0.0,1.0,47.0
0.0,688.6683400429561,563.2797587234343,0.0,0.0,1.0,47.0
0.0,692.2916295334758,589.6308820537788,0.0,0.0,1.0,47.0
0.0,698.0923957823461,584.8080893040033,0.0,0.0,1.0,47.0
0.0,683.1129383090492,567.0151161091981,0.0,0.0,1.0,47.0
0.0,688.3331823429126,600.749351112426,0.0,0.0,1.0,47.0
0.0,672.0380774233008,551.8952290409907,0.0,0.0,1.0,47.0
0.0,676.8957866462924,569.1835926610718,0.0,0.0,1.0,47.0
0.0,670.1949073347841,576.0105833309112,0.0,0.0,1.0,47.0
0.0,676.5865656776316,553.7395473817946,0.0,0.0,1.0,47.0
0.0,665.9092531815304,603.221364240419,0.0,0.0,1.0,47.0
0.0,671.4765423570175,607.9891090859319,0.0,0.0,1.0,47.0
0.0,679.4476803944972,562.8257062400071,0.0,0.0,1.0,47.0
0.0,698.0512899830924,567.2975248422758,0.0,0.0,1.0,47.0
0.0,714.9481801816664,521.6569191567587,0.0,0.0,1.0,47.0
0.0,715.7643379795813,545.7780530795819,0.0,0.0,1.0,47.0
0.0,713.5198345100148,561.9913704171861,0.0,0.0,1.0,47.0
0.0,737.5132784041784,553.475251234456,0.0,0.0,1.0,47.0
0.0,750.1144270798045,559.0604465137669,0.0,0.0,1.0,47.0
0.0,700.2284239091505,517.0817478140409,0.0,0.0,1.0,47.0
0.0,707.6807442450458,522.8545211605715,0.0,0.0,1.0,47.0
0.0,726.9679747853693,529.2053890146635,0.0,0.0,1.0,47.0
0.0,720.3725720273696,515.1468369578474,0.0,0.0,1.0,47.0
0.0,721.3631341308969,511.9319542195635,0.0,0.0,1.0,47.0
0.0,738.8154275596548,565.9468843413586,0.0,0.0,1.0,47.0
0.0,734.4905496330043,555.1244098118018,0.0,0.0,1.0,47.0
0.0,705.6484725307041,524.1340835667529,0.0,0.0,1.0,47.0
0.0,740.8627828619028,579.6727704806531,0.0,0.0,1.0,47.0
0.0,740.0217212687139,546.6395905019326,0.0,0.0,1.0,47.0
0.0,722.7305834696081,531.6302568604247,0.0,0.0,1.0,47.0
0.0,712.1065478752862,520.5743799188015,0.0,0.0,1.0,47.0
0.0,728.0731249112291,519.3004567937569,0.0,0.0,1.0,47.0
0.0,708.712378012387,523.4064031497396,0.0,0.0,1.0,47.0
0.0,717.137337614613,540.739229537447,0.0,0.0,1.0,47.0
0.0,715.8092414427738,513.9079448817565,0.0,0.0,1.0,47.0
0.0,715.5966796034518,516.4133102537278,0.0,0.0,1.0,47.0
0.0,729.9126063862582,534.1130241557066,0.0,0.0,1.0,47.0
0.0,655.8964866342426,700.0042335705948,0.0,0.0,1.0,48.0
0.0,625.7809131733607,686.381102965308,0.0,0.0,1.0,48.0
0.0,639.6437489381101,684.3723107081692,0.0,0.0,1.0,48.0
0.0,643.0631332494993,665.6145655909788,0.0,0.0,1.0,48.0
0.0,675.9515497783545,698.169366693865,0.0,0.0,1.0,48.0
0.0,664.8203223302712,747.3938558173054,0.0,0.0,1.0,48.0
0.0,636.6840260478709,679.1961266472313,0.0,0.0,1.0,48.0
0.0,609.4750034471431,745.6796742669144,0.0,0.0,1.0,48.0
0.0,653.667239655879,695.4765725580037,0.0,0.0,1.0,48.0
0.0,663.6687936974963,700.1034108284548,0.0,0.0,1.0,48.0
0.0,651.3697496354334,738.2112160060833,0.0,0.0,1.0,48.0
0.0,665.855356282934,698.2153902796404,0.0,0.0,1.0,48.0
0.0,651.0740876097168,691.2545808127406,0.0,0.0,1.0,48.0
0.0,646.9213632249548,710.6377935419841,0.0,0.0,1.0,48.0
0.0,671.1794016069512,702.5340865987923,0.0,0.0,1.0,48.0
0.0,655.5961813322233,705.5856910584871,0.0,0.0,1.0,48.0
0.0,649.1777266146589,683.5845863988666,0.0,0.0,1.0,48.0
0.0,669.1890176931831,697.0692241987408,0.0,0.0,1.0,48.0
0.0,645.2293795762228,724.3384957439162,0.0,0.0,1.0,48.0
0.0,637.0354591534651,703.4968421152166,0.0,0.0,1.0,48.0
0.0,658.2456226188642,712.6068621760969,0.0,0.0,1.0,48.0
0.0,656.0739353337619,709.5021084975165,0.0,0.0,1.0,48.0
0.0,659.7449654468905,705.8586176862227,0.0,0.0,1.0,48.0
0.0,681.0279387391047,747.8340802848961,0.0,0.0,1.0,48.0
0.0,671.9284141938474,758.9522568363727,0.0,0.0,1.0,48.0
0.0,656.3318258725799,672.4449298482523,0.0,0.0,1.0,48.0
0.0,648.8587686891008,689.6024229769273,0.0,0.0,1.0,48.0
0.0,663.232578572156,685.2100788764724,0.0,0.0,1.0,48.0
0.0,653.1776772486123,686.2725879518505,0.0,0.0,1.0,48.0
0.0,648.9578028454039,702.891322212919,0.0,0.0,1.0,48.0
0.0,641.9351857285258,696.1324868128481,0.0,0.0,1.0,48.0
0.0,660.3418418778331,728.9092032901535,0.0,0.0,1.0,48.0
0.0,640.6207879232466,699.4467656176248,0.0,0.0,1.0,48.0
0.0,676.2264541326499,711.7373733357563,0.0,0.0,1.0,48.0
0.0,652.4397357222178,731.3817104542286,0.0,0.0,1.0,48.0
0.0,652.6737413933452,700.8136485963441,0.0,0.0,1.0,48.0
0.0,679.456274087346,703.8717998494049,0.0,0.0,1.0,48.0
0.0,654.4603079369585,684.4721672098235,0.0,0.0,1.0,48.0
0.0,643.2581281861144,690.7893322844088,0.0,0.0,1.0,48.0
0.0,625.6775802175107,760.052093149845,0.0,0.0,1.0,48.0
0.0,652.8497098538637,693.2633851664586,0.0,0.0,1.0,48.0
0.0,652.1538748516864,691.0543616117398,0.0,0.0,1.0,48.0
0.0,677.0791993910661,794.7515312084402,0.0,0.0,1.0,48.0
0.0,649.020528794128,822.8575306224166,0.0,0.0,1.0,48.0
0.0,686.1245438221742,803.0643354731615,0.0,0.0,1.0,48.0
0.0,696.26671688754,783.3764518320049,0.0,0.0,1.0,48.0
0.0,626.6386316699509,789.4098211790142,0.0,0.0,1.0,48.0
0.0,671.4012160832594,767.6369368934547,0.0,0.0,1.0,48.0
0.0,701.6622815897131,794.0831666645963,0.0,0.0,1.0,48.0
0.0,683.4596144273246,793.0628072828317,0.0,0.0,1.0,48.0
0.0,689.8605935922753,806.3822342225267,0.0,0.0,1.0,48.0
0.0,678.1056585122062,801.0109964355652,0.0,0.0,1.0,48.0
0.0,669.5216203515238,821.6014167667904,0.0,0.0,1.0,48.0
0.0,674.5902612260143,825.1414906880809,0.0,0.0,1.0,48.0
0.0,682.0253006056146,799.1390140145722,0.0,0.0,1.0,48.0
0.0,700.9356605517069,800.7459363626781,0.0,0.0,1.0,48.0
0.0,669.385888092771,795.6420670770808,0.0,0.0,1.0,48.0
0.0,678.0979016137967,808.3259279176195,0.0,0.0,1.0,48.0
0.0,676.3249791494025,743.6711548569983,0.0,0.0,1.0,48.0
0.0,703.7822257982666,784.2523629490379,0.0,0.0,1.0,48.0
0.0,693.4708346271827,806.1776282986775,0.0,0.0,1.0,48.0
0.0,660.6106989999073,798.1415081085488,0.0,0.0,1.0,48.0
0.0,685.378559083309,779.0840873486713,0.0,0.0,1.0,48.0
0.0,670.6278405990593,813.1073448145557,0.0,0.0,1.0,48.0
0.0,703.8939994966086,797.6261009650957,0.0,0.0,1.0,48.0
0.0,699.3329893250957,778.6599632246284,0.0,0.0,1.0,48.0
0.0,646.3464048776084,768.384609305228,0.0,0.0,1.0,48.0
0.0,658.908786962133,773.5689961355097,0.0,0.0,1.0,48.0
0.0,679.7618008890515,790.7329742764782,0.0,0.0,1.0,48.0
0.0,649.0651046473272,743.100381881779,0.0,0.0,1.0,48.0
0.0,672.3827104143879,821.8512503063707,0.0,0.0,1.0,48.0
0.0,706.2668554771294,761.4043153308157,0.0,0.0,1.0,48.0
0.0,621.4893122333117,737.9848284440791,0.0,0.0,1.0,48.0
0.0,696.7693583613977,819.1641247011667,0.0,0.0,1.0,48.0
0.0,685.2270297489563,801.6992855835351,0.0,0.0,1.0,48.0
0.0,692.9742421988544,804.9166171520924,0.0,0.0,1.0,48.0
0.0,673.4860748188635,799.0320594810332,0.0,0.0,1.0,48.0
0.0,653.0526994112784,741.9497635025309,0.0,0.0,1.0,48.0
0.0,702.4870023443627,790.4629612812264,0.0,0.0,1.0,48.0
0.0,672.1872952229853,802.0448579618906,0.0,0.0,1.0,48.0
0.0,622.1089228965122,783.2681991900117,0.0,0.0,1.0,48.0
0.0,674.992151977613,755.7747639277572,0.0,0.0,1.0,48.0
0.0,697.875208959445,796.4536530943851,0.0,0.0,1.0,48.0
0.0,673.1223898875005,822.1140714464191,0.0,0.0,1.0,48.0
0.0,651.9040640352191,797.8831826489786,0.0,0.0,1.0,48.0
0.0,639.7283542870862,837.736334957639,0.0,0.0,1.0,48.0
0.0,636.2869862494877,830.526390084252,0.0,0.0,1.0,48.0
0.0,641.3273040853342,851.6666093986719,0.0,0.0,1.0,48.0
0.0,650.5471250601945,856.8052465748337,0.0,0.0,1.0,48.0
0.0,640.6519231157154,831.423963123148,0.0,0.0,1.0,48.0
0.0,647.461840981656,841.182687448334,0.0,0.0,1.0,48.0
0.0,623.4973903208665,861.7831610878452,0.0,0.0,1.0,48.0
0.0,634.5574210511754,865.401293156443,0.0,0.0,1.0,48.0
0.0,650.4694713869335,843.4517818450577,0.0,0.0,1.0,48.0
0.0,661.8508552964813,867.487518673669,0.0,0.0,1.0,48.0
0.0,628.0769696453247,851.9436504374262,0.0,0.0,1.0,48.0
0.0,635.6818336241531,831.5478604591926,0.0,0.0,1.0,48.0
0.0,649.3819207947745,825.6322729745816,0.0,0.0,1.0,48.0
0.0,640.0941718752488,828.774845414514,0.0,0.0,1.0,48.0
0.0,644.0099228366962,831.8898333136531,0.0,0.0,1.0,48.0
0.0,597.288178553657,859.0420677676634,0.0,0.0,1.0,48.0
0.0,589.5296383646833,764.8006459081862,0.0,0.0,1.0,48.0
0.0,593.675964631555,834.0518564601484,0.0,0.0,1.0,48.0
0.0,629.7566380193653,830.0283233361865,0.0,0.0,1.0,48.0
0.0,572.0475764458702,831.8923319752744,0.0,0.0,1.0,48.0
0.0,643.0826926030343,828.0694334887739,0.0,0.0,1.0,48.0
0.0,578.528531693561,853.086651747617,0.0,0.0,1.0,48.0
0.0,596.3426755500748,836.4410177680547,0.0,0.0,1.0,48.0
0.0,602.3049853714083,831.7034986576018,0.0,0.0,1.0,48.0
0.0,604.6616552888586,810.9327590039993,0.0,0.0,1.0,48.0
0.0,609.2537159135,833.4901593941468,0.0,0.0,1.0,48.0
0.0,610.8142702205573,832.5882286656897,0.0,0.0,1.0,48.0
0.0,590.613317637506,812.5300656994186,0.0,0.0,1.0,48.0
0.0,571.6760902289177,827.4662529840839,0.0,0.0,1.0,48.0
0.0,630.7967600750867,840.3451112134262,0.0,0.0,1.0,48.0
0.0,597.6991529011189,841.0585206066862,0.0,0.0,1.0,48.0
0.0,550.8989342530522,848.4004450402049,0.0,0.0,1.0,48.0
0.0,601.7215354411078,819.5352872996582,0.0,0.0,1.0,48.0
0.0,603.0694819950058,822.2233930307884,0.0,0.0,1.0,48.0
0.0,547.0500871166953,790.491560717428,0.0,0.0,1.0,48.0
0.0,573.3267048210398,818.4277810705153,0.0,0.0,1.0,48.0
0.0,564.5012328427529,788.5071667459606,0.0,0.0,1.0,48.0
0.0,547.01015948697,777.5809475093483,0.0,0.0,1.0,48.0
0.0,557.1701293055935,778.4470312031358,0.0,0.0,1.0,48.0
0.0,563.7002445603412,799.9381708186665,0.0,0.0,1.0,48.0
0.0,526.4926501640671,808.6067373363239,0.0,0.0,1.0,48.0
0.0,553.1684610796283,781.7469805993674,0.0,0.0,1.0,48.0
0.0,544.5353106940711,786.7748682057181,0.0,0.0,1.0,48.0
0.0,544.1174580028876,780.2522901745983,0.0,0.0,1.0,48.0
0.0,554.4498443534267,802.048348136108,0.0,0.0,1.0,48.0
0.0,540.3321581894752,767.7505939828725,0.0,0.0,1.0,48.0
0.0,559.8878894495974,811.7772395689758,0.0,0.0,1.0,48.0
0.0,585.9471592211801,801.181818207699,0.0,0.0,1.0,48.0
0.0,546.173796801161,780.3034999176889,0.0,0.0,1.0,48.0
0.0,535.092800861135,756.0026119893237,0.0,0.0,1.0,48.0
0.0,567.8037825822923,823.3695551845403,0.0,0.0,1.0,48.0
0.0,577.3620294101452,813.7867453965364,0.0,0.0,1.0,48.0
0.0,560.3103034166763,799.491581058187,0.0,0.0,1.0,48.0
0.0,617.6905047021924,793.1105302298847,0.0,0.0,1.0,48.0
0.0,525.7090543692502,792.692400647586,0.0,0.0,1.0,48.0
0.0,545.902945920667,791.6800822953801,0.0,0.0,1.0,48.0
0.0,549.3604894528773,779.4704523289506,0.0,0.0,1.0,48.0
0.0,547.7067058176958,792.0071256224583,0.0,0.0,1.0,48.0
0.0,611.167827836487,816.8702084626916,0.0,0.0,1.0,48.0
0.0,541.6830392991076,765.7758322503832,0.0,0.0,1.0,48.0
0.0,565.7805053275276,810.4118726239903,0.0,0.0,1.0,48.0
0.0,594.022946548519,729.8435431450807,0.0,0.0,1.0,48.0
0.0,565.1456568799656,795.9191584547889,0.0,0.0,1.0,48.0
0.0,530.9046372641999,774.1316376040159,0.0,0.0,1.0,48.0
0.0,527.8189887313158,802.0839899440984,0.0,0.0,1.0,48.0
0.0,571.9559334739547,758.3251150486617,0.0,0.0,1.0,48.0
0.0,559.9904277636087,738.4034179451287,0.0,0.0,1.0,48.0
0.0,565.1881806841423,751.9960316739462,0.0,0.0,1.0,48.0
0.0,561.6735991738565,719.4706262613313,0.0,0.0,1.0,48.0
0.0,592.1582269235264,791.2460956168811,0.0,0.0,1.0,48.0
0.0,570.4783766286021,735.5513210756153,0.0,0.0,1.0,48.0
0.0,565.8219564189767,714.0960806570897,0.0,0.0,1.0,48.0
0.0,574.6137285505799,811.1705123670672,0.0,0.0,1.0,48.0
0.0,543.0276773143542,722.734559459303,0.0,0.0,1.0,48.0
0.0,544.8436000540435,747.3973292596215,0.0,0.0,1.0,48.0
0.0,564.7668185666719,715.5689241962864,0.0,0.0,1.0,48.0
0.0,565.7647919536184,719.6143243607048,0.0,0.0,1.0,48.0
0.0,557.8286939311772,728.5936547087531,0.0,0.0,1.0,48.0
0.0,550.27292056528,707.9681546734073,0.0,0.0,1.0,48.0
0.0,541.4902558657232,749.723463663323,0.0,0.0,1.0,48.0
0.0,566.7618380067156,784.6887185337882,0.0,0.0,1.0,48.0
0.0,548.6874053381903,728.4099879279602,0.0,0.0,1.0,48.0
0.0,557.7378841479926,708.1360842019881,0.0,0.0,1.0,48.0
0.0,549.738662474766,757.2626271640347,0.0,0.0,1.0,48.0
0.0,567.5660403112784,727.81920056524,0.0,0.0,1.0,48.0
0.0,570.6932552418461,724.7409434612036,0.0,0.0,1.0,48.0
0.0,542.2671431024196,743.754689359942,0.0,0.0,1.0,48.0
0.0,567.703217212387,724.74202073373,0.0,0.0,1.0,48.0
0.0,553.7467960996046,751.8270815195415,0.0,0.0,1.0,48.0
0.0,556.0916664194856,755.2771402160824,0.0,0.0,1.0,48.0
0.0,540.7974399787167,739.1309212090559,0.0,0.0,1.0,48.0
0.0,547.5204490219999,738.2101846742444,0.0,0.0,1.0,48.0
0.0,561.0125278688975,728.5957687335626,0.0,0.0,1.0,48.0
0.0,563.2768547438795,733.737925598025,0.0,0.0,1.0,48.0
0.0,551.8110399934385,727.9687228162315,0.0,0.0,1.0,48.0
0.0,565.249941108425,682.474026126454,0.0,0.0,1.0,48.0
0.0,620.956892179448,765.2484608336799,0.0,0.0,1.0,48.0
0.0,608.0629663719601,710.9410933117133,0.0,0.0,1.0,48.0
0.0,602.2312820534244,699.6956778180338,0.0,0.0,1.0,48.0
0.0,612.8565936997843,695.0753900533946,0.0,0.0,1.0,48.0
0.0,594.7720684245223,694.1083335971539,0.0,0.0,1.0,48.0
0.0,577.0368586600521,731.1311015400652,0.0,0.0,1.0,48.0
0.0,582.0399538210988,684.3675484709597,0.0,0.0,1.0,48.0
0.0,616.3069291046622,724.9204381776253,0.0,0.0,1.0,48.0
0.0,599.4375580435935,681.8253592832389,0.0,0.0,1.0,48.0
0.0,618.064390664184,659.5338708887057,0.0,0.0,1.0,48.0
0.0,607.519850587649,703.8640305227495,0.0,0.0,1.0,48.0
0.0,611.9614200294363,713.5509472295307,0.0,0.0,1.0,48.0
0.0,603.0020313132384,695.688445372863,0.0,0.0,1.0,48.0
0.0,582.052016676138,724.6375250133128,0.0,0.0,1.0,48.0
0.0,608.7900494296764,679.8877682771692,0.0,0.0,1.0,48.0
0.0,602.4596827319269,681.2515177323007,0.0,0.0,1.0,48.0
0.0,581.7679194028487,680.1204513072278,0.0,0.0,1.0,48.0
0.0,561.0278344084766,714.6664762449,0.0,0.0,1.0,48.0
0.0,611.0476245700468,672.0844354183282,0.0,0.0,1.0,48.0
0.0,599.0860032578998,681.4614061190391,0.0,0.0,1.0,48.0
0.0,588.3796782506438,710.8086407987312,0.0,0.0,1.0,48.0
0.0,596.342287345426,692.3977723269127,0.0,0.0,1.0,48.0
0.0,613.9905651086146,709.5373708870779,0.0,0.0,1.0,48.0
0.0,584.558703407763,717.6941345899154,0.0,0.0,1.0,48.0
0.0,592.1875313067967,702.3401657093227,0.0,0.0,1.0,48.0
0.0,590.622713937541,689.7924757329183,0.0,0.0,1.0,48.0
0.0,619.8017894022196,684.6675262634858,0.0,0.0,1.0,48.0
0.0,583.6312967148156,679.6043194945601,0.0,0.0,1.0,48.0
0.0,27.004084800798864,949.2775013888518,0.0,0.0,1.0,49.0
0.0,17.75541908098944,961.7019677665912,0.0,0.0,1.0,49.0
0.0,64.60880434249566,968.9218847126349,0.0,0.0,1.0,49.0
0.0,8.12122265434914,925.5509278843801,0.0,0.0,1.0,49.0
0.0,31.75517627708905,961.0638043542822,0.0,0.0,1.0,49.0
0.0,42.70898351921301,956.8184824453929,0.0,0.0,1.0,49.0
0.0,8.349035025930107,956.5103669735304,0.0,0.0,1.0,49.0
0.0,37.990630226393705,963.4971999657464,0.0,0.0,1.0,49.0
0.0,15.87301065491647,953.0909221850552,0.0,0.0,1.0,49.0
0.0,22.623856465804465,934.1911801622646,0.0,0.0,1.0,49.0
0.0,58.43575842370228,951.278380515655,0.0,0.0,1.0,49.0
0.0,14.357684173902271,961.6092296749971,0.0,0.0,1.0,49.0
0.0,42.697793284681666,946.1556221638343,0.0,0.0,1.0,49.0
0.0,18.24722521883723,985.8272249388183,0.0,0.0,1.0,49.0
0.0,-2.583069605576611,963.5042992393628,0.0,0.0,1.0,49.0
0.0,8.345773573127872,960.5231280920375,0.0,0.0,1.0,49.0
0.0,0.36229921767767337,974.1212966541252,0.0,0.0,1.0,49.0
0.0,15.561301150472673,975.0875654811921,0.0,0.0,1.0,49.0
0.0,6.109308776976604,960.3763429248975,0.0,0.0,1.0,49.0
0.0,36.099225793438336,947.8237607496658,0.0,0.0,1.0,49.0
0.0,31.04302211048639,945.3952801694004,0.0,0.0,1.0,49.0
0.0,16.385189838922315,957.2079322050708,0.0,0.0,1.0,49.0
0.0,12.496815253362229,947.9002482156884,0.0,0.0,1.0,49.0
0.0,9.722059332215622,959.4103798114388,0.0,0.0,1.0,49.0
0.0,-10.25865030698992,941.1056375552976,0.0,0.0,1.0,49.0
0.0,41.2306042456687,887.3380961040721,0.0,0.0,1.0,49.0
0.0,44.198922878618305,904.9503466891024,0.0,0.0,1.0,49.0
0.0,25.333383150283453,932.6494575423299,0.0,0.0,1.0,49.0
0.0,14.548421043793724,914.9715525890206,0.0,0.0,1.0,49.0
0.0,39.43723420845231,891.1193849018819,0.0,0.0,1.0,49.0
0.0,26.63873081505153,930.6334123550087,0.0,0.0,1.0,49.0
0.0,76.57044305866953,923.3500762003596,0.0,0.0,1.0,49.0
0.0,46.51884031737745,887.384553756368,0.0,0.0,1.0,49.0
0.0,6.846559519414313,928.9603387492239,0.0,0.0,1.0,49.0
0.0,15.342741828445924,902.8153615790293,0.0,0.0,1.0,49.0
0.0,38.781384723483825,883.0429311058324,0.0,0.0,1.0,49.0
0.0,36.19196557063083,932.8808476299955,0.0,0.0,1.0,49.0
0.0,31.525587319135184,898.9321840837056,0.0,0.0,1.0,49.0
0.0,50.54308261851611,925.8565419546139,0.0,0.0,1.0,49.0
0.0,53.87511641844594,901.0549101929378,0.0,0.0,1.0,49.0
0.0,32.831170061121156,926.9840782069164,0.0,0.0,1.0,49.0
0.0,23.801591444396536,912.7213803540467,0.0,0.0,1.0,49.0
0.0,28.83330947527884,924.5422418802937,0.0,0.0,1.0,49.0
0.0,44.0572584781753,909.0812725671158,0.0,0.0,1.0,49.0
0.0,62.97816007639517,899.8546201658614,0.0,0.0,1.0,49.0
0.0,62.086858541520314,939.8262978491107,0.0,0.0,1.0,49.0
0.0,27.008183787147573,930.5425977431723,0.0,0.0,1.0,49.0
0.0,17.236256935985693,910.1610377552838,0.0,0.0,1.0,49.0
0.0,-3.917176423788078,890.5514768464363,0.0,0.0,1.0,49.0
0.0,49.52881497788462,909.5176444143672,0.0,0.0,1.0,49.0
0.0,69.04340844259309,887.0143958210047,0.0,0.0,1.0,49.0
0.0,39.95986248759618,917.5647950024113,0.0,0.0,1.0,49.0
0.0,28.6398227743407,931.269031304611,0.0,0.0,1.0,49.0
0.0,26.195464422036366,913.532182590629,0.0,0.0,1.0,49.0
0.0,45.34109299874876,905.6593258747571,0.0,0.0,1.0,49.0
0.0,17.597856446389187,891.4485749458236,0.0,0.0,1.0,49.0
0.0,69.06648829935443,922.4781399133399,0.0,0.0,1.0,49.0
0.0,26.779802512596916,868.121304959313,0.0,0.0,1.0,49.0
0.0,33.761381900673996,947.3657832938488,0.0,0.0,1.0,49.0
0.0,21.027338674180783,906.083846622274,0.0,0.0,1.0,49.0
0.0,25.95776384752503,906.3668966279847,0.0,0.0,1.0,49.0
0.0,32.128408861841535,926.4082751691976,0.0,0.0,1.0,49.0
0.0,20.78395773690454,929.5194696910135,0.0,0.0,1.0,49.0
0.0,22.202431048180642,946.1112396447829,0.0,0.0,1.0,49.0
0.0,67.67980133653828,920.0493361745675,0.0,0.0,1.0,49.0
0.0,63.12256199221133,876.9721723476691,0.0,0.0,1.0,49.0
0.0,69.33904200953157,884.2035925334053,0.0,0.0,1.0,49.0
0.0,68.81428605228507,918.7460700287866,0.0,0.0,1.0,49.0
0.0,68.38536222588459,903.8880565622139,0.0,0.0,1.0,49.0
0.0,70.89174359662366,895.4599871562996,0.0,0.0,1.0,49.0
0.0,41.15411742356264,877.4612962603396,0.0,0.0,1.0,49.0
0.0,91.59561869994513,897.0243576447288,0.0,0.0,1.0,49.0
0.0,81.63534543530068,881.7231031891984,0.0,0.0,1.0,49.0
0.0,55.981049870568086,867.625029440921,0.0,0.0,1.0,49.0
0.0,56.567142737803806,900.7138864499257,0.0,0.0,1.0,49.0
0.0,64.33012642398376,896.9704243080491,0.0,0.0,1.0,49.0
0.0,98.88767765754778,894.3709927715754,0.0,0.0,1.0,49.0
0.0,49.097062377222755,892.0463018999199,0.0,0.0,1.0,49.0
0.0,120.72751991333689,902.9865456733942,0.0,0.0,1.0,49.0
0.0,59.14311520720139,891.8812565716194,0.0,0.0,1.0,49.0
0.0,73.49442591354295,885.8656471730019,0.0,0.0,1.0,49.0
0.0,88.92111698095596,895.4294805666564,0.0,0.0,1.0,49.0
0.0,52.943900623621175,886.7168395109238,0.0,0.0,1.0,49.0
0.0,89.20907603530645,887.1536293147356,0.0,0.0,1.0,49.0
0.0,85.56100807891039,910.6818556810717,0.0,0.0,1.0,49.0
0.0,91.38170295400505,881.9692150919186,0.0,0.0,1.0,49.0
0.0,68.94855629489803,887.1446547642399,0.0,0.0,1.0,49.0
0.0,64.9292401019959,876.577229880917,0.0,0.0,1.0,49.0
0.0,91.58433624186341,895.2865891268348,0.0,0.0,1.0,49.0
0.0,88.16073243858818,899.0537406805083,0.0,0.0,1.0,49.0
0.0,64.5700822269132,893.4601985164377,0.0,0.0,1.0,49.0
0.0,122.57710243546035,878.1042351556525,0.0,0.0,1.0,49.0
0.0,55.66755549032791,896.8583857574308,0.0,0.0,1.0,49.0
0.0,79.94029241625276,878.6439255614391,0.0,0.0,1.0,49.0
0.0,83.20343665881683,866.9388333409961,0.0,0.0,1.0,49.0
0.0,91.08116727162292,898.6457905411908,0.0,0.0,1.0,49.0
0.0,77.16154339440436,891.956657784563,0.0,0.0,1.0,49.0
0.0,79.00945903646857,892.2007519819281,0.0,0.0,1.0,49.0
0.0,41.367933729607785,908.2212772167527,0.0,0.0,1.0,49.0
0.0,116.42450114265557,892.4390264946824,0.0,0.0,1.0,49.0
0.0,91.3297030485628,949.8528649142281,0.0,0.0,1.0,49.0
0.0,56.634429805924356,892.8311475708128,0.0,0.0,1.0,49.0
0.0,99.16166041502538,900.9579805736844,0.0,0.0,1.0,49.0
0.0,70.18109448873997,898.7472845909751,0.0,0.0,1.0,49.0
0.0,69.36734854382371,890.6117790963999,0.0,0.0,1.0,49.0
0.0,54.04857510085026,908.654177151177,0.0,0.0,1.0,49.0
0.0,99.54118767343243,896.0946700128234,0.0,0.0,1.0,49.0
0.0,80.81177793970505,888.9667157704953,0.0,0.0,1.0,49.0
0.0,135.10075923972795,932.2138262319941,0.0,0.0,1.0,49.0
0.0,121.90865024641244,903.6691712936804,0.0,0.0,1.0,49.0
0.0,92.05763404599543,887.2883428039681,0.0,0.0,1.0,49.0
0.0,107.03944507493475,928.0020060368429,0.0,0.0,1.0,49.0
0.0,133.46528786089243,898.5416379288799,0.0,0.0,1.0,49.0
0.0,143.52111232264951,915.7877249118042,0.0,0.0,1.0,49.0
0.0,118.84146625961739,953.958295300311,0.0,0.0,1.0,49.0
0.0,129.94309776901696,876.2887131974758,0.0,0.0,1.0,49.0
0.0,113.75409895370626,909.5722545719063,0.0,0.0,1.0,49.0
0.0,66.09556912914331,901.0057876497417,0.0,0.0,1.0,49.0
0.0,116.6599209185731,892.8974273852382,0.0,0.0,1.0,49.0
0.0,122.07464881485134,900.6917244155702,0.0,0.0,1.0,49.0
0.0,135.02568315961935,904.3425124128917,0.0,0.0,1.0,49.0
0.0,92.31405783336709,923.5825939152055,0.0,0.0,1.0,49.0
0.0,76.54680978962597,927.170210435992,0.0,0.0,1.0,49.0
0.0,51.38851436583991,909.6507624286842,0.0,0.0,1.0,49.0
0.0,105.97948354400773,900.6708978239294,0.0,0.0,1.0,49.0
0.0,111.9102485510241,898.3930063113366,0.0,0.0,1.0,49.0
0.0,131.02736238530088,905.9540985924928,0.0,0.0,1.0,49.0
0.0,109.86776249658078,882.3324355811797,0.0,0.0,1.0,49.0
0.0,103.87140851044273,905.461204899063,0.0,0.0,1.0,49.0
0.0,111.22247501715174,926.7799803538724,0.0,0.0,1.0,49.0
0.0,127.0479731315229,995.3477790492866,0.0,0.0,1.0,49.0
0.0,136.05569925538953,1001.1269780796865,0.0,0.0,1.0,49.0
0.0,103.9697787261448,970.5025776129405,0.0,0.0,1.0,49.0
0.0,148.87164196341428,1014.113614908937,0.0,0.0,1.0,49.0
0.0,98.11253617715352,991.6612920330222,0.0,0.0,1.0,49.0
0.0,122.16275431302074,994.4893654009629,0.0,0.0,1.0,49.0
0.0,115.79213201612811,1003.5013915760228,0.0,0.0,1.0,49.0
0.0,149.9182425213137,999.9801592217618,0.0,0.0,1.0,49.0
0.0,151.58989423261482,1000.7917855559494,0.0,0.0,1.0,49.0
0.0,113.68075048141486,987.7656075642317,0.0,0.0,1.0,49.0
0.0,140.28677801677895,980.2987617937883,0.0,0.0,1.0,49.0
0.0,145.26329529103873,939.2120375783525,0.0,0.0,1.0,49.0
0.0,61.325774391768164,965.7277358884703,0.0,0.0,1.0,49.0
0.0,124.66587283049466,974.4311831364712,0.0,0.0,1.0,49.0
0.0,119.73086275837181,944.7751735577936,0.0,0.0,1.0,49.0
0.0,148.4071024421462,952.4016629294006,0.0,0.0,1.0,49.0
0.0,122.52224317427113,982.5737643981979,0.0,0.0,1.0,49.0
0.0,108.19984285913142,1013.1328313497265,0.0,0.0,1.0,49.0
0.0,139.0536422738253,985.1009924551868,0.0,0.0,1.0,49.0
0.0,92.32843737767053,1003.9707891662069,0.0,0.0,1.0,49.0
0.0,128.09693230309858,993.9975253908669,0.0,0.0,1.0,49.0
0.0,136.05947347085225,984.7640901221994,0.0,0.0,1.0,49.0
0.0,107.01916474893324,988.403939916459,0.0,0.0,1.0,49.0
0.0,134.4824803405329,982.332231155418,0.0,0.0,1.0,49.0
0.0,120.83467716507903,937.3113563276283,0.0,0.0,1.0,49.0
0.0,134.16826930245475,1001.879157846698,0.0,0.0,1.0,49.0
0.0,69.40814026395378,990.175146047236,0.0,0.0,1.0,49.0
0.0,126.52536081239396,1009.700419856098,0.0,0.0,1.0,49.0
0.0,111.95971111567633,997.6474750702491,0.0,0.0,1.0,49.0
0.0,146.7025403910461,966.6293275311173,0.0,0.0,1.0,49.0
0.0,99.38780160425745,956.6624406582441,0.0,0.0,1.0,49.0
0.0,125.77392601175211,1017.3897704228766,0.0,0.0,1.0,49.0
0.0,61.551130186847786,968.8291668224938,0.0,0.0,1.0,49.0
0.0,87.51981023710255,936.3355087258014,0.0,0.0,1.0,49.0
0.0,106.32403466117353,988.5798122288484,0.0,0.0,1.0,49.0
0.0,147.16859859886608,1000.0264778535138,0.0,0.0,1.0,49.0
0.0,113.16595233224757,986.450452717444,0.0,0.0,1.0,49.0
0.0,44.63865022706,1031.3485708442422,0.0,0.0,1.0,49.0
0.0,87.84617103322421,995.7642169943083,0.0,0.0,1.0,49.0
0.0,107.09016363909927,934.8688478466684,0.0,0.0,1.0,49.0
0.0,93.26145375672786,995.1541423033796,0.0,0.0,1.0,49.0
0.0,50.993515853848066,1005.2739080996325,0.0,0.0,1.0,49.0
0.0,19.498969186636714,1021.8661793258743,0.0,0.0,1.0,49.0
0.0,60.24785986548636,977.8254842643964,0.0,0.0,1.0,49.0
0.0,66.47914591244694,954.6228425248855,0.0,0.0,1.0,49.0
0.0,49.366295831066736,1010.0764616080778,0.0,0.0,1.0,49.0
0.0,29.06411383634395,1017.9993978986622,0.0,0.0,1.0,49.0
0.0,28.370804515685904,996.5447501428603,0.0,0.0,1.0,49.0
0.0,18.911864607176767,961.858374743887,0.0,0.0,1.0,49.0
0.0,29.894911560868422,975.3334060652696,0.0,0.0,1.0,49.0
0.0,40.44633000969952,1005.5993201406127,0.0,0.0,1.0,49.0
0.0,37.012470002051714,1005.9809661254426,0.0,0.0,1.0,49.0
0.0,14.785058250359953,966.5008354256379,0.0,0.0,1.0,49.0
0.0,42.15735599611685,976.2541731602714,0.0,0.0,1.0,49.0
0.0,32.5035335938112,1011.0269793783268,0.0,0.0,1.0,49.0
0.0,80.20928868500118,995.1254155753873,0.0,0.0,1.0,49.0
0.0,48.465672045718065,982.4626358981159,0.0,0.0,1.0,49.0
0.0,37.2055640707556,985.4368139312455,0.0,0.0,1.0,49.0
0.0,22.42829186036056,975.1215915118037,0.0,0.0,1.0,49.0
0.0,39.88268120406974,980.3507926793482,0.0,0.0,1.0,49.0
0.0,74.69885686474163,950.3595604263983,0.0,0.0,1.0,49.0
0.0,44.72018228441925,979.7924672101926,0.0,0.0,1.0,49.0
0.0,51.756445953556295,981.1962190943045,0.0,0.0,1.0,49.0
0.0,40.679727965616166,1006.7919016139581,0.0,0.0,1.0,49.0
0.0,32.17918754157063,998.6860483418995,0.0,0.0,1.0,49.0
0.0,42.76651490217773,966.143189827163,0.0,0.0,1.0,49.0
0.0,34.40285103906331,982.916402846713,0.0,0.0,1.0,49.0
0.0,49.31203236089732,933.6753922850762,0.0,0.0,1.0,49.0
0.0,66.58210567698416,996.0240192683586,0.0,0.0,1.0,49.0
0.0,-59.41926869238205,915.0497986246764,0.0,0.0,1.0,50.0
0.0,-57.98740899985569,910.4858214967844,0.0,0.0,1.0,50.0
0.0,-64.2131530033023,906.5481923128773,0.0,0.0,1.0,50.0
0.0,-110.03311332944668,902.5081887459328,0.0,0.0,1.0,50.0
0.0,-60.25524213614449,890.6554691743358,0.0,0.0,1.0,50.0
0.0,-59.56099613524134,900.2140819636661,0.0,0.0,1.0,50.0
0.0,-94.94273950918819,915.4584534265496,0.0,0.0,1.0,50.0
0.0,-58.45234667786963,913.6188515943381,0.0,0.0,1.0,50.0
0.0,-64.91362432970186,922.3507036044357,0.0,0.0,1.0,50.0
0.0,-49.393211074873534,896.4564530979924,0.0,0.0,1.0,50.0
0.0,-41.78273871338956,913.575307141622,0.0,0.0,1.0,50.0
0.0,-112.62379485939186,909.2055298979026,0.0,0.0,1.0,50.0
0.0,-141.87357653724098,928.9279661708283,0.0,0.0,1.0,50.0
0.0,-79.65103079327241,925.1651029957156,0.0,0.0,1.0,50.0
0.0,-63.123310825978024,939.5455374442599,0.0,0.0,1.0,50.0
0.0,-68.3623126466548,913.1609500313357,0.0,0.0,1.0,50.0
0.0,-53.41010190247266,903.0154365218236,0.0,0.0,1.0,50.0
0.0,-82.94902023671557,927.0435835362468,0.0,0.0,1.0,50.0
0.0,-108.58742193082799,940.8015763090075,0.0,0.0,1.0,50.0
0.0,-79.63324874088494,903.09073269192,0.0,0.0,1.0,50.0
0.0,-49.56637408744996,901.1056284037832,0.0,0.0,1.0,50.0
0.0,-52.38517273100615,944.0009067020574,0.0,0.0,1.0,50.0
0.0,-68.70698380029535,869.1004970011136,0.0,0.0,1.0,50.0
0.0,-74.16860026530162,898.2329923481207,0.0,0.0,1.0,50.0
0.0,-66.86835942362768,934.4767704024316,0.0,0.0,1.0,50.0
0.0,-75.72549506072392,893.9063368391407,0.0,0.0,1.0,50.0
0.0,-46.96979906515821,950.7309042446805,0.0,0.0,1.0,50.0
0.0,-66.50162967722167,938.4923111410353,0.0,0.0,1.0,50.0
0.0,-65.66457892713447,970.0498653965242,0.0,0.0,1.0,50.0
0.0,-32.58484693425885,924.933864791708,0.0,0.0,1.0,50.0
0.0,-82.4022332404138,1001.6223644903748,0.0,0.0,1.0,50.0
0.0,-45.896136562181255,973.2764014911941,0.0,0.0,1.0,50.0
0.0,-36.38289466344759,976.5329760460645,0.0,0.0,1.0,50.0
0.0,-47.05870022058616,940.6152045512958,0.0,0.0,1.0,50.0
0.0,-60.74850942991452,980.7930250568593,0.0,0.0,1.0,50.0
0.0,-45.977454818599426,940.8474949206443,0.0,0.0,1.0,50.0
0.0,-28.406707305996633,964.3641609417346,0.0,0.0,1.0,50.0
0.0,-46.50959805570301,956.1643354742628,0.0,0.0,1.0,50.0
0.0,-34.380674661171724,964.5549578282394,0.0,0.0,1.0,50.0
0.0,-67.94452932876402,912.7688204965011,0.0,0.0,1.0,50.0
0.0,-39.96732298441498,973.1818635119798,0.0,0.0,1.0,50.0
0.0,-37.77070491822019,942.2502074642543,0.0,0.0,1.0,50.0
0.0,-75.7805253859292,980.4639904203441,0.0,0.0,1.0,50.0
0.0,-79.01536618074533,999.3048545561219,0.0,0.0,1.0,50.0
0.0,-45.03186296455897,934.5662511872806,0.0,0.0,1.0,50.0
0.0,-44.71977247623386,965.6816117869384,0.0,0.0,1.0,50.0
0.0,-35.7256396950761,980.7355585477999,0.0,0.0,1.0,50.0
0.0,-50.736681426247515,937.3709100161136,0.0,0.0,1.0,50.0
0.0,-60.87486025192834,953.0619541231358,0.0,0.0,1.0,50.0
0.0,-51.47635471589683,958.8954194553598,0.0,0.0,1.0,50.0
0.0,-57.2624999940756,942.6013473642038,0.0,0.0,1.0,50.0
0.0,-60.919240687638876,958.1719333795613,0.0,0.0,1.0,50.0
0.0,-59.60468614364322,954.3908106045665,0.0,0.0,1.0,50.0
0.0,-37.356411589488744,944.3266409304265,0.0,0.0,1.0,50.0
0.0,-46.9724222564721,948.4758782542008,0.0,0.0,1.0,50.0
0.0,-30.40281099185586,969.4250947377277,0.0,0.0,1.0,50.0
0.0,-55.7127293252247,983.9460383405062,0.0,0.0,1.0,50.0
0.0,-60.28847333738986,988.2574518289971,0.0,0.0,1.0,50.0
0.0,-33.9819483125591,968.378461388234,0.0,0.0,1.0,50.0
0.0,-51.96516789500561,971.8794010083011,0.0,0.0,1.0,50.0
0.0,-48.520692606261264,929.2563021421856,0.0,0.0,1.0,50.0
0.0,-37.47625944942911,954.7507100012081,0.0,0.0,1.0,50.0
0.0,-39.866585378046466,956.4584215226387,0.0,0.0,1.0,50.0
0.0,-51.50764399681202,941.1124573078223,0.0,0.0,1.0,50.0
0.0,-36.733838516739524,948.1320921641641,0.0,0.0,1.0,50.0
0.0,-38.85701906486747,957.1762987753063,0.0,0.0,1.0,50.0
0.0,-24.999524064009165,935.2095402481295,0.0,0.0,1.0,50.0
0.0,-54.657093062651484,940.360492023678,0.0,0.0,1.0,50.0
0.0,-58.897768396470155,937.4786725189733,0.0,0.0,1.0,50.0
0.0,-48.69101206267828,961.0968886490227,0.0,0.0,1.0,50.0
0.0,-34.617481434443334,922.8002452759224,0.0,0.0,1.0,50.0
0.0,-39.215485261997856,928.4659843091799,0.0,0.0,1.0,50.0
0.0,-41.55238101286568,931.4256412770078,0.0,0.0,1.0,50.0
0.0,-39.79254420969028,985.7033267970664,0.0,0.0,1.0,50.0
0.0,-43.013832836241136,969.3490682119473,0.0,0.0,1.0,50.0
0.0,-47.95976934610849,1007.8635125064338,0.0,0.0,1.0,50.0
0.0,-70.66783694731225,989.6458648385133,0.0,0.0,1.0,50.0
0.0,-92.1452852141797,1011.5784222823863,0.0,0.0,1.0,50.0
0.0,-54.40209848130621,1003.1755568379822,0.0,0.0,1.0,50.0
0.0,-45.743649886193225,984.6338414189217,0.0,0.0,1.0,50.0
0.0,-47.56404506037302,995.1119989744916,0.0,0.0,1.0,50.0
0.0,-52.34335564174876,956.8401815723446,0.0,0.0,1.0,50.0
0.0,-92.03835047880739,973.7558836946846,0.0,0.0,1.0,50.0
0.0,-61.02604874308281,990.55684463014,0.0,0.0,1.0,50.0
0.0,-76.61897075311776,1013.7234125582627,0.0,0.0,1.0,50.0
0.0,-51.02996312744631,997.0839453991566,0.0,0.0,1.0,50.0
0.0,-35.50022879344192,972.4122187723938,0.0,0.0,1.0,50.0
0.0,-51.21107312175468,988.1933382756538,0.0,0.0,1.0,50.0
0.0,-69.54016946380307,995.8049354869836,0.0,0.0,1.0,50.0
0.0,-44.31860696373565,1006.3555788634071,0.0,0.0,1.0,50.0
0.0,-47.598343934311515,993.3423457209196,0.0,0.0,1.0,50.0
0.0,-65.59614326622454,1008.8803271571087,0.0,0.0,1.0,50.0
0.0,-76.08616739689592,1022.2471213703111,0.0,0.0,1.0,50.0
0.0,-55.186313316590486,1014.0932617332787,0.0,0.0,1.0,50.0
0.0,-69.60168578044068,973.0098265277602,0.0,0.0,1.0,50.0
0.0,-79.28516470810541,992.3753333510876,0.0,0.0,1.0,50.0
0.0,-72.06641593893391,971.0886699002031,0.0,0.0,1.0,50.0
0.0,-85.9710881105259,992.7722566275179,0.0,0.0,1.0,50.0
0.0,-51.359601140483846,1008.7257715877367,0.0,0.0,1.0,50.0
0.0,-110.65873556596102,1002.6536131448056,0.0,0.0,1.0,50.0
0.0,-138.69838775366225,1015.0669949972985,0.0,0.0,1.0,50.0
0.0,-76.24577947260627,1028.17267210401,0.0,0.0,1.0,50.0
0.0,-104.63295980051339,999.9705161739016,0.0,0.0,1.0,50.0
0.0,-107.97643997856585,1007.1102999725904,0.0,0.0,1.0,50.0
0.0,-105.77182077966927,1036.852567045953,0.0,0.0,1.0,50.0
0.0,-109.72774378366739,1020.5201016164438,0.0,0.0,1.0,50.0
0.0,-115.64371891870724,1002.6765802927648,0.0,0.0,1.0,50.0
0.0,-110.6049554169008,1023.8314061487981,0.0,0.0,1.0,50.0
0.0,-92.35661593321788,1028.2005737061072,0.0,0.0,1.0,50.0
0.0,-111.95917105934814,1023.2362181552262,0.0,0.0,1.0,50.0
0.0,-81.7284407560328,1011.9152110308319,0.0,0.0,1.0,50.0
0.0,-105.16233527262489,991.098562882346,0.0,0.0,1.0,50.0
0.0,-157.04621193242906,1001.9159540820592,0.0,0.0,1.0,50.0
0.0,-95.3107533094626,1011.0368341776898,0.0,0.0,1.0,50.0
0.0,-106.88830040831749,1008.8985616053046,0.0,0.0,1.0,50.0
0.0,-129.71375813958207,966.8284179980678,0.0,0.0,1.0,50.0
0.0,-93.1109059936764,1014.4064131925261,0.0,0.0,1.0,50.0
0.0,-148.17365573584448,990.4850901634873,0.0,0.0,1.0,50.0
0.0,-94.29625535834543,1032.6062627434521,0.0,0.0,1.0,50.0
0.0,-130.86410281459916,1047.4084066480127,0.0,0.0,1.0,50.0
0.0,-96.93076051646199,998.9561607408968,0.0,0.0,1.0,50.0
0.0,-112.90721760509132,1018.749459096593,0.0,0.0,1.0,50.0
0.0,-104.89952832771837,1003.7143434894529,0.0,0.0,1.0,50.0
0.0,-118.90816157967492,996.0885161257829,0.0,0.0,1.0,50.0
0.0,-86.21490787729681,1000.8494707044911,0.0,0.0,1.0,50.0
0.0,-67.91650249791132,1005.5134003817125,0.0,0.0,1.0,50.0
0.0,-140.22941290406766,993.0547262563655,0.0,0.0,1.0,50.0
0.0,-111.53594840224287,1016.2043661305588,0.0,0.0,1.0,50.0
0.0,-118.03980008340272,1027.6199384788588,0.0,0.0,1.0,50.0
0.0,-122.9208567022954,1012.210728502751,0.0,0.0,1.0,50.0
0.0,-104.50390764476401,1009.5125025750303,0.0,0.0,1.0,50.0
0.0,-94.2658130837915,1012.3551899792801,0.0,0.0,1.0,50.0
0.0,-87.3764503051541,1040.5455104406446,0.0,0.0,1.0,50.0
0.0,-88.78391039678604,1018.9196618615351,0.0,0.0,1.0,50.0
0.0,-117.13821658971301,988.0830842878249,0.0,0.0,1.0,50.0
0.0,-130.6519416465012,1029.261588649042,0.0,0.0,1.0,50.0
0.0,-120.93740712727094,1031.1717390977878,0.0,0.0,1.0,50.0
0.0,-126.35198953719942,1023.1071939925987,0.0,0.0,1.0,50.0
0.0,-105.2039247899072,1036.259845659879,0.0,0.0,1.0,50.0
0.0,-176.87403240286562,995.8618388558875,0.0,0.0,1.0,50.0
0.0,-156.35371437065442,997.7441802115991,0.0,0.0,1.0,50.0
0.0,-151.38648568529288,1008.2894659008139,0.0,0.0,1.0,50.0
0.0,-163.2556675824892,1006.3466844001755,0.0,0.0,1.0,50.0
0.0,-140.2985883883007,1001.4071895435673,0.0,0.0,1.0,50.0
0.0,-137.946784714469,984.2398115424521,0.0,0.0,1.0,50.0
0.0,-140.52120430840046,1002.0934295606739,0.0,0.0,1.0,50.0
0.0,-142.36476376415771,1000.8830288286626,0.0,0.0,1.0,50.0
0.0,-166.90304709514157,1039.501093539137,0.0,0.0,1.0,50.0
0.0,-152.88475034634916,1012.370812450873,0.0,0.0,1.0,50.0
0.0,-154.75656228608864,970.3415855154558,0.0,0.0,1.0,50.0
0.0,-162.27838818837472,959.1948751082832,0.0,0.0,1.0,50.0
0.0,-147.7477653511869,996.038415321098,0.0,0.0,1.0,50.0
0.0,-138.257806968787,1023.5378290898361,0.0,0.0,1.0,50.0
0.0,-125.18873123406001,1005.780217012767,0.0,0.0,1.0,50.0
0.0,-111.65759088214145,950.0431514986203,0.0,0.0,1.0,50.0
0.0,-148.44237257788018,1000.3206239289411,0.0,0.0,1.0,50.0
0.0,-139.3942191136175,982.096569144478,0.0,0.0,1.0,50.0
0.0,-115.08597371574729,1009.8405893295808,0.0,0.0,1.0,50.0
0.0,-166.05839388124969,961.5140992334141,0.0,0.0,1.0,50.0
0.0,-118.22883447028335,998.0601064721627,0.0,0.0,1.0,50.0
0.0,-143.05179584968823,1008.0191542912635,0.0,0.0,1.0,50.0
0.0,-161.15728268261637,994.9029673121531,0.0,0.0,1.0,50.0
0.0,-152.79797385382653,980.7510760009495,0.0,0.0,1.0,50.0
0.0,-131.00791633157587,1008.5003334875919,0.0,0.0,1.0,50.0
0.0,-170.4843769112574,995.2436600112455,0.0,0.0,1.0,50.0
0.0,-150.90527683701566,1022.2246118446101,0.0,0.0,1.0,50.0
0.0,-183.0509418219358,984.9955662152638,0.0,0.0,1.0,50.0
0.0,-144.40316055673634,989.9567179603978,0.0,0.0,1.0,50.0
0.0,-105.82147990140425,938.082615868544,0.0,0.0,1.0,50.0
0.0,-136.84262346678656,1010.3720022570415,0.0,0.0,1.0,50.0
0.0,-162.35885047760985,1011.3884361234523,0.0,0.0,1.0,50.0
0.0,-159.6031757142939,1003.8489153585533,0.0,0.0,1.0,50.0
0.0,-162.51556229690868,965.8335498748074,0.0,0.0,1.0,50.0
0.0,-166.81576854438094,950.3612427439784,0.0,0.0,1.0,50.0
0.0,-167.16705857570196,978.4099143941567,0.0,0.0,1.0,50.0
0.0,-160.58125312011975,937.3662833846029,0.0,0.0,1.0,50.0
0.0,-162.14761010629354,998.1439874878192,0.0,0.0,1.0,50.0
0.0,-176.45924832163655,947.7761719757036,0.0,0.0,1.0,50.0
0.0,-176.2172114165187,967.7715027125582,0.0,0.0,1.0,50.0
0.0,-158.86480442461152,940.5713691826204,0.0,0.0,1.0,50.0
0.0,-159.74268320194506,971.8428597759935,0.0,0.0,1.0,50.0
0.0,-157.6587288569758,956.0738516343772,0.0,0.0,1.0,50.0
0.0,-170.829293383611,961.5328496826651,0.0,0.0,1.0,50.0
0.0,-175.81340816181546,966.9663004864428,0.0,0.0,1.0,50.0
0.0,-162.39355621207733,974.8007008145855,0.0,0.0,1.0,50.0
0.0,-163.42998740607368,937.3083038970813,0.0,0.0,1.0,50.0
0.0,-174.4560534414029,947.8723493710131,0.0,0.0,1.0,50.0
0.0,-184.53117965982437,956.5678546881795,0.0,0.0,1.0,50.0
0.0,-165.90851529391125,967.2803105031253,0.0,0.0,1.0,50.0
0.0,-175.11143650297026,939.6918997724888,0.0,0.0,1.0,50.0
0.0,-154.9912821426028,961.002846266234,0.0,0.0,1.0,50.0
0.0,-157.9903620936343,955.0660390564153,0.0,0.0,1.0,50.0
0.0,-170.92042430129482,983.8238424992833,0.0,0.0,1.0,50.0
0.0,-187.9359999744097,965.8450914738842,0.0,0.0,1.0,50.0
0.0,-183.8168845504283,961.1560425879029,0.0,0.0,1.0,50.0
0.0,-154.38126896174344,953.9760018628804,0.0,0.0,1.0,50.0
0.0,-183.71922446133567,940.7667959567043,0.0,0.0,1.0,50.0
0.0,-177.03421342047204,960.6379685974639,0.0,0.0,1.0,50.0
0.0,-176.23266804969285,949.9990337499048,0.0,0.0,1.0,50.0
0.0,-173.51086117962245,930.7663122533486,0.0,0.0,1.0,50.0
0.0,-155.89930817003824,956.3472152524218,0.0,0.0,1.0,50.0
0.0,-158.10872219347016,937.931515966281,0.0,0.0,1.0,50.0
0.0,-151.02340920003326,954.2169308545654,0.0,0.0,1.0,50.0
0.0,-168.72789358302134,975.1647878779718,0.0,0.0,1.0,50.0
0.0,-165.02424711702452,960.8858057785537,0.0,0.0,1.0,50.0
0.0,-162.08506499752025,963.880610691891,0.0,0.0,1.0,50.0
0.0,-169.48850396231546,958.8668947757669,0.0,0.0,1.0,50.0
0.0,-180.30233215234716,946.4082107474137,0.0,0.0,1.0,50.0
0.0,-169.0535835693513,940.876731816973,0.0,0.0,1.0,50.0
0.0,-140.30779402655662,935.2760396748545,0.0,0.0,1.0,50.0
0.0,-169.26726361326814,1002.3904080624425,0.0,0.0,1.0,50.0
0.0,-159.56848121762982,980.5951190636229,0.0,0.0,1.0,50.0
0.0,-163.6730141167509,898.369918018012,0.0,0.0,1.0,50.0
0.0,-138.14138535801408,924.6587306059896,0.0,0.0,1.0,50.0
0.0,-162.4009303922544,894.1956835092478,0.0,0.0,1.0,50.0
0.0,-138.54722683261116,925.1572250128329,0.0,0.0,1.0,50.0
0.0,-118.51295065969498,970.696959096746,0.0,0.0,1.0,50.0
0.0,-150.4683555009526,929.8338209341882,0.0,0.0,1.0,50.0
0.0,-151.64062839990902,927.6878638241933,0.0,0.0,1.0,50.0
0.0,-146.25175529574858,897.0999471041941,0.0,0.0,1.0,50.0
0.0,-135.72245927385802,911.5017281447817,0.0,0.0,1.0,50.0
0.0,-175.43006443687523,904.908357299832,0.0,0.0,1.0,50.0
0.0,-168.2619406000042,913.7934631630242,0.0,0.0,1.0,50.0
0.0,-176.2368116329876,881.7389389249893,0.0,0.0,1.0,50.0
0.0,-171.38704170593087,928.8863465648983,0.0,0.0,1.0,50.0
0.0,-147.8033708497553,937.5616206807517,0.0,0.0,1.0,50.0
0.0,-172.1630761078659,912.9310772902481,0.0,0.0,1.0,50.0
0.0,-132.45816983250165,915.375444474581,0.0,0.0,1.0,50.0
0.0,-160.8737329103949,908.4717488464657,0.0,0.0,1.0,50.0
0.0,-157.72913940792955,903.4815889144893,0.0,0.0,1.0,50.0
0.0,-156.13656998877036,900.4701265105032,0.0,0.0,1.0,50.0
0.0,-149.37134709869156,902.6645302342054,0.0,0.0,1.0,50.0
0.0,-142.01124161975326,903.8733224605462,0.0,0.0,1.0,50.0
0.0,-126.7139282987016,959.3811587036012,0.0,0.0,1.0,50.0
0.0,-145.9461814948054,906.7753998723492,0.0,0.0,1.0,50.0
0.0,-169.40336530400668,905.6887521709664,0.0,0.0,1.0,50.0
0.0,-165.55342651397586,914.2099887229124,0.0,0.0,1.0,50.0
0.0,-167.46785207599896,917.4977346835321,0.0,0.0,1.0,50.0
0.0,-155.5429599717902,923.0635392947311,0.0,0.0,1.0,50.0
0.0,-149.63745283795515,913.4162160190795,0.0,0.0,1.0,50.0
0.0,-147.66077280458558,945.6634503766845,0.0,0.0,1.0,50.0
0.0,-164.93208647732285,907.4763858655697,0.0,0.0,1.0,50.0
0.0,-160.62427721188055,925.1515029327716,0.0,0.0,1.0,50.0
0.0,-119.59045425526119,885.6033724142285,0.0,0.0,1.0,50.0
0.0,-82.39509849697538,899.8284962921248,0.0,0.0,1.0,50.0
0.0,-105.98933588806358,858.3111999479966,0.0,0.0,1.0,50.0
0.0,-96.76042734393127,893.0103695133262,0.0,0.0,1.0,50.0
0.0,-93.36594776792913,909.0496872355525,0.0,0.0,1.0,50.0
0.0,-107.4705203284218,884.9426501638764,0.0,0.0,1.0,50.0
0.0,-129.53601546457116,898.0944070264854,0.0,0.0,1.0,50.0
0.0,-78.81818144088288,913.7732566820032,0.0,0.0,1.0,50.0
0.0,-121.17644520420663,897.471784873957,0.0,0.0,1.0,50.0
0.0,-101.94140296618684,881.8491875101686,0.0,0.0,1.0,50.0
0.0,-97.64426972300907,907.273252146505,0.0,0.0,1.0,50.0
0.0,-146.63567286492707,934.7710408179532,0.0,0.0,1.0,50.0
0.0,-130.03607633268643,867.0407691522314,0.0,0.0,1.0,50.0
0.0,-123.2036618976665,868.0953079370283,0.0,0.0,1.0,50.0
0.0,-98.97409896120962,902.275371153075,0.0,0.0,1.0,50.0
0.0,-109.87976216122706,894.0577405325776,0.0,0.0,1.0,50.0
0.0,-110.87300503207393,918.7208883647431,0.0,0.0,1.0,50.0
0.0,-93.45283577217128,894.0229376549851,0.0,0.0,1.0,50.0
0.0,-94.44996773612297,936.7371603162819,0.0,0.0,1.0,50.0
0.0,-122.40732806808523,875.5205433663095,0.0,0.0,1.0,50.0
0.0,-132.30704583072202,900.6278001697801,0.0,0.0,1.0,50.0
0.0,-112.85457336964964,885.1970927410644,0.0,0.0,1.0,50.0
0.0,-259.1635658918085,933.2624093592249,0.0,0.0,1.0,51.0
0.0,-281.72819508300927,924.73782667877,0.0,0.0,1.0,51.0
0.0,-263.60697554121407,916.5282252919005,0.0,0.0,1.0,51.0
0.0,-266.83496172865944,922.4662284846727,0.0,0.0,1.0,51.0
0.0,-267.6357875411759,921.7010446360464,0.0,0.0,1.0,51.0
0.0,-266.9704654437867,932.8912088789439,0.0,0.0,1.0,51.0
0.0,-292.44776972639556,879.7400400222105,0.0,0.0,1.0,51.0
0.0,-269.3372307850973,945.0461892846592,0.0,0.0,1.0,51.0
0.0,-269.635622032122,895.5682695418718,0.0,0.0,1.0,51.0
0.0,-260.7102302668952,932.8578845650622,0.0,0.0,1.0,51.0
0.0,-307.47986903198057,933.4539831748634,0.0,0.0,1.0,51.0
0.0,-297.8777165811571,943.5618915303271,0.0,0.0,1.0,51.0
0.0,-245.0713630609257,912.462360114836,0.0,0.0,1.0,51.0
0.0,-263.969780288136,953.3291821647172,0.0,0.0,1.0,51.0
0.0,-276.4631247405964,944.077157375214,0.0,0.0,1.0,51.0
0.0,-275.12435526510967,947.5509196999883,0.0,0.0,1.0,51.0
0.0,-285.3874609325885,945.184996387874,0.0,0.0,1.0,51.0
0.0,-314.2817299228227,932.0990127094633,0.0,0.0,1.0,51.0
0.0,-259.47376729944676,939.94061698011,0.0,0.0,1.0,51.0
0.0,-258.00956765647084,900.937876151228,0.0,0.0,1.0,51.0
0.0,-273.9744631487017,929.3463998367783,0.0,0.0,1.0,51.0
0.0,-280.66479893500605,922.0356806102659,0.0,0.0,1.0,51.0
0.0,-270.03996761769076,909.685199832647,0.0,0.0,1.0,51.0
0.0,-280.14303739954653,941.4988236125319,0.0,0.0,1.0,51.0
0.0,-258.125237727186,935.4165746950039,0.0,0.0,1.0,51.0
0.0,-271.5291601130923,956.8413084190788,0.0,0.0,1.0,51.0
0.0,-256.2168598097237,940.1134902342897,0.0,0.0,1.0,51.0
0.0,-291.7831383478649,950.1817520131212,0.0,0.0,1.0,51.0
0.0,-272.69912019429944,933.7175316087028,0.0,0.0,1.0,51.0
0.0,-252.4534720919837,931.365309919518,0.0,0.0,1.0,51.0
0.0,-269.05969715863625,918.3416359180974,0.0,0.0,1.0,51.0
0.0,-268.8115033702379,922.1682186982393,0.0,0.0,1.0,51.0
0.0,-266.0123648375643,928.0020598859123,0.0,0.0,1.0,51.0
0.0,-253.92353141543072,870.9675991979798,0.0,0.0,1.0,51.0
0.0,-306.54286703018397,946.4780167109993,0.0,0.0,1.0,51.0
0.0,-291.21117062495046,942.6055709538437,0.0,0.0,1.0,51.0
0.0,-288.86141482737753,934.0790731545021,0.0,0.0,1.0,51.0
0.0,-278.18684850293903,934.7131923119423,0.0,0.0,1.0,51.0
0.0,-248.79792217546537,931.9539107430319,0.0,0.0,1.0,51.0
0.0,-288.1624255322181,921.3602109022377,0.0,0.0,1.0,51.0
0.0,-270.6329539341541,952.9078486957119,0.0,0.0,1.0,51.0
0.0,-222.00963216470723,917.061910740636,0.0,0.0,1.0,51.0
0.0,-280.43247453875097,913.3674398446656,0.0,0.0,1.0,51.0
0.0,-286.65379489510474,940.2416683615088,0.0,0.0,1.0,51.0
0.0,-275.0907996120475,937.6424705137088,0.0,0.0,1.0,51.0
0.0,-273.82687115979707,917.3557263740813,0.0,0.0,1.0,51.0
0.0,-309.87308348363604,920.358807762173,0.0,0.0,1.0,51.0
0.0,-313.8796916158028,869.9372495438629,0.0,0.0,1.0,51.0
0.0,-291.5558237299874,915.5371811407986,0.0,0.0,1.0,51.0
0.0,-329.6821012698399,910.068393490284,0.0,0.0,1.0,51.0
0.0,-312.19024273030664,935.1991198049391,0.0,0.0,1.0,51.0
0.0,-337.5480259934882,911.7145762514579,0.0,0.0,1.0,51.0
0.0,-334.286768618814,922.7848321511838,0.0,0.0,1.0,51.0
0.0,-330.03516281356497,925.1665982698628,0.0,0.0,1.0,51.0
0.0,-333.60163849589344,885.7065587659968,0.0,0.0,1.0,51.0
0.0,-329.07870204846836,925.1471542966005,0.0,0.0,1.0,51.0
0.0,-341.21948949604064,924.9991214577985,0.0,0.0,1.0,51.0
0.0,-323.3513193511692,936.7766922767705,0.0,0.0,1.0,51.0
0.0,-297.207178338522,936.7348783030425,0.0,0.0,1.0,51.0
0.0,-314.3994226919299,892.0172838284825,0.0,0.0,1.0,51.0
0.0,-325.57091578802056,906.7876633314554,0.0,0.0,1.0,51.0
0.0,-306.57746098265307,888.4801102035517,0.0,0.0,1.0,51.0
0.0,-310.1029653597168,924.8250220777859,0.0,0.0,1.0,51.0
0.0,-326.6029883874278,932.8022269393191,0.0,0.0,1.0,51.0
0.0,-315.3423212573664,911.1357473885523,0.0,0.0,1.0,51.0
0.0,-310.3480358332786,931.6286807896367,0.0,0.0,1.0,51.0
0.0,-336.7559992897675,904.0489989803164,0.0,0.0,1.0,51.0
0.0,-327.5188906471367,891.461600076158,0.0,0.0,1.0,51.0
0.0,-324.60628255029724,901.1439586135939,0.0,0.0,1.0,51.0
0.0,-293.11889701819814,910.3069535511377,0.0,0.0,1.0,51.0
0.0,-313.31791760338865,923.7993561712956,0.0,0.0,1.0,51.0
0.0,-329.3678436511793,904.7056524416544,0.0,0.0,1.0,51.0
0.0,-299.4595646836783,910.4924294980874,0.0,0.0,1.0,51.0
0.0,-334.8793124158126,895.9599225582188,0.0,0.0,1.0,51.0
0.0,-325.5509647601332,927.3745181803392,0.0,0.0,1.0,51.0
0.0,-325.2614141517713,912.9194748747741,0.0,0.0,1.0,51.0
0.0,-324.67016605857907,920.9435044698384,0.0,0.0,1.0,51.0
0.0,-313.0133531483539,891.1822666504049,0.0,0.0,1.0,51.0
0.0,-306.4134488199236,903.3510755701946,0.0,0.0,1.0,51.0
0.0,-347.50818304095174,876.5031239120945,0.0,0.0,1.0,51.0
0.0,-341.62438848384636,874.3115847640734,0.0,0.0,1.0,51.0
0.0,-350.4976469669782,868.2941702509052,0.0,0.0,1.0,51.0
0.0,-344.74918614137187,843.2153499997607,0.0,0.0,1.0,51.0
0.0,-360.250632679428,889.7231875798011,0.0,0.0,1.0,51.0
0.0,-339.3745877031472,871.062974356797,0.0,0.0,1.0,51.0
0.0,-360.90881730894534,887.9181173718225,0.0,0.0,1.0,51.0
0.0,-317.045631288943,860.5286335063065,0.0,0.0,1.0,51.0
0.0,-294.7029538703023,861.0608290668974,0.0,0.0,1.0,51.0
0.0,-298.851599818747,884.3763690550127,0.0,0.0,1.0,51.0
0.0,-316.9363314113557,817.7306325260415,0.0,0.0,1.0,51.0
0.0,-353.1506306604824,865.6699525791087,0.0,0.0,1.0,51.0
0.0,-341.6950935583807,846.5859601017628,0.0,0.0,1.0,51.0
0.0,-329.12249879859246,830.2122580508649,0.0,0.0,1.0,51.0
0.0,-304.37647910804026,801.7618922426514,0.0,0.0,1.0,51.0
0.0,-320.4041058430753,820.048143347909,0.0,0.0,1.0,51.0
0.0,-317.31100434523796,835.2960197111088,0.0,0.0,1.0,51.0
0.0,-349.98338780022334,828.285400357513,0.0,0.0,1.0,51.0
0.0,-309.215292568065,826.2136054861498,0.0,0.0,1.0,51.0
0.0,-331.3334220184656,845.1775972123701,0.0,0.0,1.0,51.0
0.0,-348.03027207037644,849.7279570841738,0.0,0.0,1.0,51.0
0.0,-307.61560791911484,821.135686884516,0.0,0.0,1.0,51.0
0.0,-338.9824781455749,828.4697318062204,0.0,0.0,1.0,51.0
0.0,-330.17226829136507,854.656661016938,0.0,0.0,1.0,51.0
0.0,-311.8923542811722,840.8449228015197,0.0,0.0,1.0,51.0
0.0,-299.8653799169906,822.460979353209,0.0,0.0,1.0,51.0
0.0,-335.0890789271966,850.7729099071735,0.0,0.0,1.0,51.0
0.0,-352.3095558720793,832.3490065354927,0.0,0.0,1.0,51.0
0.0,-287.93008169154837,807.8767712841277,0.0,0.0,1.0,51.0
0.0,-325.68447207067857,827.9957034354584,0.0,0.0,1.0,51.0
0.0,-316.5949983750206,834.0505638424297,0.0,0.0,1.0,51.0
0.0,-356.09167242288936,811.4166075129465,0.0,0.0,1.0,51.0
0.0,-335.54398675186644,833.5968483605275,0.0,0.0,1.0,51.0
0.0,-329.10680807582276,845.6335009274035,0.0,0.0,1.0,51.0
0.0,-353.9435052087663,824.9336217715581,0.0,0.0,1.0,51.0
0.0,-336.566557704298,830.997485811703,0.0,0.0,1.0,51.0
0.0,-321.4307166241297,867.5113364600238,0.0,0.0,1.0,51.0
0.0,-279.5358544857859,789.3749181697849,0.0,0.0,1.0,51.0
0.0,-284.77055106768603,814.4526873601208,0.0,0.0,1.0,51.0
0.0,-306.0005572007924,809.4092636203904,0.0,0.0,1.0,51.0
0.0,-256.6000989113568,816.8793489597415,0.0,0.0,1.0,51.0
0.0,-277.48532833709487,868.9117709780376,0.0,0.0,1.0,51.0
0.0,-284.1399183095575,797.3986857645782,0.0,0.0,1.0,51.0
0.0,-287.08809638675484,813.2200476416051,0.0,0.0,1.0,51.0
0.0,-258.0928276554894,815.1890791236342,0.0,0.0,1.0,51.0
0.0,-277.05146984880685,782.3828398127043,0.0,0.0,1.0,51.0
0.0,-269.5633994890295,865.2379583486809,0.0,0.0,1.0,51.0
0.0,-264.4948030369692,801.4600309171237,0.0,0.0,1.0,51.0
0.0,-267.61346063140877,796.6856237976931,0.0,0.0,1.0,51.0
0.0,-269.61389669041137,795.1469895045138,0.0,0.0,1.0,51.0
0.0,-247.73736161803458,825.7904344064318,0.0,0.0,1.0,51.0
0.0,-281.3540559164303,792.7656898835548,0.0,0.0,1.0,51.0
0.0,-283.2649938242812,808.0951834575249,0.0,0.0,1.0,51.0
0.0,-256.97820157066326,789.1458938090364,0.0,0.0,1.0,51.0
0.0,-289.36200483806624,819.6203408665824,0.0,0.0,1.0,51.0
0.0,-255.1608004052407,832.2187804755008,0.0,0.0,1.0,51.0
0.0,-270.288907191356,781.7876474435884,0.0,0.0,1.0,51.0
0.0,-275.4502349341358,818.1200219321399,0.0,0.0,1.0,51.0
0.0,-221.75448538727255,859.9415584276721,0.0,0.0,1.0,51.0
0.0,-223.00544039976353,879.7187120207236,0.0,0.0,1.0,51.0
0.0,-185.65968821058277,879.70010398774,0.0,0.0,1.0,51.0
0.0,-189.75222246457156,873.745958012863,0.0,0.0,1.0,51.0
0.0,-215.26433636889988,883.140333950158,0.0,0.0,1.0,51.0
0.0,-216.17267838619614,860.6986027611183,0.0,0.0,1.0,51.0
0.0,-217.67868530580563,859.0465340279793,0.0,0.0,1.0,51.0
0.0,-217.58490141903007,903.4009464194005,0.0,0.0,1.0,51.0
0.0,-210.00628993492114,862.0605284517073,0.0,0.0,1.0,51.0
0.0,-213.63211324172357,870.0322846978997,0.0,0.0,1.0,51.0
0.0,-217.90203290256727,881.6864606205927,0.0,0.0,1.0,51.0
0.0,-251.94077784899673,863.0030067969392,0.0,0.0,1.0,51.0
0.0,-194.31914039170488,857.388979099771,0.0,0.0,1.0,51.0
0.0,-285.9632723460786,822.9819658405859,0.0,0.0,1.0,51.0
0.0,-223.78582144300253,857.6717994341943,0.0,0.0,1.0,51.0
0.0,-218.73411944030295,885.813533548826,0.0,0.0,1.0,51.0
0.0,-194.72589511144906,853.7315105859007,0.0,0.0,1.0,51.0
0.0,-195.24011148514614,877.7897754031501,0.0,0.0,1.0,51.0
0.0,-256.8630580098104,842.8726019315714,0.0,0.0,1.0,51.0
0.0,-178.32508835318436,875.4113654838307,0.0,0.0,1.0,51.0
0.0,-205.2609137719112,853.2558821487601,0.0,0.0,1.0,51.0
0.0,-265.3636976369621,863.8308522357984,0.0,0.0,1.0,51.0
0.0,-199.37513650158053,845.2731973791851,0.0,0.0,1.0,51.0
0.0,-220.5758054521084,885.0045862833472,0.0,0.0,1.0,51.0
0.0,-222.4302229808718,845.1846573664125,0.0,0.0,1.0,51.0
0.0,-215.56792076379588,882.8988828345182,0.0,0.0,1.0,51.0
0.0,-211.19753259867048,893.7420420245166,0.0,0.0,1.0,51.0
0.0,-250.9889829575925,882.8079216265705,0.0,0.0,1.0,51.0
0.0,-210.53059874190535,910.7466728923432,0.0,0.0,1.0,51.0
0.0,-199.83647323280866,884.8318493230249,0.0,0.0,1.0,51.0
0.0,-205.9508235525268,867.8145406009826,0.0,0.0,1.0,51.0
0.0,-216.3221759091623,888.5717440799699,0.0,0.0,1.0,51.0
0.0,-270.1342085035367,856.7557180935778,0.0,0.0,1.0,51.0
0.0,-229.119845597201,924.1841723226657,0.0,0.0,1.0,51.0
0.0,-226.4851473030826,933.7193971260185,0.0,0.0,1.0,51.0
0.0,-218.44101272736953,921.5511172953757,0.0,0.0,1.0,51.0
0.0,-234.5352796132679,909.6698555753292,0.0,0.0,1.0,51.0
0.0,-254.0913889715764,915.6596975097359,0.0,0.0,1.0,51.0
0.0,-274.75110759398945,921.107717228696,0.0,0.0,1.0,51.0
0.0,-276.34780713185023,936.1348809968335,0.0,0.0,1.0,51.0
0.0,-236.1988426931946,919.3229662644576,0.0,0.0,1.0,51.0
0.0,-250.07530999286337,945.0745456097293,0.0,0.0,1.0,51.0
0.0,-214.0937667735468,917.1483969173128,0.0,0.0,1.0,51.0
0.0,-256.57621128573146,902.7093457750325,0.0,0.0,1.0,51.0
0.0,-267.457161153317,917.0008085856771,0.0,0.0,1.0,51.0
0.0,-252.86031264988264,916.847118801868,0.0,0.0,1.0,51.0
0.0,-277.865861442589,931.6262014677404,0.0,0.0,1.0,51.0
0.0,-243.4627356636056,926.7939967603947,0.0,0.0,1.0,51.0
0.0,-712.0455275802891,481.1718178511128,0.0,0.0,1.0,52.0
0.0,-717.1261343136434,492.32967469441724,0.0,0.0,1.0,52.0
0.0,-706.4895854504937,515.1548331478534,0.0,0.0,1.0,52.0
0.0,-693.0859945233309,509.1898091485914,0.0,0.0,1.0,52.0
0.0,-707.8872575291196,496.96366325342683,0.0,0.0,1.0,52.0
0.0,-708.6794191704906,483.42236770227714,0.0,0.0,1.0,52.0
0.0,-714.6686005001766,479.03273869397935,0.0,0.0,1.0,52.0
0.0,-708.6498332754278,500.30517415628515,0.0,0.0,1.0,52.0
0.0,-699.281244482557,505.13337507657116,0.0,0.0,1.0,52.0
0.0,-717.3436450011541,479.72641625069537,0.0,0.0,1.0,52.0
0.0,-696.9498061451053,496.56310923244246,0.0,0.0,1.0,52.0
0.0,-690.6956434352007,484.3312252625856,0.0,0.0,1.0,52.0
0.0,-714.1981262375957,474.7008957808723,0.0,0.0,1.0,52.0
0.0,-687.8635599451765,550.0399947522935,0.0,0.0,1.0,52.0
0.0,-673.6952327332359,527.198245408322,0.0,0.0,1.0,52.0
0.0,-694.3409461714981,506.33559983018495,0.0,0.0,1.0,52.0
0.0,-679.2429251669801,541.9299202079865,0.0,0.0,1.0,52.0
0.0,-655.4260669367238,564.5498239500421,0.0,0.0,1.0,52.0
0.0,-666.856684257596,536.3622444189837,0.0,0.0,1.0,52.0
0.0,-677.9010257020195,551.4407558684295,0.0,0.0,1.0,52.0
0.0,-686.6003516714038,541.1397217010654,0.0,0.0,1.0,52.0
0.0,-653.8770637490745,551.3529112567269,0.0,0.0,1.0,52.0
0.0,-666.53666179994,515.9662143373541,0.0,0.0,1.0,52.0
0.0,-661.7480454937019,525.7501705708307,0.0,0.0,1.0,52.0
0.0,-695.1231568730104,553.3790626096775,0.0,0.0,1.0,52.0
0.0,-758.6212824914395,484.4606267770009,0.0,0.0,1.0,52.0
0.0,-669.6652096790325,540.499436387031,0.0,0.0,1.0,52.0
0.0,-686.7784678475103,536.3811930141703,0.0,0.0,1.0,52.0
0.0,-694.0098107631284,540.4969917035371,0.0,0.0,1.0,52.0
0.0,-689.9488731245963,538.1826907735083,0.0,0.0,1.0,52.0
0.0,-665.3252294095034,575.2015223316469,0.0,0.0,1.0,52.0
0.0,-686.4796385207896,548.2987830094985,0.0,0.0,1.0,52.0
0.0,-693.4543673154681,518.930820200133,0.0,0.0,1.0,52.0
0.0,-659.327739158538,556.5094931265112,0.0,0.0,1.0,52.0
0.0,-678.7418668996149,547.6652009166619,0.0,0.0,1.0,52.0
0.0,-692.5397721612081,525.320177609633,0.0,0.0,1.0,52.0
0.0,-665.5552307544426,534.2876554902064,0.0,0.0,1.0,52.0
0.0,-677.5101802218725,565.0825945814147,0.0,0.0,1.0,52.0
0.0,-688.5823040475193,550.839010745934,0.0,0.0,1.0,52.0
0.0,-684.363833996277,513.4160161978048,0.0,0.0,1.0,52.0
0.0,-716.6036356753378,539.4286839568294,0.0,0.0,1.0,52.0
0.0,-663.9187601874999,530.1007267667644,0.0,0.0,1.0,52.0
0.0,-678.2226780157451,538.9658879028784,0.0,0.0,1.0,52.0
0.0,-648.337816041603,532.2588416761716,0.0,0.0,1.0,52.0
0.0,-669.4623140695245,512.8110684322291,0.0,0.0,1.0,52.0
0.0,-699.7790197853498,552.9851050979591,0.0,0.0,1.0,52.0
0.0,-668.5471732364971,579.7102228058909,0.0,0.0,1.0,52.0
0.0,-666.5397325085701,588.8010599886909,0.0,0.0,1.0,52.0
0.0,-692.8616613648211,596.9035465430668,0.0,0.0,1.0,52.0
0.0,-666.0087843628122,557.9226883445476,0.0,0.0,1.0,52.0
0.0,-668.7868933195844,601.6324159895744,0.0,0.0,1.0,52.0
0.0,-668.1411062685265,587.290045417649,0.0,0.0,1.0,52.0
0.0,-683.4871432922756,607.6180809545624,0.0,0.0,1.0,52.0
0.0,-682.0739442176229,606.034858891064,0.0,0.0,1.0,52.0
0.0,-704.9081003292475,605.1695508090552,0.0,0.0,1.0,52.0
0.0,-690.5380336905898,522.4079103031941,0.0,0.0,1.0,52.0
0.0,-684.6744571022211,581.4143954248425,0.0,0.0,1.0,52.0
0.0,-716.3969557340035,572.8684704537807,0.0,0.0,1.0,52.0
0.0,-666.1692428403671,594.0352472783716,0.0,0.0,1.0,52.0
0.0,-700.1941491363917,593.4592630339298,0.0,0.0,1.0,52.0
0.0,-691.6181262693783,583.1571446543671,0.0,0.0,1.0,52.0
0.0,-686.1608746187346,586.6700710240141,0.0,0.0,1.0,52.0
0.0,-681.6099414634109,580.8139323673374,0.0,0.0,1.0,52.0
0.0,-693.6924242198297,557.7116122075761,0.0,0.0,1.0,52.0
0.0,-678.0756572530233,584.4341179497603,0.0,0.0,1.0,52.0
0.0,-737.1334206822551,548.5194835401212,0.0,0.0,1.0,52.0
0.0,-701.0106734848748,602.3214312932637,0.0,0.0,1.0,52.0
0.0,-689.2509021198607,597.3235670192562,0.0,0.0,1.0,52.0
0.0,-684.0209775405697,575.4703241431607,0.0,0.0,1.0,52.0
0.0,-676.0018668822946,610.4749047187929,0.0,0.0,1.0,52.0
0.0,-673.579430779469,578.5954536453723,0.0,0.0,1.0,52.0
0.0,-688.0477889344603,600.3034271201232,0.0,0.0,1.0,52.0
0.0,-685.6230605631487,594.4579382038964,0.0,0.0,1.0,52.0
0.0,-699.4471615897515,580.6198445215814,0.0,0.0,1.0,52.0
0.0,-701.1815034158471,592.7095906578386,0.0,0.0,1.0,52.0
0.0,-694.2240348012133,587.810759078594,0.0,0.0,1.0,52.0
0.0,-750.0068818153791,615.0631162902798,0.0,0.0,1.0,52.0
0.0,-738.7870725970441,602.0461206799623,0.0,0.0,1.0,52.0
0.0,-717.6702740450593,611.2947491121536,0.0,0.0,1.0,52.0
0.0,-721.7231179123353,644.9145568200677,0.0,0.0,1.0,52.0
0.0,-762.195751700993,610.9531687328135,0.0,0.0,1.0,52.0
0.0,-744.6097978665318,628.869495288294,0.0,0.0,1.0,52.0
0.0,-727.390369701411,622.3147986465196,0.0,0.0,1.0,52.0
0.0,-730.3694715176803,638.1794167076691,0.0,0.0,1.0,52.0
0.0,-730.4411338501754,610.3634554603791,0.0,0.0,1.0,52.0
0.0,-735.1615564319203,637.7269452556859,0.0,0.0,1.0,52.0
0.0,-747.1701620502773,593.3830375437374,0.0,0.0,1.0,52.0
0.0,-717.4407622375047,600.6121000783417,0.0,0.0,1.0,52.0
0.0,-716.2527251983294,617.0700140654767,0.0,0.0,1.0,52.0
0.0,-738.6376331741984,625.8256810801156,0.0,0.0,1.0,52.0
0.0,-728.9033287648639,640.4339119471101,0.0,0.0,1.0,52.0
0.0,-723.0646529821443,614.5380558226364,0.0,0.0,1.0,52.0
0.0,-743.2444286275463,647.9136689385082,0.0,0.0,1.0,52.0
0.0,-734.0246291024164,621.8795513685068,0.0,0.0,1.0,52.0
0.0,-741.2849871860991,600.0130623004356,0.0,0.0,1.0,52.0
0.0,-712.063122756226,586.3553713766973,0.0,0.0,1.0,52.0
0.0,-753.2694955756191,617.2911815471612,0.0,0.0,1.0,52.0
0.0,-749.5863204051917,613.5390312135487,0.0,0.0,1.0,52.0
0.0,-730.6588757455295,636.0982049111585,0.0,0.0,1.0,52.0
0.0,-745.4158419020331,598.9297816851213,0.0,0.0,1.0,52.0
0.0,-720.359620741818,614.5309861665219,0.0,0.0,1.0,52.0
0.0,-752.3343002604695,610.0189852362801,0.0,0.0,1.0,52.0
0.0,-722.2445689438758,637.2246051496663,0.0,0.0,1.0,52.0
0.0,-734.1814063246987,608.7923510236421,0.0,0.0,1.0,52.0
0.0,-740.6399110797581,611.7742757361955,0.0,0.0,1.0,52.0
0.0,-721.9545933920546,618.2379329718938,0.0,0.0,1.0,52.0
0.0,-731.3194388163383,625.790069565279,0.0,0.0,1.0,52.0
0.0,-740.8614945466118,593.8882473939116,0.0,0.0,1.0,52.0
0.0,-725.7325543250126,653.8914711622117,0.0,0.0,1.0,52.0
0.0,-724.6863132299223,620.9624236642535,0.0,0.0,1.0,52.0
0.0,-719.4225121548727,636.9261466924872,0.0,0.0,1.0,52.0
0.0,-726.3850664798215,625.848625335952,0.0,0.0,1.0,52.0
0.0,-748.6852115316386,658.5309205876488,0.0,0.0,1.0,52.0
0.0,-719.42012983605,610.5568652906557,0.0,0.0,1.0,52.0
0.0,-739.8523917750906,615.3890814036438,0.0,0.0,1.0,52.0
0.0,-779.3028117336315,617.4340019404519,0.0,0.0,1.0,52.0
0.0,-759.3823806132089,605.1743426842459,0.0,0.0,1.0,52.0
0.0,-760.7003145336008,594.9116985746002,0.0,0.0,1.0,52.0
0.0,-776.8308066429267,609.6964228868442,0.0,0.0,1.0,52.0
0.0,-778.5016664610664,596.8122659376222,0.0,0.0,1.0,52.0
0.0,-774.5742051187258,611.5158323204116,0.0,0.0,1.0,52.0
0.0,-791.1089844965746,636.1808162513898,0.0,0.0,1.0,52.0
0.0,-796.6304021806901,610.8925012903896,0.0,0.0,1.0,52.0
0.0,-787.3364457484797,601.5130732774901,0.0,0.0,1.0,52.0
0.0,-759.4845927373309,613.6362393144639,0.0,0.0,1.0,52.0
0.0,-790.8385143283916,608.2860537256404,0.0,0.0,1.0,52.0
0.0,-792.8765353399484,591.9030269207728,0.0,0.0,1.0,52.0
0.0,-774.1928836667274,606.2319860781504,0.0,0.0,1.0,52.0
0.0,-797.7581951741494,583.5741567116024,0.0,0.0,1.0,52.0
0.0,-762.7731558769004,634.3019237452168,0.0,0.0,1.0,52.0
0.0,-760.0344621759842,626.0332127708275,0.0,0.0,1.0,52.0
0.0,-797.7512478809782,606.4249603205171,0.0,0.0,1.0,52.0
0.0,-761.6683216985491,620.3229084476193,0.0,0.0,1.0,52.0
0.0,-793.669447726949,615.9273005731548,0.0,0.0,1.0,52.0
0.0,-781.5655134133207,610.7412440414191,0.0,0.0,1.0,52.0
0.0,-777.0378219448742,611.960047603688,0.0,0.0,1.0,52.0
0.0,-739.8262563816257,620.6545259197817,0.0,0.0,1.0,52.0
0.0,-802.1033439560115,617.2964223499503,0.0,0.0,1.0,52.0
0.0,-789.645304365025,637.5281215371087,0.0,0.0,1.0,52.0
0.0,-785.1801502897061,585.055066518968,0.0,0.0,1.0,52.0
0.0,-786.7447809743502,597.3988990117195,0.0,0.0,1.0,52.0
0.0,-796.0306240612709,620.811378881232,0.0,0.0,1.0,52.0
0.0,-773.7483839756422,618.5367643962306,0.0,0.0,1.0,52.0
0.0,-774.8294892086403,599.6981395161024,0.0,0.0,1.0,52.0
0.0,-806.6169037292407,620.3513681455556,0.0,0.0,1.0,52.0
0.0,-799.1724681754263,632.2481428023261,0.0,0.0,1.0,52.0
0.0,-832.3262585795587,563.4915483714769,0.0,0.0,1.0,52.0
0.0,-824.2386048217809,580.3543822682552,0.0,0.0,1.0,52.0
0.0,-802.9730427559787,587.6087802261686,0.0,0.0,1.0,52.0
0.0,-815.5457602098339,533.7392805944442,0.0,0.0,1.0,52.0
0.0,-785.6949817341653,555.1216812658863,0.0,0.0,1.0,52.0
0.0,-826.2321029946206,571.5577797020164,0.0,0.0,1.0,52.0
0.0,-825.4172139616472,535.5193974588801,0.0,0.0,1.0,52.0
0.0,-779.0536149323787,544.749525832241,0.0,0.0,1.0,52.0
0.0,-798.4281658842551,544.8621222621084,0.0,0.0,1.0,52.0
0.0,-793.1899561145915,531.0196932558399,0.0,0.0,1.0,52.0
0.0,-814.8793437975914,591.2062652001564,0.0,0.0,1.0,52.0
0.0,-768.4952716928965,519.5084289977549,0.0,0.0,1.0,52.0
0.0,-820.9313209851246,559.3622796566469,0.0,0.0,1.0,52.0
0.0,-836.8033111664992,543.8040645188037,0.0,0.0,1.0,52.0
0.0,-781.9297823323625,563.5472965100171,0.0,0.0,1.0,52.0
0.0,-820.397316650834,585.1998176046272,0.0,0.0,1.0,52.0
0.0,-818.9785328158638,569.4010785519642,0.0,0.0,1.0,52.0
0.0,-841.8371216696551,562.014012033691,0.0,0.0,1.0,52.0
0.0,-749.6657060038835,586.1274131710234,0.0,0.0,1.0,52.0
0.0,-800.7333125379059,565.150124529204,0.0,0.0,1.0,52.0
0.0,-783.7863204716884,591.5245323796651,0.0,0.0,1.0,52.0
0.0,-796.5031319947545,506.65146052765203,0.0,0.0,1.0,52.0
0.0,-805.9278437953892,514.9890273818098,0.0,0.0,1.0,52.0
0.0,-787.8413999922426,537.5199208492268,0.0,0.0,1.0,52.0
0.0,-788.3286618823378,519.1826885998034,0.0,0.0,1.0,52.0
0.0,-789.4273224826928,521.1707948212627,0.0,0.0,1.0,52.0
0.0,-810.4385384503046,498.3654116088833,0.0,0.0,1.0,52.0
0.0,-812.0513011660955,533.8951614727875,0.0,0.0,1.0,52.0
0.0,-783.0918706169001,571.8386480900338,0.0,0.0,1.0,52.0
0.0,-804.30493228018,555.3690733502547,0.0,0.0,1.0,52.0
0.0,-816.9606249794291,513.6044218581574,0.0,0.0,1.0,52.0
0.0,-743.7320765819451,490.886694865525,0.0,0.0,1.0,52.0
0.0,-822.5631616449745,559.377348987885,0.0,0.0,1.0,52.0
0.0,-802.2138093035225,501.5545309281829,0.0,0.0,1.0,52.0
0.0,-821.7173491343982,507.0000361606071,0.0,0.0,1.0,52.0
0.0,-786.8589461820123,525.1760931485699,0.0,0.0,1.0,52.0
0.0,-763.8616781143161,542.4459721725475,0.0,0.0,1.0,52.0
0.0,-787.2157470787603,525.9286474445239,0.0,0.0,1.0,52.0
0.0,-815.2199856734205,533.6998160546245,0.0,0.0,1.0,52.0
0.0,-788.4780683637688,512.1200200665362,0.0,0.0,1.0,52.0
0.0,-749.6742679746474,548.7792758429591,0.0,0.0,1.0,52.0
0.0,-806.0308610476674,524.3792853959187,0.0,0.0,1.0,52.0
0.0,-829.193213789906,529.069459291532,0.0,0.0,1.0,52.0
0.0,-794.3837710259072,539.8393470037672,0.0,0.0,1.0,52.0
0.0,-775.1051255422042,495.51175678276536,0.0,0.0,1.0,52.0
0.0,-786.2405788770733,533.55799001785,0.0,0.0,1.0,52.0
0.0,-777.8009940601036,514.7865092907259,0.0,0.0,1.0,52.0
0.0,-809.888361648613,497.43876950574463,0.0,0.0,1.0,52.0
0.0,-811.3925471687883,486.2973046060106,0.0,0.0,1.0,52.0
0.0,-805.3238962318959,506.8942225235976,0.0,0.0,1.0,52.0
0.0,-807.4729672587567,555.5110611319751,0.0,0.0,1.0,52.0
0.0,-788.3678456221219,539.9479149796157,0.0,0.0,1.0,52.0
0.0,-829.6808998757497,523.6190126642712,0.0,0.0,1.0,52.0
0.0,-838.3721823358247,518.2226008941891,0.0,0.0,1.0,52.0
0.0,-812.6471113094075,523.3005688571602,0.0,0.0,1.0,52.0
0.0,-817.3262727430813,512.0013248335149,0.0,0.0,1.0,52.0
0.0,-743.78670057432,510.9797853305356,0.0,0.0,1.0,52.0
0.0,-808.9890755471453,530.520126992885,0.0,0.0,1.0,52.0
0.0,-760.0365228656942,482.2232777722429,0.0,0.0,1.0,52.0
0.0,-761.5919055102114,475.46556518688567,0.0,0.0,1.0,52.0
0.0,-717.7893898776823,483.6591250450774,0.0,0.0,1.0,52.0
0.0,-736.7666210291547,531.9003196514705,0.0,0.0,1.0,52.0
0.0,-754.7980278017177,469.6336743095919,0.0,0.0,1.0,52.0
0.0,-775.1477627174139,470.88062649107906,0.0,0.0,1.0,52.0
0.0,-758.7072326473028,465.50946245154887,0.0,0.0,1.0,52.0
0.0,-752.9858907336802,466.5915826410494,0.0,0.0,1.0,52.0
0.0,-741.488075233158,480.4964473091263,0.0,0.0,1.0,52.0
0.0,-759.8808866103896,508.29378209154675,0.0,0.0,1.0,52.0
0.0,-759.1770667990509,461.0800368016953,0.0,0.0,1.0,52.0
0.0,-761.600235404163,510.7612064776454,0.0,0.0,1.0,52.0
0.0,-734.837672507556,462.20874836121607,0.0,0.0,1.0,52.0
0.0,-775.3329906160235,467.4564538256727,0.0,0.0,1.0,52.0
0.0,-733.092203945324,476.15999445336683,0.0,0.0,1.0,52.0
0.0,-775.0601474367239,479.2152241040078,0.0,0.0,1.0,52.0
0.0,-746.4371502080328,471.46550682945303,0.0,0.0,1.0,52.0
0.0,-758.2671282701242,482.9593023993589,0.0,0.0,1.0,52.0
0.0,-862.531116961594,-56.48884312883138,0.0,0.0,1.0,53.0
0.0,-799.0671528964506,-137.12175010179658,0.0,0.0,1.0,53.0
0.0,-836.7267661389435,-110.46758647833121,0.0,0.0,1.0,53.0
0.0,-857.005752233739,-111.83356965574467,0.0,0.0,1.0,53.0
0.0,-814.8375556594475,-122.58771548195728,0.0,0.0,1.0,53.0
0.0,-812.456267832794,-119.57195628977024,0.0,0.0,1.0,53.0
0.0,-829.9077252737188,-111.2708604319721,0.0,0.0,1.0,53.0
0.0,-848.5739654178855,-119.09939827340759,0.0,0.0,1.0,53.0
0.0,-839.395670503385,-142.7859426978655,0.0,0.0,1.0,53.0
0.0,-836.9637391629454,-115.11021118359349,0.0,0.0,1.0,53.0
0.0,-831.1812851279026,-105.11708487109604,0.0,0.0,1.0,53.0
0.0,-835.3270586002312,-126.37199502333124,0.0,0.0,1.0,53.0
0.0,-814.9936955427526,-88.17979525333544,0.0,0.0,1.0,53.0
0.0,-810.3897996868527,-74.56967724943433,0.0,0.0,1.0,53.0
0.0,-812.6996059256905,-65.54406196544778,0.0,0.0,1.0,53.0
0.0,-798.3256813149496,-52.413303812368895,0.0,0.0,1.0,53.0
0.0,-823.3600623705524,-61.3985866320113,0.0,0.0,1.0,53.0
0.0,-835.9646228041189,-37.16344537824466,0.0,0.0,1.0,53.0
0.0,-838.8947868920604,-61.33028475289598,0.0,0.0,1.0,53.0
0.0,-827.0933838096016,-64.0673108584449,0.0,0.0,1.0,53.0
0.0,-815.4441157295655,-74.17850629137206,0.0,0.0,1.0,53.0
0.0,-827.9073845930652,-43.93506132041966,0.0,0.0,1.0,53.0
0.0,-861.4172540293796,-84.19430046846969,0.0,0.0,1.0,53.0
0.0,-851.2866511645203,-43.10279109122462,0.0,0.0,1.0,53.0
0.0,-889.8279448255364,-68.44771265018653,0.0,0.0,1.0,53.0
0.0,-803.6353359027851,-63.01698874501085,0.0,0.0,1.0,53.0
0.0,-821.1626648043832,-96.94771893712459,0.0,0.0,1.0,53.0
0.0,-923.8750184288982,-4.220155824555604,0.0,0.0,1.0,53.0
0.0,-932.6333826570866,3.606954329346536,0.0,0.0,1.0,53.0
0.0,-920.2263265678986,-15.029296450480615,0.0,0.0,1.0,53.0
0.0,-908.186282459469,-9.809193368359502,0.0,0.0,1.0,53.0
0.0,-906.4866324891318,0.12509365122150484,0.0,0.0,1.0,53.0
0.0,-909.579121711011,-15.792435281165353,0.0,0.0,1.0,53.0
0.0,-912.2106490485073,5.616207452956132,0.0,0.0,1.0,53.0
0.0,-931.8876481524659,-8.372014835649907,0.0,0.0,1.0,53.0
0.0,-904.4055539540007,-23.29423813305243,0.0,0.0,1.0,53.0
0.0,-929.2029832563829,12.570616838906517,0.0,0.0,1.0,53.0
0.0,-928.8220280252214,15.700381053499541,0.0,0.0,1.0,53.0
0.0,-872.0464677371228,-47.60460761657805,0.0,0.0,1.0,53.0
0.0,-852.2390790935774,-89.97240789663806,0.0,0.0,1.0,53.0
0.0,-915.825127120135,-14.139812545028008,0.0,0.0,1.0,53.0
0.0,-900.634473335464,-5.569135208775151,0.0,0.0,1.0,53.0
0.0,-920.8417371943392,-17.11653704590549,0.0,0.0,1.0,53.0
0.0,-958.862253309862,-55.3193753526823,0.0,0.0,1.0,53.0
0.0,-944.2960948641401,5.818000731398342,0.0,0.0,1.0,53.0
0.0,-912.940882299745,2.2648282843113066,0.0,0.0,1.0,53.0
0.0,-894.0295332408266,-11.177970550022565,0.0,0.0,1.0,53.0
0.0,-899.0140872113174,-19.29047409034706,0.0,0.0,1.0,53.0
0.0,-945.4871656846034,12.576990061835431,0.0,0.0,1.0,53.0
0.0,-930.2525574449495,-28.205221307029433,0.0,0.0,1.0,53.0
0.0,-976.4487376914375,-62.44531941765854,0.0,0.0,1.0,53.0
0.0,-952.457356647414,-43.068256381789524,0.0,0.0,1.0,53.0
0.0,-969.4705830779973,-21.370358373187628,0.0,0.0,1.0,53.0
0.0,-948.1346931016652,-22.623127247717775,0.0,0.0,1.0,53.0
0.0,-950.6084875042825,-52.75094308181792,0.0,0.0,1.0,53.0
0.0,-960.0306250133661,-53.516957114018396,0.0,0.0,1.0,53.0
0.0,-920.9234662970533,-66.94282047547836,0.0,0.0,1.0,53.0
0.0,-949.0942667923422,-41.35163932510568,0.0,0.0,1.0,53.0
0.0,-969.436133776058,-39.478330952233364,0.0,0.0,1.0,53.0
0.0,-962.2516624764543,-78.40967500914076,0.0,0.0,1.0,53.0
0.0,-962.6672778039716,-56.43978544296715,0.0,0.0,1.0,53.0
0.0,-938.2371158909416,-92.1177021874878,0.0,0.0,1.0,53.0
0.0,-960.4163806010413,-59.20723897086327,0.0,0.0,1.0,53.0
0.0,-991.0047141298926,-36.47157069102741,0.0,0.0,1.0,53.0
0.0,-912.0482632113764,-22.43183906647414,0.0,0.0,1.0,53.0
0.0,-979.4936139012692,-76.54911303833092,0.0,0.0,1.0,53.0
0.0,-978.7535110546733,-58.60912046951535,0.0,0.0,1.0,53.0
0.0,-950.9627310990556,-23.702198951368928,0.0,0.0,1.0,53.0
0.0,-978.2714598573027,-48.0057472896076,0.0,0.0,1.0,53.0
0.0,-956.3656170103428,-35.62845171040976,0.0,0.0,1.0,53.0
0.0,-973.27535780584,-48.32259975098259,0.0,0.0,1.0,53.0
0.0,-958.6951915906119,-102.47355985431432,0.0,0.0,1.0,53.0
0.0,-968.9014649378386,-55.27411658422079,0.0,0.0,1.0,53.0
0.0,-997.6952798749223,-62.95955602042318,0.0,0.0,1.0,53.0
0.0,-972.2227736601691,-69.63278585867556,0.0,0.0,1.0,53.0
0.0,-956.7118406826656,-82.37296478567328,0.0,0.0,1.0,53.0
0.0,-965.8325186664899,-45.6777490729919,0.0,0.0,1.0,53.0
0.0,-949.5023317789052,-36.31335916346575,0.0,0.0,1.0,53.0
0.0,-973.4020007650967,-37.953899484240765,0.0,0.0,1.0,53.0
0.0,-976.4399707519834,-38.93561404339084,0.0,0.0,1.0,53.0
0.0,-907.476777793692,-69.93544194056494,0.0,0.0,1.0,53.0
0.0,-986.0748937357714,-85.99593956130411,0.0,0.0,1.0,53.0
0.0,-967.7281457280901,-67.75858451537101,0.0,0.0,1.0,53.0
0.0,-984.4533060420971,-126.11533051210677,0.0,0.0,1.0,53.0
0.0,-962.3484531600425,-119.9765233581029,0.0,0.0,1.0,53.0
0.0,-988.6099563329788,-121.43044318424336,0.0,0.0,1.0,53.0
0.0,-984.8073480429143,-104.0780411996775,0.0,0.0,1.0,53.0
0.0,-946.7308290216015,-99.45048374227804,0.0,0.0,1.0,53.0
0.0,-983.5046663565524,-117.02184907397418,0.0,0.0,1.0,53.0
0.0,-989.8399548170787,-71.59586449004019,0.0,0.0,1.0,53.0
0.0,-946.2376729081801,-102.07519488113371,0.0,0.0,1.0,53.0
0.0,-971.3685740049121,-121.74142559251368,0.0,0.0,1.0,53.0
0.0,-988.2582246586037,-96.83983809048732,0.0,0.0,1.0,53.0
0.0,-958.1802219809143,-111.48910904163813,0.0,0.0,1.0,53.0
0.0,-954.6571923841096,-78.6459163918953,0.0,0.0,1.0,53.0
0.0,-976.6539563629852,-111.95021550603383,0.0,0.0,1.0,53.0
0.0,-951.4485012609971,-95.9716952992901,0.0,0.0,1.0,53.0
0.0,-953.3188478104886,-72.17534162318225,0.0,0.0,1.0,53.0
0.0,-923.2752786793791,-149.61278923352188,0.0,0.0,1.0,53.0
0.0,-955.0791154353072,-91.29242829379905,0.0,0.0,1.0,53.0
0.0,-967.3716363892627,-73.62389919681891,0.0,0.0,1.0,53.0
0.0,-959.7201999428748,-118.69658363395183,0.0,0.0,1.0,53.0
0.0,-988.0690006203263,-114.91156181060524,0.0,0.0,1.0,53.0
0.0,-979.8471970206125,-130.3497854009688,0.0,0.0,1.0,53.0
0.0,-969.2556889810965,-120.33162161151563,0.0,0.0,1.0,53.0
0.0,-957.8667134104078,-103.33478660459264,0.0,0.0,1.0,53.0
0.0,-974.3511005892514,-104.60063902079492,0.0,0.0,1.0,53.0
0.0,-980.00172087115,-106.81042200501315,0.0,0.0,1.0,53.0
0.0,-961.0710019882807,-115.9916002044256,0.0,0.0,1.0,53.0
0.0,-920.7019504928367,-167.674390775421,0.0,0.0,1.0,53.0
0.0,-949.9834681768447,-125.53168125529851,0.0,0.0,1.0,53.0
0.0,-940.3080729074521,-135.5654230775276,0.0,0.0,1.0,53.0
0.0,-935.9666403030544,-161.38457653206,0.0,0.0,1.0,53.0
0.0,-930.6853713849374,-144.80007566497238,0.0,0.0,1.0,53.0
0.0,-945.4093912511565,-134.76716551331924,0.0,0.0,1.0,53.0
0.0,-950.7377160657594,-172.72909058583673,0.0,0.0,1.0,53.0
0.0,-932.896678461957,-123.59159556462282,0.0,0.0,1.0,53.0
0.0,-902.7417243419482,-88.66347665322974,0.0,0.0,1.0,53.0
0.0,-932.0996247186077,-141.98920851930416,0.0,0.0,1.0,53.0
0.0,-899.6613674938899,-121.67206198394138,0.0,0.0,1.0,53.0
0.0,-950.0664978684443,-158.1468075581313,0.0,0.0,1.0,53.0
0.0,-946.6125367502406,-135.14777436543136,0.0,0.0,1.0,53.0
0.0,-937.9930587195657,-138.65961529985702,0.0,0.0,1.0,53.0
0.0,-943.5845434795067,-115.37280123577784,0.0,0.0,1.0,53.0
0.0,-896.3374101450174,-142.2597606795607,0.0,0.0,1.0,53.0
0.0,-956.1887039312909,-154.0266014841077,0.0,0.0,1.0,53.0
0.0,-907.2461172822259,-144.4815720543245,0.0,0.0,1.0,53.0
0.0,-933.8131467318308,-121.42756074837075,0.0,0.0,1.0,53.0
0.0,-904.3677256292988,-165.42320695412855,0.0,0.0,1.0,53.0
0.0,-867.9477744289605,-127.20379651719395,0.0,0.0,1.0,53.0
0.0,-866.3057475529054,-160.81129331000216,0.0,0.0,1.0,53.0
0.0,-870.6154897231389,-130.55382557076905,0.0,0.0,1.0,53.0
0.0,-879.7784719942798,-126.73372347285044,0.0,0.0,1.0,53.0
0.0,-883.8563121801752,-153.70756069838967,0.0,0.0,1.0,53.0
0.0,-895.0613810665509,-145.90252795425022,0.0,0.0,1.0,53.0
0.0,-891.44724882279,-175.93964451025545,0.0,0.0,1.0,53.0
0.0,-941.9836503652676,-139.13144709537232,0.0,0.0,1.0,53.0
0.0,-908.173522740542,-183.33122676127368,0.0,0.0,1.0,53.0
0.0,-871.6948567158721,-149.52819489390004,0.0,0.0,1.0,53.0
0.0,-867.1935955832588,-150.5852284600437,0.0,0.0,1.0,53.0
0.0,-872.3189041896279,-166.6578441975139,0.0,0.0,1.0,53.0
0.0,-872.2868117106667,-154.02992038613775,0.0,0.0,1.0,53.0
0.0,-866.9611995927359,-141.05995702316272,0.0,0.0,1.0,53.0
0.0,-890.1091857752309,-184.52049449433594,0.0,0.0,1.0,53.0
0.0,-888.9372288449465,-185.61567732446656,0.0,0.0,1.0,53.0
0.0,-878.6414691434469,-145.81275078706813,0.0,0.0,1.0,53.0
0.0,-908.1755781347468,-173.37223143704523,0.0,0.0,1.0,53.0
0.0,-922.8675867117978,-309.38959775522744,0.0,0.0,1.0,54.0
0.0,-943.7770078609522,-302.2713945019209,0.0,0.0,1.0,54.0
0.0,-924.1210437104982,-307.2501818937469,0.0,0.0,1.0,54.0
0.0,-959.9819548368343,-303.6406987745677,0.0,0.0,1.0,54.0
0.0,-925.4363691747293,-281.8206653346731,0.0,0.0,1.0,54.0
0.0,-923.1420256910102,-272.58518118301663,0.0,0.0,1.0,54.0
0.0,-919.2477076342128,-327.9404620231712,0.0,0.0,1.0,54.0
0.0,-941.7024835883421,-286.74211243726813,0.0,0.0,1.0,54.0
0.0,-947.0602498173014,-296.18119814677675,0.0,0.0,1.0,54.0
0.0,-924.8324972820621,-312.06483945616606,0.0,0.0,1.0,54.0
0.0,-931.0911688962694,-298.50402112452593,0.0,0.0,1.0,54.0
0.0,-930.0433067430403,-296.3179787545373,0.0,0.0,1.0,54.0
0.0,-924.5595824812419,-316.36722550146806,0.0,0.0,1.0,54.0
0.0,-938.551583208863,-293.33841503627445,0.0,0.0,1.0,54.0
0.0,-949.375539450886,-313.83915377413564,0.0,0.0,1.0,54.0
0.0,-942.8648242786454,-326.57968716263304,0.0,0.0,1.0,54.0
0.0,-915.4850627640518,-297.64742596704923,0.0,0.0,1.0,54.0
0.0,-950.8408561313681,-310.64581606423985,0.0,0.0,1.0,54.0
0.0,-932.3909100715756,-317.73989758278776,0.0,0.0,1.0,54.0
0.0,-931.7022942703202,-309.6811710518416,0.0,0.0,1.0,54.0
0.0,-912.6786213712586,-282.29513938020796,0.0,0.0,1.0,54.0
0.0,-909.7290552708138,-301.485115577854,0.0,0.0,1.0,54.0
0.0,-924.0658432834906,-296.68192571398913,0.0,0.0,1.0,54.0
0.0,-958.7806903003735,-279.630010503711,0.0,0.0,1.0,54.0
0.0,-945.5552404532655,-322.99227048783587,0.0,0.0,1.0,54.0
0.0,-928.3808591859574,-314.09219113631434,0.0,0.0,1.0,54.0
0.0,-937.0396282479784,-298.31675594092576,0.0,0.0,1.0,54.0
0.0,-935.1017010732022,-321.62864743924933,0.0,0.0,1.0,54.0
0.0,-883.9735809201401,-361.28564703993686,0.0,0.0,1.0,54.0
0.0,-912.8682384656419,-350.57088153652865,0.0,0.0,1.0,54.0
0.0,-901.0957259188934,-355.1629925739802,0.0,0.0,1.0,54.0
0.0,-891.7946604996731,-365.5392735721357,0.0,0.0,1.0,54.0
0.0,-894.5636421850119,-341.0868892578633,0.0,0.0,1.0,54.0
0.0,-908.785561028529,-336.7952076599172,0.0,0.0,1.0,54.0
0.0,-897.3189060526145,-365.28267046805456,0.0,0.0,1.0,54.0
0.0,-933.9911820845657,-350.9541095039142,0.0,0.0,1.0,54.0
0.0,-879.2265051456344,-346.5925010874604,0.0,0.0,1.0,54.0
0.0,-913.9513297844371,-369.842406477095,0.0,0.0,1.0,54.0
0.0,-882.1601614584464,-328.0666920953952,0.0,0.0,1.0,54.0
0.0,-892.7472970045346,-357.45502013475357,0.0,0.0,1.0,54.0
0.0,-917.247204009679,-352.7159938536354,0.0,0.0,1.0,54.0
0.0,-930.7208765404567,-301.40706462830417,0.0,0.0,1.0,54.0
0.0,-915.3397694332583,-344.1602804914444,0.0,0.0,1.0,54.0
0.0,-917.1154700233449,-343.2412099615558,0.0,0.0,1.0,54.0
0.0,-897.9763440427824,-343.5495092090058,0.0,0.0,1.0,54.0
0.0,-920.357955611014,-329.13636516839415,0.0,0.0,1.0,54.0
0.0,-932.734327877012,-334.6455215686276,0.0,0.0,1.0,54.0
0.0,-900.9525639968667,-329.62542889068413,0.0,0.0,1.0,54.0
0.0,-929.7179194541587,-327.7785292296476,0.0,0.0,1.0,54.0
0.0,-898.6034799836767,-385.4423831785682,0.0,0.0,1.0,54.0
0.0,-856.2831716356261,-349.1075607130098,0.0,0.0,1.0,54.0
0.0,-818.9290218276053,-339.3401174733001,0.0,0.0,1.0,54.0
0.0,-846.650985294194,-341.9109011258895,0.0,0.0,1.0,54.0
0.0,-860.0669340740039,-377.402869197996,0.0,0.0,1.0,54.0
0.0,-847.3633537198414,-353.3124310204057,0.0,0.0,1.0,54.0
0.0,-838.9671314558243,-357.8561131189829,0.0,0.0,1.0,54.0
0.0,-864.7266156224894,-356.5866376124659,0.0,0.0,1.0,54.0
0.0,-845.8326459861081,-355.33718973745135,0.0,0.0,1.0,54.0
0.0,-872.3252471690772,-325.90738033966954,0.0,0.0,1.0,54.0
0.0,-843.1068308328773,-354.4498013292241,0.0,0.0,1.0,54.0
0.0,-856.1537178156798,-358.07566910664934,0.0,0.0,1.0,54.0
0.0,-856.4700259551237,-349.5248885592673,0.0,0.0,1.0,54.0
0.0,-839.4052925271421,-361.7369041276954,0.0,0.0,1.0,54.0
0.0,-890.8413267174931,-366.2092581117697,0.0,0.0,1.0,54.0
0.0,-846.6427916591877,-365.63119281455397,0.0,0.0,1.0,54.0
0.0,-862.4665149537715,-368.94818568722167,0.0,0.0,1.0,54.0
0.0,-833.2530103890457,-359.4066312524501,0.0,0.0,1.0,54.0
0.0,-856.0563085507537,-337.76297625159805,0.0,0.0,1.0,54.0
0.0,-871.2013217854907,-347.7623488824805,0.0,0.0,1.0,54.0
0.0,-878.641494641775,-341.3550565306359,0.0,0.0,1.0,54.0
0.0,-826.2234297963918,-350.4677886672963,0.0,0.0,1.0,54.0
0.0,-831.4917745839324,-345.58777287339876,0.0,0.0,1.0,54.0
0.0,-844.3903936620397,-371.37530045201765,0.0,0.0,1.0,54.0
0.0,-850.6396508085951,-348.5977756097044,0.0,0.0,1.0,54.0
0.0,-847.370043634153,-349.5039666493227,0.0,0.0,1.0,54.0
0.0,-848.6648056258251,-371.6405323194401,0.0,0.0,1.0,54.0
0.0,-853.8504388340396,-354.72373017296604,0.0,0.0,1.0,54.0
0.0,-839.025722370334,-318.89370052619233,0.0,0.0,1.0,54.0
0.0,-843.5042974313112,-370.7160059526734,0.0,0.0,1.0,54.0
0.0,-843.8217966491852,-375.149700043826,0.0,0.0,1.0,54.0
0.0,-805.3022756035023,-297.4055333997087,0.0,0.0,1.0,54.0
0.0,-823.7297140335745,-323.0582494683151,0.0,0.0,1.0,54.0
0.0,-851.9974073320093,-316.45566327204574,0.0,0.0,1.0,54.0
0.0,-806.3587760519864,-318.07570512450775,0.0,0.0,1.0,54.0
0.0,-801.0018343650721,-311.6923390043296,0.0,0.0,1.0,54.0
0.0,-802.6297296870262,-338.6992387946134,0.0,0.0,1.0,54.0
0.0,-817.7061192584337,-329.2345541160066,0.0,0.0,1.0,54.0
0.0,-809.6964240712124,-317.7727149802852,0.0,0.0,1.0,54.0
0.0,-814.4535647829189,-329.11592851891646,0.0,0.0,1.0,54.0
0.0,-867.0603615963573,-302.5152668589269,0.0,0.0,1.0,54.0
0.0,-815.0714121601094,-287.6099194272756,0.0,0.0,1.0,54.0
0.0,-807.3396880577245,-324.8370318816608,0.0,0.0,1.0,54.0
0.0,-813.7549496944706,-335.6078738396142,0.0,0.0,1.0,54.0
0.0,-820.55917443292,-310.14802489360864,0.0,0.0,1.0,54.0
0.0,-806.5591994122382,-319.1117448981918,0.0,0.0,1.0,54.0
0.0,-810.8879441635838,-313.9451720200227,0.0,0.0,1.0,54.0
0.0,-822.219100719137,-294.04198051623234,0.0,0.0,1.0,54.0
0.0,-848.2378026581448,-352.2783241171376,0.0,0.0,1.0,54.0
0.0,-822.7310449187031,-344.90272960645666,0.0,0.0,1.0,54.0
0.0,-790.05621845823,-317.7024442936645,0.0,0.0,1.0,54.0
0.0,-797.6660356149758,-317.1649845547181,0.0,0.0,1.0,54.0
0.0,-847.2626037343663,-334.9747226984074,0.0,0.0,1.0,54.0
0.0,-795.9307984309517,-312.93543960768875,0.0,0.0,1.0,54.0
0.0,-826.3229138147038,-317.80608138475054,0.0,0.0,1.0,54.0
0.0,-818.305811926285,-322.681811506038,0.0,0.0,1.0,54.0
0.0,-807.2272552541339,-334.25151739072896,0.0,0.0,1.0,54.0
0.0,-812.7224544358561,-355.1776633570769,0.0,0.0,1.0,54.0
0.0,-830.0240646492117,-319.71314053029005,0.0,0.0,1.0,54.0
0.0,-820.6586612492358,-328.64268286962215,0.0,0.0,1.0,54.0
0.0,-812.4665708627613,-285.4632025103856,0.0,0.0,1.0,54.0
0.0,-817.3113194936867,-326.59800859208144,0.0,0.0,1.0,54.0
0.0,-806.008821401758,-335.86400796332964,0.0,0.0,1.0,54.0
0.0,-831.3152473300007,-340.3648667036165,0.0,0.0,1.0,54.0
0.0,-812.9351453847308,-316.7060639392132,0.0,0.0,1.0,54.0
0.0,-807.9986200422771,-344.908245571148,0.0,0.0,1.0,54.0
0.0,-836.4576412431043,-323.7096182341784,0.0,0.0,1.0,54.0
0.0,-782.6294217086956,-313.70229997772276,0.0,0.0,1.0,54.0
0.0,-797.8598771660652,-263.9831119974226,0.0,0.0,1.0,54.0
0.0,-791.4651141267782,-277.494312904686,0.0,0.0,1.0,54.0
0.0,-803.62355418306,-279.7879469451141,0.0,0.0,1.0,54.0
0.0,-797.1358605705092,-246.22301356483467,0.0,0.0,1.0,54.0
0.0,-780.1924645066758,-282.41171347772024,0.0,0.0,1.0,54.0
0.0,-808.2813799587234,-277.66563064181923,0.0,0.0,1.0,54.0
0.0,-797.6821546051194,-277.7609728418015,0.0,0.0,1.0,54.0
0.0,-824.2848000746025,-282.5535349509239,0.0,0.0,1.0,54.0
0.0,-840.3317592092901,-262.3581460178016,0.0,0.0,1.0,54.0
0.0,-801.4031504594117,-301.143633494949,0.0,0.0,1.0,54.0
0.0,-812.9839515524194,-286.60699463506535,0.0,0.0,1.0,54.0
0.0,-806.4122795555752,-282.55186808839017,0.0,0.0,1.0,54.0
0.0,-808.2281444856814,-289.19738394823025,0.0,0.0,1.0,54.0
0.0,-810.5722642087849,-287.5673530027416,0.0,0.0,1.0,54.0
0.0,-823.7251349131479,-230.20026444270752,0.0,0.0,1.0,54.0
0.0,-811.8414128933074,-253.80936492432124,0.0,0.0,1.0,54.0
0.0,-789.1287369280521,-278.8244076919698,0.0,0.0,1.0,54.0
0.0,-805.1862594181936,-261.5223776899993,0.0,0.0,1.0,54.0
0.0,-794.6555712906674,-291.9345944027875,0.0,0.0,1.0,54.0
0.0,-841.788334932719,-264.4702000986267,0.0,0.0,1.0,54.0
0.0,-798.9534299938654,-289.3926998315751,0.0,0.0,1.0,54.0
0.0,-803.7329737523514,-281.3059109039991,0.0,0.0,1.0,54.0
0.0,-805.7646549802347,-264.17803585099546,0.0,0.0,1.0,54.0
0.0,-791.8906261852051,-268.2889752052688,0.0,0.0,1.0,54.0
0.0,-807.8450885078759,-282.20403195078734,0.0,0.0,1.0,54.0
0.0,-797.4322456475066,-299.5839802557441,0.0,0.0,1.0,54.0
0.0,-811.1957355687989,-272.41589728507256,0.0,0.0,1.0,54.0
0.0,-797.7840757364964,-242.95559642714807,0.0,0.0,1.0,54.0
0.0,-809.7554071243908,-255.99375862162015,0.0,0.0,1.0,54.0
0.0,-834.4209100989012,-205.12763315802044,0.0,0.0,1.0,54.0
0.0,-832.004593296422,-233.36415286520923,0.0,0.0,1.0,54.0
0.0,-794.9624222998938,-264.4245426408106,0.0,0.0,1.0,54.0
0.0,-894.489437751733,-268.01042473884445,0.0,0.0,1.0,54.0
0.0,-829.4031523933885,-275.4742456681838,0.0,0.0,1.0,54.0
0.0,-811.695796095737,-221.72450466461692,0.0,0.0,1.0,54.0
0.0,-828.4591086999329,-227.5891720232646,0.0,0.0,1.0,54.0
0.0,-814.321786450407,-226.10398800148664,0.0,0.0,1.0,54.0
0.0,-806.2777806381309,-232.48396647371533,0.0,0.0,1.0,54.0
0.0,-839.6425805168122,-232.87280216826275,0.0,0.0,1.0,54.0
0.0,-807.5377837698476,-262.5399420846768,0.0,0.0,1.0,54.0
0.0,-798.1245275726216,-217.37264306225848,0.0,0.0,1.0,54.0
0.0,-825.6967151201575,-237.20092446699437,0.0,0.0,1.0,54.0
0.0,-803.6047065225941,-250.44226176137408,0.0,0.0,1.0,54.0
0.0,-834.5879082436901,-240.31264538677055,0.0,0.0,1.0,54.0
0.0,-823.8842445196002,-257.18054793958504,0.0,0.0,1.0,54.0
0.0,-825.9005617385569,-230.19704672816897,0.0,0.0,1.0,54.0
0.0,-824.0753581683063,-227.81083434057473,0.0,0.0,1.0,54.0
0.0,-841.3114652459188,-226.9128492507,0.0,0.0,1.0,54.0
0.0,-831.2201561122874,-229.42071072800354,0.0,0.0,1.0,54.0
0.0,-822.881713635407,-233.33680835615996,0.0,0.0,1.0,54.0
0.0,-878.5252752817637,-259.5342775452382,0.0,0.0,1.0,54.0
0.0,-849.1765887520708,-225.95334654608519,0.0,0.0,1.0,54.0
0.0,-851.6189702934576,-227.82741193790207,0.0,0.0,1.0,54.0
0.0,-805.9247172284324,-234.28945872259374,0.0,0.0,1.0,54.0
0.0,-845.191800383401,-221.01271964674106,0.0,0.0,1.0,54.0
0.0,-855.3746704636408,-229.42324369291714,0.0,0.0,1.0,54.0
0.0,-836.2754783893287,-249.2971862608897,0.0,0.0,1.0,54.0
0.0,-829.2272406664512,-234.9691701284073,0.0,0.0,1.0,54.0
0.0,-911.1212530603661,-272.1581525868287,0.0,0.0,1.0,54.0
0.0,-922.050770406287,-234.8345033665587,0.0,0.0,1.0,54.0
0.0,-951.5519642348097,-258.68017569424364,0.0,0.0,1.0,54.0
0.0,-886.2779160337132,-261.3306174666973,0.0,0.0,1.0,54.0
0.0,-931.0770802829932,-266.566322969908,0.0,0.0,1.0,54.0
0.0,-917.5617473484192,-241.90832501683758,0.0,0.0,1.0,54.0
0.0,-939.8256210439762,-280.8303691426804,0.0,0.0,1.0,54.0
0.0,-913.6888266536108,-240.66313810012434,0.0,0.0,1.0,54.0
0.0,-907.1514960602066,-236.99486261646734,0.0,0.0,1.0,54.0
0.0,-887.4498978531786,-293.30686164165263,0.0,0.0,1.0,54.0
0.0,-923.6297302820432,-266.7371951328296,0.0,0.0,1.0,54.0
0.0,-926.0539572046796,-265.902131421233,0.0,0.0,1.0,54.0
0.0,-908.1533731740042,-276.92250108745566,0.0,0.0,1.0,54.0
0.0,-902.1907266385363,-249.91651030475032,0.0,0.0,1.0,54.0
0.0,-927.0809103143866,-244.9422883643847,0.0,0.0,1.0,54.0
0.0,-929.2737259139112,-293.84261546710263,0.0,0.0,1.0,54.0
0.0,-921.4533373462491,-272.5242765107214,0.0,0.0,1.0,54.0
0.0,-938.1122152600523,-273.89157159556817,0.0,0.0,1.0,54.0
0.0,-891.252191943118,-239.49607761745938,0.0,0.0,1.0,54.0
0.0,-900.1230025129632,-255.16244452677233,0.0,0.0,1.0,54.0
0.0,-923.0080092621406,-245.4880238731439,0.0,0.0,1.0,54.0
0.0,-876.2544506311898,-220.1258240811444,0.0,0.0,1.0,54.0
0.0,-916.6844444543763,-258.87592752925275,0.0,0.0,1.0,54.0
0.0,-934.2758584257423,-276.9609146873745,0.0,0.0,1.0,54.0
0.0,-935.7739342523879,-262.88505017751254,0.0,0.0,1.0,54.0
0.0,-930.7837320335177,-257.85068497994416,0.0,0.0,1.0,54.0
0.0,-901.1664915148957,-239.6946547882833,0.0,0.0,1.0,54.0
0.0,-836.2006722023052,-240.0025858437707,0.0,0.0,1.0,54.0
0.0,-923.9411185554469,-258.048590396686,0.0,0.0,1.0,54.0
0.0,-915.5578271385242,-236.18597297380052,0.0,0.0,1.0,54.0
0.0,-920.9029571255127,-249.58528992225365,0.0,0.0,1.0,54.0
0.0,-929.8208972972423,-232.9949019532487,0.0,0.0,1.0,54.0
0.0,-931.9963572698335,-264.7939575647838,0.0,0.0,1.0,54.0
0.0,-911.1401713657979,-242.23591300588828,0.0,0.0,1.0,54.0
0.0,-935.4120649297143,-297.34083702826297,0.0,0.0,1.0,54.0
0.0,-919.7455086291957,-253.44055921144013,0.0,0.0,1.0,54.0
0.0,-925.9376560665356,-243.65877651194273,0.0,0.0,1.0,54.0
0.0,-927.2982658306521,-268.1263735041791,0.0,0.0,1.0,54.0
0.0,-939.109340871603,-292.4658204648008,0.0,0.0,1.0,54.0
0.0,-930.9482512637596,-261.42223162091113,0.0,0.0,1.0,54.0
0.0,-865.6908821746418,-248.10337151577437,0.0,0.0,1.0,54.0
0.0,-762.263872512854,-485.60954507574934,0.0,0.0,1.0,55.0
0.0,-782.5300626647125,-483.6445305853283,0.0,0.0,1.0,55.0
0.0,-784.036733781642,-453.6570808081674,0.0,0.0,1.0,55.0
0.0,-775.7515230654401,-495.5427538851087,0.0,0.0,1.0,55.0
0.0,-783.8697299200454,-501.1664596025429,0.0,0.0,1.0,55.0
0.0,-788.1749268154127,-495.1541625907064,0.0,0.0,1.0,55.0
0.0,-796.7482731316775,-478.20036837944735,0.0,0.0,1.0,55.0
0.0,-790.0205364498826,-498.2943973098164,0.0,0.0,1.0,55.0
0.0,-765.265986468864,-483.4917679033164,0.0,0.0,1.0,55.0
0.0,-777.6767178038482,-490.2868473737095,0.0,0.0,1.0,55.0
0.0,-762.3438465906511,-509.7521838675375,0.0,0.0,1.0,55.0
0.0,-779.098521354394,-477.8872273203998,0.0,0.0,1.0,55.0
0.0,-780.5202113823009,-533.616149868995,0.0,0.0,1.0,55.0
0.0,-765.005607824248,-467.1556433769465,0.0,0.0,1.0,55.0
0.0,-785.2619918280446,-498.2611311409895,0.0,0.0,1.0,55.0
0.0,-757.2466431035999,-504.38251280338477,0.0,0.0,1.0,55.0
0.0,-761.9548052177535,-478.7952126701572,0.0,0.0,1.0,55.0
0.0,-811.5502623024205,-506.10207270866624,0.0,0.0,1.0,55.0
0.0,-747.9434956750454,-511.15415139473976,0.0,0.0,1.0,55.0
0.0,-750.413004836251,-486.0555706070909,0.0,0.0,1.0,55.0
0.0,-768.2809731583002,-486.396488301613,0.0,0.0,1.0,55.0
0.0,-768.7708869479889,-484.35278378613884,0.0,0.0,1.0,55.0
0.0,-766.7441691482061,-474.43588619167156,0.0,0.0,1.0,55.0
0.0,-766.1882974220042,-491.5259935946085,0.0,0.0,1.0,55.0
0.0,-761.9608817958314,-466.7211584822496,0.0,0.0,1.0,55.0
0.0,-776.1892043835836,-479.8950934131142,0.0,0.0,1.0,55.0
0.0,-796.1718179562944,-429.85614657049473,0.0,0.0,1.0,55.0
0.0,-800.6230315238134,-457.25020152281604,0.0,0.0,1.0,55.0
0.0,-781.4202727146513,-477.6315174206658,0.0,0.0,1.0,55.0
0.0,-813.8645249483023,-424.126463134666,0.0,0.0,1.0,55.0
0.0,-776.0428726260143,-447.06225004432747,0.0,0.0,1.0,55.0
0.0,-859.8191069623324,-423.19132812455643,0.0,0.0,1.0,55.0
0.0,-765.4288501877691,-463.27540594221864,0.0,0.0,1.0,55.0
0.0,-807.0903916236778,-431.38398720671535,0.0,0.0,1.0,55.0
0.0,-814.2888010920773,-448.56143980848833,0.0,0.0,1.0,55.0
0.0,-804.5520237109607,-432.8770329940322,0.0,0.0,1.0,55.0
0.0,-785.8611590929345,-445.3961516523293,0.0,0.0,1.0,55.0
0.0,-794.3496806445874,-432.1062479967567,0.0,0.0,1.0,55.0
0.0,-804.7952770985727,-452.68406648850896,0.0,0.0,1.0,55.0
0.0,-789.6604444271584,-434.6868472835132,0.0,0.0,1.0,55.0
0.0,-778.2762902297872,-441.7261019950729,0.0,0.0,1.0,55.0
0.0,-789.5775107066875,-467.4078484002197,0.0,0.0,1.0,55.0
0.0,-790.7435407361767,-441.1883405192451,0.0,0.0,1.0,55.0
0.0,-794.986881201221,-423.1384503270792,0.0,0.0,1.0,55.0
0.0,-812.0643107695395,-436.1185563478381,0.0,0.0,1.0,55.0
0.0,-814.6455142515548,-425.8777761147244,0.0,0.0,1.0,55.0
0.0,-783.5273717003495,-426.6092507436358,0.0,0.0,1.0,55.0
0.0,-801.4238051039322,-433.72811483458725,0.0,0.0,1.0,55.0
0.0,-798.1349562901269,-506.68054560439896,0.0,0.0,1.0,55.0
0.0,-762.1122869871375,-438.30872054004146,0.0,0.0,1.0,55.0
0.0,-806.3525960980845,-426.7002274106336,0.0,0.0,1.0,55.0
0.0,-775.652596402253,-426.1174131328744,0.0,0.0,1.0,55.0
0.0,-782.0725009615875,-443.02031374156127,0.0,0.0,1.0,55.0
0.0,-776.301678527085,-428.2984671887981,0.0,0.0,1.0,55.0
0.0,-800.2697976964715,-445.2797656532698,0.0,0.0,1.0,55.0
0.0,-858.1474353359717,-411.21280617366153,0.0,0.0,1.0,55.0
0.0,-843.2502339882424,-433.6539564464541,0.0,0.0,1.0,55.0
0.0,-854.1571289835895,-403.99225386307637,0.0,0.0,1.0,55.0
0.0,-842.8789377583903,-395.4522879740382,0.0,0.0,1.0,55.0
0.0,-837.1798548707118,-435.64428145728357,0.0,0.0,1.0,55.0
0.0,-816.294168261097,-433.57822519009926,0.0,0.0,1.0,55.0
0.0,-900.9094102287954,-454.99659184384825,0.0,0.0,1.0,55.0
0.0,-841.4883357669775,-403.6019021337206,0.0,0.0,1.0,55.0
0.0,-847.3910026397281,-384.081091423659,0.0,0.0,1.0,55.0
0.0,-839.6526758803967,-431.5007918848455,0.0,0.0,1.0,55.0
0.0,-858.6760603283483,-392.5240657729405,0.0,0.0,1.0,55.0
0.0,-846.8540904026048,-414.82605303334594,0.0,0.0,1.0,55.0
0.0,-866.0669718924715,-436.2651591989114,0.0,0.0,1.0,55.0
0.0,-860.9754368805691,-396.37486467078725,0.0,0.0,1.0,55.0
0.0,-809.9950722349134,-444.5141974813506,0.0,0.0,1.0,55.0
0.0,-841.8771724181101,-414.4290926208033,0.0,0.0,1.0,55.0
0.0,-809.7548725505651,-429.88375615195173,0.0,0.0,1.0,55.0
0.0,-854.012138000653,-403.8698586326825,0.0,0.0,1.0,55.0
0.0,-833.5333617260848,-404.15695566998124,0.0,0.0,1.0,55.0
0.0,-842.3746004135203,-431.0513547878535,0.0,0.0,1.0,55.0
0.0,-796.8643572936411,-470.66910414029974,0.0,0.0,1.0,55.0
0.0,-838.2035429604754,-410.04422729890166,0.0,0.0,1.0,55.0
0.0,-892.4774367249328,-416.8725289542223,0.0,0.0,1.0,55.0
0.0,-841.4421659811939,-412.51675127999,0.0,0.0,1.0,55.0
0.0,-919.0556659402648,-470.7229161089466,0.0,0.0,1.0,55.0
0.0,-896.8269801885299,-459.0211194709094,0.0,0.0,1.0,55.0
0.0,-889.70404720591,-452.00948785294315,0.0,0.0,1.0,55.0
0.0,-890.164485858187,-455.2322791671819,0.0,0.0,1.0,55.0
0.0,-912.3475869362926,-428.08715855222215,0.0,0.0,1.0,55.0
0.0,-917.3121071141506,-436.4138137756113,0.0,0.0,1.0,55.0
0.0,-874.4604951039935,-418.4089892537679,0.0,0.0,1.0,55.0
0.0,-918.940527077368,-427.98621584024215,0.0,0.0,1.0,55.0
0.0,-895.137920340574,-464.00164559027064,0.0,0.0,1.0,55.0
0.0,-899.6576986946169,-438.04170871470285,0.0,0.0,1.0,55.0
0.0,-897.8741457587714,-455.1246281220323,0.0,0.0,1.0,55.0
0.0,-912.4582804122451,-454.6950747659787,0.0,0.0,1.0,55.0
0.0,-906.4522860054649,-431.7125158007368,0.0,0.0,1.0,55.0
0.0,-906.8172579673313,-434.25005837352455,0.0,0.0,1.0,55.0
0.0,-911.1064957475801,-492.1428263202823,0.0,0.0,1.0,55.0
0.0,-883.1079205032927,-417.8823147519623,0.0,0.0,1.0,55.0
0.0,-908.7585057992632,-410.6519511567691,0.0,0.0,1.0,55.0
0.0,-911.9545304799191,-446.8739739159553,0.0,0.0,1.0,55.0
0.0,-922.0618627119119,-476.5740621392347,0.0,0.0,1.0,55.0
0.0,-898.9248356669176,-444.8255746398862,0.0,0.0,1.0,55.0
0.0,-915.1069500415632,-454.0789299906256,0.0,0.0,1.0,55.0
0.0,-912.0551596002317,-457.9838989866654,0.0,0.0,1.0,55.0
0.0,-871.7139309048731,-437.95593763688487,0.0,0.0,1.0,55.0
0.0,-913.7908167139169,-441.2629396619834,0.0,0.0,1.0,55.0
0.0,-898.0549241805041,-546.9685470138463,0.0,0.0,1.0,55.0
0.0,-891.7156909957775,-507.6655800079038,0.0,0.0,1.0,55.0
0.0,-908.972642120925,-487.68557345811996,0.0,0.0,1.0,55.0
0.0,-926.3694821750805,-501.9505040329909,0.0,0.0,1.0,55.0
0.0,-849.9168383425852,-507.32037275159007,0.0,0.0,1.0,55.0
0.0,-916.018732028212,-535.2680692029885,0.0,0.0,1.0,55.0
0.0,-920.0302142089556,-524.2653754273671,0.0,0.0,1.0,55.0
0.0,-917.5748859382059,-480.20161765432226,0.0,0.0,1.0,55.0
0.0,-906.1654954877658,-506.6324103760634,0.0,0.0,1.0,55.0
0.0,-926.8120332396129,-512.5893095643038,0.0,0.0,1.0,55.0
0.0,-921.3907629703824,-513.3266968466017,0.0,0.0,1.0,55.0
0.0,-918.9005778300068,-494.00083898484684,0.0,0.0,1.0,55.0
0.0,-880.2167344820306,-483.16110112393835,0.0,0.0,1.0,55.0
0.0,-921.619961754148,-482.6869087803925,0.0,0.0,1.0,55.0
0.0,-927.1804688857378,-482.9444409487164,0.0,0.0,1.0,55.0
0.0,-909.0442870785905,-474.05108344352186,0.0,0.0,1.0,55.0
0.0,-920.4403553732038,-481.58963570356957,0.0,0.0,1.0,55.0
0.0,-924.3463398427306,-519.5877293287011,0.0,0.0,1.0,55.0
0.0,-933.5369666959898,-507.48946489664456,0.0,0.0,1.0,55.0
0.0,-918.4294250591716,-483.2229622819932,0.0,0.0,1.0,55.0
0.0,-927.1733121241745,-480.872081140566,0.0,0.0,1.0,55.0
0.0,-923.3541951162676,-492.89453447409517,0.0,0.0,1.0,55.0
0.0,-918.0705625227499,-503.0588765913674,0.0,0.0,1.0,55.0
0.0,-920.9975965436494,-498.1503817981659,0.0,0.0,1.0,55.0
0.0,-919.2099053017179,-504.4421361449687,0.0,0.0,1.0,55.0
0.0,-933.0677934454616,-483.10850072549397,0.0,0.0,1.0,55.0
0.0,-927.5051216989843,-509.77540691886713,0.0,0.0,1.0,55.0
0.0,-918.5817856357711,-499.8900207578654,0.0,0.0,1.0,55.0
0.0,-913.3253290703267,-491.5778686507829,0.0,0.0,1.0,55.0
0.0,-928.1702315810949,-499.10667025987414,0.0,0.0,1.0,55.0
0.0,-937.1895180155564,-481.5156277315758,0.0,0.0,1.0,55.0
0.0,-935.9213211917299,-473.13170889989885,0.0,0.0,1.0,55.0
0.0,-900.9617742987336,-472.6903446066083,0.0,0.0,1.0,55.0
0.0,-945.0943828511183,-512.1680166490671,0.0,0.0,1.0,55.0
0.0,-923.9311766454869,-516.5972900552733,0.0,0.0,1.0,55.0
0.0,-923.1210069246085,-489.64757051171205,0.0,0.0,1.0,55.0
0.0,-903.741252352746,-461.2780677128968,0.0,0.0,1.0,55.0
0.0,-898.7711007245857,-560.7067196800105,0.0,0.0,1.0,55.0
0.0,-892.2871535832467,-576.1198060297488,0.0,0.0,1.0,55.0
0.0,-903.586837584028,-536.6578867163405,0.0,0.0,1.0,55.0
0.0,-886.9537903786396,-533.5665594705174,0.0,0.0,1.0,55.0
0.0,-920.7518029813842,-515.2957018318372,0.0,0.0,1.0,55.0
0.0,-850.2504289089998,-556.1356388891301,0.0,0.0,1.0,55.0
0.0,-895.5416248317139,-554.4200992783093,0.0,0.0,1.0,55.0
0.0,-894.1227576652271,-544.8429332483444,0.0,0.0,1.0,55.0
0.0,-899.6247531025707,-560.4982656876318,0.0,0.0,1.0,55.0
0.0,-847.6708222065905,-503.5177679829666,0.0,0.0,1.0,55.0
0.0,-883.7162111126498,-534.9420409118454,0.0,0.0,1.0,55.0
0.0,-895.594015751643,-545.9235358534105,0.0,0.0,1.0,55.0
0.0,-908.6620968859181,-520.6502521950674,0.0,0.0,1.0,55.0
0.0,-895.0901377263231,-563.5558402217569,0.0,0.0,1.0,55.0
0.0,-919.4848546727536,-541.9784505382797,0.0,0.0,1.0,55.0
0.0,-911.7233475244617,-537.7811997220433,0.0,0.0,1.0,55.0
0.0,-867.1174082017958,-535.912032683787,0.0,0.0,1.0,55.0
0.0,-902.7308562628629,-533.9296096707992,0.0,0.0,1.0,55.0
0.0,-887.3783551687181,-561.4675669876474,0.0,0.0,1.0,55.0
0.0,-885.5200348540897,-563.825524266795,0.0,0.0,1.0,55.0
0.0,-889.2546091195867,-532.1724853678373,0.0,0.0,1.0,55.0
0.0,-817.8249482135493,-567.9719810317912,0.0,0.0,1.0,55.0
0.0,-855.6243641845653,-582.0165850061167,0.0,0.0,1.0,55.0
0.0,-835.7727276455565,-572.7204806834616,0.0,0.0,1.0,55.0
0.0,-827.4303306534812,-590.723633464485,0.0,0.0,1.0,55.0
0.0,-849.6646482990313,-585.4393308214356,0.0,0.0,1.0,55.0
0.0,-807.8257693247047,-556.258299953478,0.0,0.0,1.0,55.0
0.0,-845.5336432786197,-574.3046058039886,0.0,0.0,1.0,55.0
0.0,-836.7311660531742,-563.2517753987536,0.0,0.0,1.0,55.0
0.0,-855.021419780513,-574.3970527152785,0.0,0.0,1.0,55.0
0.0,-799.2856732080214,-572.2629990472681,0.0,0.0,1.0,55.0
0.0,-838.5182917626315,-567.9512203160816,0.0,0.0,1.0,55.0
0.0,-803.1725588459832,-540.7804370097876,0.0,0.0,1.0,55.0
0.0,-850.6233141480319,-578.3939166764095,0.0,0.0,1.0,55.0
0.0,-888.2461512786894,-563.9502629986997,0.0,0.0,1.0,55.0
0.0,-842.636704549579,-589.80499697193,0.0,0.0,1.0,55.0
0.0,-814.3042052992898,-548.2126084801343,0.0,0.0,1.0,55.0
0.0,-838.1311281065896,-535.8719518324383,0.0,0.0,1.0,55.0
0.0,-843.6153682785135,-568.890971782387,0.0,0.0,1.0,55.0
0.0,-864.0434062893924,-559.939197802377,0.0,0.0,1.0,55.0
0.0,-856.5755663701563,-566.4406099880503,0.0,0.0,1.0,55.0
0.0,-832.8533299549362,-563.7907526589213,0.0,0.0,1.0,55.0
0.0,-881.4279462421907,-508.6005639157694,0.0,0.0,1.0,55.0
0.0,-850.6543257813925,-564.7430778363122,0.0,0.0,1.0,55.0
0.0,-843.4061244155579,-540.9172030687838,0.0,0.0,1.0,55.0
0.0,-850.606430910291,-556.7110111918544,0.0,0.0,1.0,55.0
0.0,-832.6265789416896,-567.7666913739115,0.0,0.0,1.0,55.0
0.0,-820.6331319853809,-572.7757981744257,0.0,0.0,1.0,55.0
0.0,-851.0080923023819,-568.5765751754583,0.0,0.0,1.0,55.0
0.0,-836.3036199881009,-597.122312734331,0.0,0.0,1.0,55.0
0.0,-827.2951081494527,-506.25588880107387,0.0,0.0,1.0,55.0
0.0,-858.6644384263658,-551.9466215484731,0.0,0.0,1.0,55.0
0.0,-832.2636926270259,-603.9219134251488,0.0,0.0,1.0,55.0
0.0,-833.0609686621467,-590.4528314406563,0.0,0.0,1.0,55.0
0.0,-816.7200226124223,-564.32412914282,0.0,0.0,1.0,55.0
0.0,-806.1194395854171,-509.6484108050727,0.0,0.0,1.0,55.0
0.0,-784.7060546165827,-503.0530132731204,0.0,0.0,1.0,55.0
0.0,-818.973993687065,-544.2807321684011,0.0,0.0,1.0,55.0
0.0,-789.9733053855842,-562.5404063815107,0.0,0.0,1.0,55.0
0.0,-776.9143720566173,-544.505109317671,0.0,0.0,1.0,55.0
0.0,-841.2630514962453,-569.0830660429974,0.0,0.0,1.0,55.0
0.0,-781.5837619492837,-516.255376628683,0.0,0.0,1.0,55.0
0.0,-801.7143904988621,-545.0356270393771,0.0,0.0,1.0,55.0
0.0,-792.9073965039711,-515.9729420380966,0.0,0.0,1.0,55.0
0.0,-807.4087521166756,-530.3773104277152,0.0,0.0,1.0,55.0
0.0,-824.0263708860844,-512.8867744582892,0.0,0.0,1.0,55.0
0.0,-802.239733547587,-543.7501705986884,0.0,0.0,1.0,55.0
0.0,-802.9485431983982,-525.4023686133562,0.0,0.0,1.0,55.0
0.0,-791.795803806312,-550.8643163380336,0.0,0.0,1.0,55.0
0.0,-795.047922072594,-571.9756381351912,0.0,0.0,1.0,55.0
0.0,-806.3233062860448,-548.6925117114083,0.0,0.0,1.0,55.0
0.0,-822.2744485520436,-510.88364845744024,0.0,0.0,1.0,55.0
0.0,-783.3321556754136,-551.2925504963309,0.0,0.0,1.0,55.0
0.0,-773.7483116415267,-566.7207771324119,0.0,0.0,1.0,55.0
0.0,-782.7695549310331,-552.667171119265,0.0,0.0,1.0,55.0
0.0,-784.1950668606177,-533.9993677818782,0.0,0.0,1.0,55.0
0.0,-780.4206538118867,-488.5684116053053,0.0,0.0,1.0,55.0
0.0,-799.0495856132483,-533.6493213546704,0.0,0.0,1.0,55.0
0.0,-818.2800099941667,-559.9813043847929,0.0,0.0,1.0,55.0
0.0,-784.7855544790722,-501.15723694875567,0.0,0.0,1.0,55.0
0.0,-811.6959027118954,-564.4105836581498,0.0,0.0,1.0,55.0
0.0,-774.889680079607,-516.0663209683662,0.0,0.0,1.0,55.0
0.0,-805.7168048113264,-553.5941777616614,0.0,0.0,1.0,55.0
0.0,-816.1338288369068,-541.8061099584795,0.0,0.0,1.0,55.0
0.0,-801.1235600723273,-550.9429051928016,0.0,0.0,1.0,55.0
0.0,-772.2847247008106,-510.81333073479664,0.0,0.0,1.0,55.0
0.0,-800.1596749384239,-550.4603111452577,0.0,0.0,1.0,55.0
0.0,-779.2957582641483,-515.2096248321268,0.0,0.0,1.0,55.0
0.0,-870.0748098379241,-531.095075714501,0.0,0.0,1.0,55.0
0.0,-758.2518728366975,-562.243423422092,0.0,0.0,1.0,55.0
0.0,-702.6065242715957,-678.0476713536098,0.0,0.0,1.0,56.0
0.0,-719.1586893660232,-593.8614131699818,0.0,0.0,1.0,56.0
0.0,-671.1470014676187,-660.3402898122822,0.0,0.0,1.0,56.0
0.0,-688.9305798691458,-698.2593142831162,0.0,0.0,1.0,56.0
0.0,-689.7119657619793,-665.64382276925,0.0,0.0,1.0,56.0
0.0,-651.8918406037151,-635.3468492828134,0.0,0.0,1.0,56.0
0.0,-680.2118225677995,-695.443556038666,0.0,0.0,1.0,56.0
0.0,-702.995898120715,-679.2598003418535,0.0,0.0,1.0,56.0
0.0,-709.4287437298202,-694.0279251253885,0.0,0.0,1.0,56.0
0.0,-677.8748579554806,-697.5114622286327,0.0,0.0,1.0,56.0
0.0,-706.13756128665,-681.347498399954,0.0,0.0,1.0,56.0
0.0,-699.791826057562,-685.2255440168443,0.0,0.0,1.0,56.0
0.0,-707.8731657651799,-654.135927011184,0.0,0.0,1.0,56.0
0.0,-695.778034494576,-700.9514243216394,0.0,0.0,1.0,56.0
0.0,-674.8044774580429,-684.1263084175982,0.0,0.0,1.0,56.0
0.0,-695.3602127621169,-678.180945833261,0.0,0.0,1.0,56.0
0.0,-686.7495471113853,-667.5403798957834,0.0,0.0,1.0,56.0
0.0,-722.9157081168323,-698.285766489065,0.0,0.0,1.0,56.0
0.0,-705.3582699579889,-660.8919182609101,0.0,0.0,1.0,56.0
0.0,-693.80835253394,-686.3109425883149,0.0,0.0,1.0,56.0
0.0,-736.7356773317355,-696.7086136283507,0.0,0.0,1.0,56.0
0.0,-703.0198946665138,-683.7641173621017,0.0,0.0,1.0,56.0
0.0,-654.4408770943153,-664.4692613012292,0.0,0.0,1.0,56.0
0.0,-717.2510201636986,-684.4070259229659,0.0,0.0,1.0,56.0
0.0,-722.8419338491253,-685.9430353959291,0.0,0.0,1.0,56.0
0.0,-717.0855168659739,-637.5044935382923,0.0,0.0,1.0,56.0
0.0,-685.0275497181892,-696.2875081448242,0.0,0.0,1.0,56.0
0.0,-684.0697271752989,-684.1097833162472,0.0,0.0,1.0,56.0
0.0,-704.0122692961281,-703.3767886711265,0.0,0.0,1.0,56.0
0.0,-687.3451465922004,-722.9711912294069,0.0,0.0,1.0,56.0
0.0,-689.5026572825453,-655.0547763747535,0.0,0.0,1.0,56.0
0.0,-691.8002226354278,-687.2724516310294,0.0,0.0,1.0,56.0
0.0,-698.4158154423479,-621.5836409598953,0.0,0.0,1.0,56.0
0.0,-727.3609614549191,-637.6837220873549,0.0,0.0,1.0,56.0
0.0,-705.3606898168242,-690.2492365519582,0.0,0.0,1.0,56.0
0.0,-686.5455757428995,-643.3537200416681,0.0,0.0,1.0,56.0
0.0,-675.1897235879604,-710.8425521798702,0.0,0.0,1.0,56.0
0.0,-737.3804439232597,-690.6748112375711,0.0,0.0,1.0,56.0
0.0,-709.1857815905122,-687.7830358614456,0.0,0.0,1.0,56.0
0.0,-650.5967776480571,-647.6346360724721,0.0,0.0,1.0,56.0
0.0,-662.8494776411071,-651.4209814831542,0.0,0.0,1.0,56.0
0.0,-630.6109738753235,-678.1755159495525,0.0,0.0,1.0,56.0
0.0,-652.8768381136663,-673.5232475454363,0.0,0.0,1.0,56.0
0.0,-624.4359448695246,-655.2392351064888,0.0,0.0,1.0,56.0
0.0,-637.9501380532814,-696.6310561141489,0.0,0.0,1.0,56.0
0.0,-680.302900410504,-689.2078911194945,0.0,0.0,1.0,56.0
0.0,-645.524992205136,-678.5022553545826,0.0,0.0,1.0,56.0
0.0,-641.7591963156913,-672.4306688395471,0.0,0.0,1.0,56.0
0.0,-660.800288820846,-671.8756776606749,0.0,0.0,1.0,56.0
0.0,-613.9010553438673,-652.4770014737878,0.0,0.0,1.0,56.0
0.0,-686.8013785497242,-682.9282508478863,0.0,0.0,1.0,56.0
0.0,-666.3830898204385,-660.9649876287763,0.0,0.0,1.0,56.0
0.0,-641.037816659171,-664.4716422775331,0.0,0.0,1.0,56.0
0.0,-610.8554055817219,-642.0442782761193,0.0,0.0,1.0,56.0
0.0,-653.5537016086005,-661.1168724060307,0.0,0.0,1.0,56.0
0.0,-679.5492701383598,-621.5551083329606,0.0,0.0,1.0,56.0
0.0,-643.089131455958,-687.5099842711602,0.0,0.0,1.0,56.0
0.0,-640.3346463149621,-689.3038745686868,0.0,0.0,1.0,56.0
0.0,-668.6727495901292,-674.8092183176537,0.0,0.0,1.0,56.0
0.0,-618.1091025436201,-688.0344789616778,0.0,0.0,1.0,56.0
0.0,-648.7847936035048,-687.6932751343318,0.0,0.0,1.0,56.0
0.0,-643.5401822181076,-663.0879535687467,0.0,0.0,1.0,56.0
0.0,-637.436579221453,-670.1224424204406,0.0,0.0,1.0,56.0
0.0,-597.9180814209464,-586.307790834966,0.0,0.0,1.0,56.0
0.0,-647.5050385073639,-571.5740141216689,0.0,0.0,1.0,56.0
0.0,-640.51176563332,-608.7737844397894,0.0,0.0,1.0,56.0
0.0,-626.3608475444097,-564.6577260586841,0.0,0.0,1.0,56.0
0.0,-596.7608094298766,-555.6363654713898,0.0,0.0,1.0,56.0
0.0,-606.437982296068,-565.6683762173382,0.0,0.0,1.0,56.0
0.0,-629.5461063249539,-617.8483626684724,0.0,0.0,1.0,56.0
0.0,-641.8873236647825,-582.4802612329485,0.0,0.0,1.0,56.0
0.0,-627.7221309353642,-546.6535905557853,0.0,0.0,1.0,56.0
0.0,-617.1736011880319,-584.0264299732606,0.0,0.0,1.0,56.0
0.0,-611.1514177155935,-587.2907614129969,0.0,0.0,1.0,56.0
0.0,-651.930102288394,-579.5463924940863,0.0,0.0,1.0,56.0
0.0,-615.3789332368174,-594.7341208564565,0.0,0.0,1.0,56.0
0.0,-647.2982338639503,-566.008533311106,0.0,0.0,1.0,56.0
0.0,-612.0926299530057,-561.7686058872667,0.0,0.0,1.0,56.0
0.0,-652.4976888604087,-584.4539952409367,0.0,0.0,1.0,56.0
0.0,-642.9725308716776,-644.588975485963,0.0,0.0,1.0,56.0
0.0,-637.1901593594328,-560.8877678776203,0.0,0.0,1.0,56.0
0.0,-643.0459210236585,-569.8932933302025,0.0,0.0,1.0,56.0
0.0,-665.7502872092891,-616.5808416150229,0.0,0.0,1.0,56.0
0.0,-634.8299047123462,-575.3417085647957,0.0,0.0,1.0,56.0
0.0,-673.0047234359067,-586.4550041581706,0.0,0.0,1.0,56.0
0.0,-612.4091795810278,-559.3906528121278,0.0,0.0,1.0,56.0
0.0,-649.3263046392782,-550.7932187805302,0.0,0.0,1.0,56.0
0.0,-639.075464672826,-570.698454281592,0.0,0.0,1.0,56.0
0.0,-621.2424043297567,-572.1671372924116,0.0,0.0,1.0,56.0
0.0,-664.7172596355426,-592.5262805494079,0.0,0.0,1.0,56.0
0.0,-626.6655628548544,-609.9150691699509,0.0,0.0,1.0,56.0
0.0,-596.5044136095045,-569.9211112761931,0.0,0.0,1.0,56.0
0.0,-661.0630609617609,-590.4214803991025,0.0,0.0,1.0,56.0
0.0,-633.5825777021347,-561.2518240197448,0.0,0.0,1.0,56.0
0.0,-612.1379450038003,-577.6898384804099,0.0,0.0,1.0,56.0
0.0,-622.5405812631947,-570.4973872461185,0.0,0.0,1.0,56.0
0.0,-655.78288064669,-583.8457493322918,0.0,0.0,1.0,56.0
0.0,-657.1969629283018,-614.1012144437071,0.0,0.0,1.0,56.0
0.0,-623.795800294423,-568.0249555430298,0.0,0.0,1.0,56.0
0.0,-631.6646511380886,-592.6580942582567,0.0,0.0,1.0,56.0
0.0,-668.4017726739555,-527.1315499241621,0.0,0.0,1.0,56.0
0.0,-682.1583282582691,-556.5782571370704,0.0,0.0,1.0,56.0
0.0,-663.6090772123819,-580.6555491864705,0.0,0.0,1.0,56.0
0.0,-684.7457543695999,-541.8373287434487,0.0,0.0,1.0,56.0
0.0,-695.5984583698844,-562.9806986331516,0.0,0.0,1.0,56.0
0.0,-720.8272502713487,-569.0637312627558,0.0,0.0,1.0,56.0
0.0,-684.6847970503107,-522.9289446869361,0.0,0.0,1.0,56.0
0.0,-680.7461645782109,-538.422265369381,0.0,0.0,1.0,56.0
0.0,-677.4255583157885,-587.0280998528856,0.0,0.0,1.0,56.0
0.0,-713.1480609248821,-626.9256287886442,0.0,0.0,1.0,56.0
0.0,-673.3302168342748,-523.0958972381626,0.0,0.0,1.0,56.0
0.0,-670.2271330308555,-558.171241304693,0.0,0.0,1.0,56.0
0.0,-671.5385644414794,-551.187211729447,0.0,0.0,1.0,56.0
0.0,-673.0601401905594,-609.4301155528831,0.0,0.0,1.0,56.0
0.0,-647.8457077757153,-609.7638738100953,0.0,0.0,1.0,56.0
0.0,-683.0929394591277,-552.3655487409007,0.0,0.0,1.0,56.0
0.0,-674.3086968441562,-552.2674594626751,0.0,0.0,1.0,56.0
0.0,-650.4319171228913,-562.2126167778471,0.0,0.0,1.0,56.0
0.0,-677.9645268231675,-546.3679272862448,0.0,0.0,1.0,56.0
0.0,-663.205965306879,-532.0394865156463,0.0,0.0,1.0,56.0
0.0,-660.1926348017846,-621.6286587201754,0.0,0.0,1.0,56.0
0.0,-666.8269161150859,-538.8261657312472,0.0,0.0,1.0,56.0
0.0,-668.6229586362916,-518.7714859698066,0.0,0.0,1.0,56.0
0.0,-677.1560119878063,-557.1174490340615,0.0,0.0,1.0,56.0
0.0,-668.3747711075409,-553.3363431521943,0.0,0.0,1.0,56.0
0.0,-638.5028140337281,-570.6610783117575,0.0,0.0,1.0,56.0
0.0,-767.775139649115,-606.6858824141273,0.0,0.0,1.0,56.0
0.0,-762.8569577717049,-590.5025178348623,0.0,0.0,1.0,56.0
0.0,-750.7828292475205,-618.6494607909951,0.0,0.0,1.0,56.0
0.0,-717.2128317673687,-537.0658401525823,0.0,0.0,1.0,56.0
0.0,-768.5119160765661,-603.5074463435642,0.0,0.0,1.0,56.0
0.0,-770.9607481191078,-604.1385555191085,0.0,0.0,1.0,56.0
0.0,-746.0841370083947,-606.2929433224907,0.0,0.0,1.0,56.0
0.0,-750.8168088161392,-613.1455997759391,0.0,0.0,1.0,56.0
0.0,-746.7063316274982,-608.1880655087249,0.0,0.0,1.0,56.0
0.0,-691.9965762057448,-599.9814114804154,0.0,0.0,1.0,56.0
0.0,-705.9412029234808,-572.6015784431656,0.0,0.0,1.0,56.0
0.0,-734.9766895530934,-597.888602038669,0.0,0.0,1.0,56.0
0.0,-753.3028322855989,-593.1271183633703,0.0,0.0,1.0,56.0
0.0,-743.8649736550886,-602.1928528075109,0.0,0.0,1.0,56.0
0.0,-756.5597663442317,-619.9576986113615,0.0,0.0,1.0,56.0
0.0,-732.3165372209968,-610.6073594765521,0.0,0.0,1.0,56.0
0.0,-750.5541215468451,-591.5726967897176,0.0,0.0,1.0,56.0
0.0,-739.1039924688496,-620.7547126761226,0.0,0.0,1.0,56.0
0.0,-751.6476771295014,-598.6070078756932,0.0,0.0,1.0,56.0
0.0,-790.4224039597157,-576.8940694384999,0.0,0.0,1.0,56.0
0.0,-741.0631894944731,-591.430042933574,0.0,0.0,1.0,56.0
0.0,-749.5850717419582,-563.8209630671045,0.0,0.0,1.0,56.0
0.0,-735.8311744782428,-608.9670865528998,0.0,0.0,1.0,56.0
0.0,-725.5523678440915,-607.575449303461,0.0,0.0,1.0,56.0
0.0,-760.4475480876696,-616.3747831817043,0.0,0.0,1.0,56.0
0.0,-731.9058437666637,-624.1843364842787,0.0,0.0,1.0,56.0
0.0,-755.933185577983,-607.1903312749359,0.0,0.0,1.0,56.0
0.0,-765.2543139161248,-602.9040432870889,0.0,0.0,1.0,56.0
0.0,-768.726250681269,-626.6594570519952,0.0,0.0,1.0,56.0
0.0,-727.0804675883144,-615.4025585579832,0.0,0.0,1.0,56.0
0.0,-757.129330619914,-593.6129762944357,0.0,0.0,1.0,56.0
0.0,-746.5567589560086,-623.2483119651635,0.0,0.0,1.0,56.0
0.0,-755.3510640874167,-591.7134765776717,0.0,0.0,1.0,56.0
0.0,-776.3487599502913,-585.7704547460532,0.0,0.0,1.0,56.0
0.0,-729.4696034791895,-601.2923286333821,0.0,0.0,1.0,56.0
0.0,-746.9722056797661,-565.0988225994705,0.0,0.0,1.0,56.0
0.0,-761.0035923332175,-602.1586800382656,0.0,0.0,1.0,56.0
0.0,-532.3808557888702,-813.3178572986563,0.0,0.0,1.0,57.0
0.0,-544.7276152375478,-809.7941790259848,0.0,0.0,1.0,57.0
0.0,-533.5954023413726,-825.0075038442192,0.0,0.0,1.0,57.0
0.0,-524.055737590094,-807.0143547434419,0.0,0.0,1.0,57.0
0.0,-515.7979896596152,-800.8176321905678,0.0,0.0,1.0,57.0
0.0,-526.1178247629382,-793.0286793636259,0.0,0.0,1.0,57.0
0.0,-537.4237889951069,-773.6085872223537,0.0,0.0,1.0,57.0
0.0,-532.6922837357165,-835.6998987424823,0.0,0.0,1.0,57.0
0.0,-538.2742925742333,-796.3555590624023,0.0,0.0,1.0,57.0
0.0,-559.5279205991861,-828.9384611614685,0.0,0.0,1.0,57.0
0.0,-537.8585561874261,-823.9837675481415,0.0,0.0,1.0,57.0
0.0,-539.661066128544,-813.6808812517274,0.0,0.0,1.0,57.0
0.0,-552.3548811294544,-793.8539662586592,0.0,0.0,1.0,57.0
0.0,-524.5397510990518,-824.1435329094537,0.0,0.0,1.0,57.0
0.0,-521.6304297562752,-810.0870576302785,0.0,0.0,1.0,57.0
0.0,-556.7994026422497,-801.4963059286073,0.0,0.0,1.0,57.0
0.0,-523.9926601637748,-799.0598004319377,0.0,0.0,1.0,57.0
0.0,-516.1460331030946,-843.135797269177,0.0,0.0,1.0,57.0
0.0,-534.1749054213296,-809.1458917107202,0.0,0.0,1.0,57.0
0.0,-544.1085218641725,-795.2769109671713,0.0,0.0,1.0,57.0
0.0,-538.2928888089143,-814.4073291462864,0.0,0.0,1.0,57.0
0.0,-525.3790719041922,-821.119013142009,0.0,0.0,1.0,57.0
0.0,-531.0180711744264,-826.4202442574016,0.0,0.0,1.0,57.0
0.0,-532.0134302436015,-803.6922477599408,0.0,0.0,1.0,57.0
0.0,-549.9320527222816,-806.6451865102485,0.0,0.0,1.0,57.0
0.0,-538.2403521514962,-769.5646121832125,0.0,0.0,1.0,57.0
0.0,-562.2195301499172,-802.9533754847821,0.0,0.0,1.0,57.0
0.0,-525.2223941714402,-790.0104415008279,0.0,0.0,1.0,57.0
0.0,-498.2511440596379,-753.3072770501766,0.0,0.0,1.0,57.0
0.0,-546.676908523914,-826.6368009708283,0.0,0.0,1.0,57.0
0.0,-510.84718518128875,-795.667598938828,0.0,0.0,1.0,57.0
0.0,-514.6344271796864,-802.5465823630873,0.0,0.0,1.0,57.0
0.0,-538.0098882382168,-808.1595307732505,0.0,0.0,1.0,57.0
0.0,-502.89692369511965,-799.543369095801,0.0,0.0,1.0,57.0
0.0,-547.9464588461119,-837.5016977023427,0.0,0.0,1.0,57.0
0.0,-543.8402152821917,-833.957844313845,0.0,0.0,1.0,57.0
0.0,-527.9661532439153,-834.579987439507,0.0,0.0,1.0,57.0
0.0,-540.1352714541982,-824.2466075867696,0.0,0.0,1.0,57.0
0.0,-544.2828986544913,-788.0738172762049,0.0,0.0,1.0,57.0
0.0,-498.9373531300722,-780.4010867012576,0.0,0.0,1.0,57.0
0.0,-483.87733034669975,-795.9512368528233,0.0,0.0,1.0,57.0
0.0,-492.1978886935573,-771.7067825451767,0.0,0.0,1.0,57.0
0.0,-519.9114923951187,-728.2317225734303,0.0,0.0,1.0,57.0
0.0,-513.5629811832625,-807.167242655788,0.0,0.0,1.0,57.0
0.0,-484.3444462030093,-734.4331649608789,0.0,0.0,1.0,57.0
0.0,-509.9407977542206,-809.4136223278692,0.0,0.0,1.0,57.0
0.0,-497.6287768338982,-783.6058052006389,0.0,0.0,1.0,57.0
0.0,-495.7073999598549,-761.565911126983,0.0,0.0,1.0,57.0
0.0,-492.4727348936084,-770.2027791346862,0.0,0.0,1.0,57.0
0.0,-479.917439797367,-777.0133356334937,0.0,0.0,1.0,57.0
0.0,-478.71408265553555,-771.2391452028276,0.0,0.0,1.0,57.0
0.0,-487.2257325988294,-798.9987093042606,0.0,0.0,1.0,57.0
0.0,-469.6610913484934,-794.177197613419,0.0,0.0,1.0,57.0
0.0,-498.4866409994652,-805.5235602012249,0.0,0.0,1.0,57.0
0.0,-494.8451690512703,-782.3263824085859,0.0,0.0,1.0,57.0
0.0,-492.3339264840663,-764.9702764864045,0.0,0.0,1.0,57.0
0.0,-469.80367972263207,-777.2680677887754,0.0,0.0,1.0,57.0
0.0,-475.7227056020722,-786.2811964727923,0.0,0.0,1.0,57.0
0.0,-498.5878880103385,-779.4077931846813,0.0,0.0,1.0,57.0
0.0,-477.74042717181555,-787.8705072530724,0.0,0.0,1.0,57.0
0.0,-525.3797042511671,-825.9222109323115,0.0,0.0,1.0,57.0
0.0,-469.7880643640889,-786.5264022284217,0.0,0.0,1.0,57.0
0.0,-468.94439190648313,-791.735146998272,0.0,0.0,1.0,57.0
0.0,-484.62847629681664,-789.1718319119392,0.0,0.0,1.0,57.0
0.0,-463.0960849740924,-777.7574730581292,0.0,0.0,1.0,57.0
0.0,-491.1833218061987,-798.1246398068287,0.0,0.0,1.0,57.0
0.0,-507.6844389711731,-802.8502260810269,0.0,0.0,1.0,57.0
0.0,-504.2877042226937,-795.0288341911784,0.0,0.0,1.0,57.0
0.0,-549.4157454699434,-786.6570600124103,0.0,0.0,1.0,57.0
0.0,-506.325330391256,-787.7101817162322,0.0,0.0,1.0,57.0
0.0,-483.94081802756887,-785.5318435975648,0.0,0.0,1.0,57.0
0.0,-471.9504435349197,-795.49825129881,0.0,0.0,1.0,57.0
0.0,-514.1435181552717,-781.4405804830457,0.0,0.0,1.0,57.0
0.0,-490.7633213458089,-792.427842057426,0.0,0.0,1.0,57.0
0.0,-536.8121915652071,-788.1885379883291,0.0,0.0,1.0,57.0
0.0,-449.3135278075031,-746.1384885495919,0.0,0.0,1.0,57.0
0.0,-475.73362431453165,-749.9272842130886,0.0,0.0,1.0,57.0
0.0,-496.63044139155386,-757.0093811453713,0.0,0.0,1.0,57.0
0.0,-459.19102860420685,-762.0807814239535,0.0,0.0,1.0,57.0
0.0,-474.93004708938395,-755.4727741913159,0.0,0.0,1.0,57.0
0.0,-477.19436920567694,-749.9722801393359,0.0,0.0,1.0,57.0
0.0,-471.6440645114046,-750.2995705840608,0.0,0.0,1.0,57.0
0.0,-519.6446040530215,-746.9640264723528,0.0,0.0,1.0,57.0
0.0,-495.98231575567706,-773.2871143718116,0.0,0.0,1.0,57.0
0.0,-469.6221794698688,-709.0812908022405,0.0,0.0,1.0,57.0
0.0,-479.0481821953754,-739.5725153620857,0.0,0.0,1.0,57.0
0.0,-492.92366737651855,-750.0329506575165,0.0,0.0,1.0,57.0
0.0,-456.0130631735793,-764.0267968287936,0.0,0.0,1.0,57.0
0.0,-474.27034874194965,-749.5344762123925,0.0,0.0,1.0,57.0
0.0,-500.6480128959861,-777.260104328543,0.0,0.0,1.0,57.0
0.0,-436.84760765228725,-754.5009308300304,0.0,0.0,1.0,57.0
0.0,-486.19396161574093,-745.9435065630529,0.0,0.0,1.0,57.0
0.0,-459.245201508877,-750.3380476047402,0.0,0.0,1.0,57.0
0.0,-465.61313087367625,-725.296423413622,0.0,0.0,1.0,57.0
0.0,-485.013296161085,-759.6907910733916,0.0,0.0,1.0,57.0
0.0,-474.09110740054166,-735.5817181162016,0.0,0.0,1.0,57.0
0.0,-520.7588837997259,-795.7260963909636,0.0,0.0,1.0,57.0
0.0,-492.67691758376975,-755.1768620179018,0.0,0.0,1.0,57.0
0.0,-487.49267929860866,-718.9187844213072,0.0,0.0,1.0,57.0
0.0,-484.1983273128121,-742.8209184955374,0.0,0.0,1.0,57.0
0.0,-521.3410191000513,-757.6523690510783,0.0,0.0,1.0,57.0
0.0,-483.5707198535124,-750.2174641430919,0.0,0.0,1.0,57.0
0.0,-442.70392747144615,-753.6516472207421,0.0,0.0,1.0,57.0
0.0,-480.11986179832104,-752.8315100249733,0.0,0.0,1.0,57.0
0.0,-497.13491946049896,-750.7531254562863,0.0,0.0,1.0,57.0
0.0,-450.4504594694075,-766.950880617876,0.0,0.0,1.0,57.0
0.0,-481.58941190323833,-754.6647123799016,0.0,0.0,1.0,57.0
0.0,-485.4145216215088,-741.3209307787598,0.0,0.0,1.0,57.0
0.0,-480.4361972441493,-740.3128679631998,0.0,0.0,1.0,57.0
0.0,-461.5759877360408,-741.3649749700724,0.0,0.0,1.0,57.0
0.0,-479.57423351146736,-718.6176323988194,0.0,0.0,1.0,57.0
0.0,-469.19339907714243,-741.3770464379079,0.0,0.0,1.0,57.0
0.0,-454.7467145630683,-754.2762397431829,0.0,0.0,1.0,57.0
0.0,-471.94843803930735,-739.5715457299358,0.0,0.0,1.0,57.0
0.0,-456.83552163386696,-755.7148443005781,0.0,0.0,1.0,57.0
0.0,-473.0648137289842,-723.0113174904262,0.0,0.0,1.0,57.0
0.0,-487.13512042932587,-719.8177840030759,0.0,0.0,1.0,57.0
0.0,-462.0344521165214,-747.024933016504,0.0,0.0,1.0,57.0
0.0,-492.5001098905677,-764.3178080333913,0.0,0.0,1.0,57.0
0.0,-481.5703718431454,-775.9046168561111,0.0,0.0,1.0,57.0
0.0,-469.00510428594816,-752.205911272257,0.0,0.0,1.0,57.0
0.0,-495.14519958236474,-685.2336372409371,0.0,0.0,1.0,57.0
0.0,-496.6002469743253,-686.7483511482598,0.0,0.0,1.0,57.0
0.0,-526.3841348764585,-721.879404689948,0.0,0.0,1.0,57.0
0.0,-479.91310838037873,-713.9989356494302,0.0,0.0,1.0,57.0
0.0,-472.9012177168762,-691.9596806166243,0.0,0.0,1.0,57.0
0.0,-471.41556046545077,-696.5530495040077,0.0,0.0,1.0,57.0
0.0,-485.164120459423,-692.6597708588954,0.0,0.0,1.0,57.0
0.0,-527.6931780063607,-725.8974619760615,0.0,0.0,1.0,57.0
0.0,-483.7416004913539,-697.627520078757,0.0,0.0,1.0,57.0
0.0,-494.83537564098924,-681.8243886375615,0.0,0.0,1.0,57.0
0.0,-478.37984890646214,-690.0522569913376,0.0,0.0,1.0,57.0
0.0,-492.9710532660986,-688.6406041428078,0.0,0.0,1.0,57.0
0.0,-515.8662498045652,-697.4973144540392,0.0,0.0,1.0,57.0
0.0,-506.2464373309606,-676.0163978857804,0.0,0.0,1.0,57.0
0.0,-487.815134048913,-696.4394047842474,0.0,0.0,1.0,57.0
0.0,-508.18812968178656,-686.3907989385949,0.0,0.0,1.0,57.0
0.0,-516.0424891360541,-716.8547306047805,0.0,0.0,1.0,57.0
0.0,-500.3808846061887,-676.2831165595603,0.0,0.0,1.0,57.0
0.0,-510.24252592926587,-684.3399421349307,0.0,0.0,1.0,57.0
0.0,-508.11798396067513,-691.9517086834784,0.0,0.0,1.0,57.0
0.0,-490.70981837477325,-692.3736726772102,0.0,0.0,1.0,57.0
0.0,-481.51851444577676,-699.2295132479076,0.0,0.0,1.0,57.0
0.0,-484.9017795311893,-689.827124957607,0.0,0.0,1.0,57.0
0.0,-507.57752642783294,-704.0748873479837,0.0,0.0,1.0,57.0
0.0,-497.58409908497663,-690.7764052573946,0.0,0.0,1.0,57.0
0.0,-512.7257243025559,-692.1180700380351,0.0,0.0,1.0,57.0
0.0,-503.3242397637464,-697.2648147243531,0.0,0.0,1.0,57.0
0.0,-486.43247724989556,-698.1292586044732,0.0,0.0,1.0,57.0
0.0,-501.84302438636576,-705.8936933044049,0.0,0.0,1.0,57.0
0.0,-495.9327760269457,-677.1113194026577,0.0,0.0,1.0,57.0
0.0,-495.684773740148,-696.3858092679601,0.0,0.0,1.0,57.0
0.0,-480.5065783286549,-709.2405357677437,0.0,0.0,1.0,57.0
0.0,-488.0830057160274,-664.1252791781458,0.0,0.0,1.0,57.0
0.0,-469.1004464686978,-705.0958710381476,0.0,0.0,1.0,57.0
0.0,-505.1457958493455,-722.2540016040298,0.0,0.0,1.0,57.0
0.0,-560.3187901659236,-672.6418565881584,0.0,0.0,1.0,57.0
0.0,-543.4194918061554,-699.9664246982196,0.0,0.0,1.0,57.0
0.0,-556.6111774187214,-717.560314840929,0.0,0.0,1.0,57.0
0.0,-554.0619687210091,-657.322371531271,0.0,0.0,1.0,57.0
0.0,-505.63217033156616,-730.0367974310186,0.0,0.0,1.0,57.0
0.0,-533.5220830199152,-682.7355736479019,0.0,0.0,1.0,57.0
0.0,-557.8845765808833,-728.9576760422478,0.0,0.0,1.0,57.0
0.0,-553.3483284727113,-689.2082377519946,0.0,0.0,1.0,57.0
0.0,-530.9246568685161,-683.39079122551,0.0,0.0,1.0,57.0
0.0,-537.9918552960726,-690.9211292441319,0.0,0.0,1.0,57.0
0.0,-556.0213121536251,-664.1772218935067,0.0,0.0,1.0,57.0
0.0,-526.8471674504349,-689.5462014489505,0.0,0.0,1.0,57.0
0.0,-531.1504779789121,-675.4792720038225,0.0,0.0,1.0,57.0
0.0,-543.7436232334927,-679.2433293420829,0.0,0.0,1.0,57.0
0.0,-525.0799770858027,-700.9270248148252,0.0,0.0,1.0,57.0
0.0,-533.5166771614402,-692.7395016688861,0.0,0.0,1.0,57.0
0.0,-536.9483199711539,-694.2298334787104,0.0,0.0,1.0,57.0
0.0,-521.1476203985583,-702.7224246235552,0.0,0.0,1.0,57.0
0.0,-563.5221499688644,-680.5132580831573,0.0,0.0,1.0,57.0
0.0,-558.1945444538039,-682.788241382093,0.0,0.0,1.0,57.0
0.0,-543.8365053717323,-684.1552281120624,0.0,0.0,1.0,57.0
0.0,-577.2654668209051,-685.1988732324282,0.0,0.0,1.0,57.0
0.0,-560.7283022901531,-702.7442728117605,0.0,0.0,1.0,57.0
0.0,-551.0082246752036,-687.5941618566175,0.0,0.0,1.0,57.0
0.0,-509.3532644283838,-672.7264496630459,0.0,0.0,1.0,57.0
0.0,-554.8567643117027,-691.9999677358381,0.0,0.0,1.0,57.0
0.0,-571.4701556289651,-692.2274542008086,0.0,0.0,1.0,57.0
0.0,-542.6386042803001,-677.7553176836714,0.0,0.0,1.0,57.0
0.0,-520.8310661405619,-692.2238364926269,0.0,0.0,1.0,57.0
0.0,-545.6508918540894,-723.9462510673588,0.0,0.0,1.0,57.0
0.0,-620.6592123137168,-760.1688424008524,0.0,0.0,1.0,57.0
0.0,-585.3159340521263,-695.503907823756,0.0,0.0,1.0,57.0
0.0,-625.8309755501839,-753.1153425183023,0.0,0.0,1.0,57.0
0.0,-608.9535060605205,-734.0009898438614,0.0,0.0,1.0,57.0
0.0,-596.0308131641324,-750.4765468051871,0.0,0.0,1.0,57.0
0.0,-579.3370713622988,-739.9262455320331,0.0,0.0,1.0,57.0
0.0,-612.3392149322793,-760.1504382342906,0.0,0.0,1.0,57.0
0.0,-602.0501613956294,-744.0743073966188,0.0,0.0,1.0,57.0
0.0,-616.5221628587798,-763.0407620322685,0.0,0.0,1.0,57.0
0.0,-597.3042162797051,-707.5550688831789,0.0,0.0,1.0,57.0
0.0,-572.1066848853849,-703.8290912758151,0.0,0.0,1.0,57.0
0.0,-591.6528736819599,-776.0190223113703,0.0,0.0,1.0,57.0
0.0,-615.530355502774,-764.5782896047361,0.0,0.0,1.0,57.0
0.0,-572.1139003565024,-748.4807499634657,0.0,0.0,1.0,57.0
0.0,-599.6966572858793,-772.9629938151489,0.0,0.0,1.0,57.0
0.0,-588.0401468669605,-768.3150613554847,0.0,0.0,1.0,57.0
0.0,-607.671486190126,-767.0613727237171,0.0,0.0,1.0,57.0
0.0,-627.512692285047,-744.5691591191588,0.0,0.0,1.0,57.0
0.0,-533.0610215993253,-755.6511760101489,0.0,0.0,1.0,57.0
0.0,-625.2231523076276,-754.7809335392003,0.0,0.0,1.0,57.0
0.0,-594.8562132316252,-752.3278691452709,0.0,0.0,1.0,57.0
0.0,-593.5888779707019,-768.6410537107121,0.0,0.0,1.0,57.0
0.0,-599.1573418494385,-730.6472730889957,0.0,0.0,1.0,57.0
0.0,-584.5034991919558,-751.2641241978355,0.0,0.0,1.0,57.0
0.0,-586.4948005623264,-747.0760401170519,0.0,0.0,1.0,57.0
0.0,-619.720212534354,-783.580340888382,0.0,0.0,1.0,57.0
0.0,-583.0362955194508,-776.8689191363568,0.0,0.0,1.0,57.0
0.0,-586.4239148847005,-830.4617073221602,0.0,0.0,1.0,57.0
0.0,-555.582616522956,-779.2511229764847,0.0,0.0,1.0,57.0
0.0,-585.1708334997163,-809.0941322639211,0.0,0.0,1.0,57.0
0.0,-577.557475769347,-751.3824800871741,0.0,0.0,1.0,57.0
0.0,-568.6422111666122,-760.1145929908985,0.0,0.0,1.0,57.0
0.0,-585.7632169097619,-796.828272780523,0.0,0.0,1.0,57.0
0.0,-587.6909598661151,-804.7720874930533,0.0,0.0,1.0,57.0
0.0,-578.478115952832,-810.6257104234941,0.0,0.0,1.0,57.0
0.0,-545.7375173535811,-813.6119650127004,0.0,0.0,1.0,57.0
0.0,-574.5110389333274,-790.8451715271816,0.0,0.0,1.0,57.0
0.0,-578.5191189339006,-814.4348045061184,0.0,0.0,1.0,57.0
0.0,-564.6666187336866,-809.3640108273746,0.0,0.0,1.0,57.0
0.0,-593.0769660104849,-800.6791744362001,0.0,0.0,1.0,57.0
0.0,-595.7320952280436,-793.7783074673063,0.0,0.0,1.0,57.0
0.0,-599.7545923889267,-799.603729418518,0.0,0.0,1.0,57.0
0.0,-586.178242977999,-809.5883591132051,0.0,0.0,1.0,57.0
0.0,-602.2121046755274,-789.1375533218218,0.0,0.0,1.0,57.0
0.0,-584.9408260252749,-814.9083245286748,0.0,0.0,1.0,57.0
0.0,-587.4173190697059,-784.5819483124912,0.0,0.0,1.0,57.0
0.0,-584.146995623911,-776.3753497447515,0.0,0.0,1.0,57.0
0.0,-581.1962028041938,-794.0164180116925,0.0,0.0,1.0,57.0
0.0,-568.8071518969624,-784.4561907562268,0.0,0.0,1.0,57.0
0.0,-594.2804918457579,-779.1653958889832,0.0,0.0,1.0,57.0
0.0,-239.6607152842614,-1042.9680077164141,0.0,0.0,1.0,58.0
0.0,-203.5350549318573,-1043.8604358783612,0.0,0.0,1.0,58.0
0.0,-210.608203158361,-1072.5061911515106,0.0,0.0,1.0,58.0
0.0,-172.36659933566284,-1061.827147037845,0.0,0.0,1.0,58.0
0.0,-252.90522080550886,-1070.6386202425601,0.0,0.0,1.0,58.0
0.0,-204.25582842971107,-1088.1983206663695,0.0,0.0,1.0,58.0
0.0,-179.44869969784122,-1044.2087484109272,0.0,0.0,1.0,58.0
0.0,-220.20982394307043,-1038.6001719116912,0.0,0.0,1.0,58.0
0.0,-205.89781344723247,-1052.8640062647094,0.0,0.0,1.0,58.0
0.0,-203.8393159847369,-1088.7888480443464,0.0,0.0,1.0,58.0
0.0,-206.8325184320679,-1048.7579890732043,0.0,0.0,1.0,58.0
0.0,-200.94277565090897,-1000.7140930034789,0.0,0.0,1.0,58.0
0.0,-203.7250222928849,-1071.5787486959168,0.0,0.0,1.0,58.0
0.0,-200.11532086426723,-1066.5347433225068,0.0,0.0,1.0,58.0
0.0,-198.24589313676688,-1041.3956822429939,0.0,0.0,1.0,58.0
0.0,-191.10548812595653,-1062.9567459074192,0.0,0.0,1.0,58.0
0.0,-225.28851654236314,-1056.8034127851224,0.0,0.0,1.0,58.0
0.0,-229.0728754141462,-1022.0666963147698,0.0,0.0,1.0,58.0
0.0,-194.58460618747677,-1053.7275820910177,0.0,0.0,1.0,58.0
0.0,-181.52501286199595,-1047.8567636138696,0.0,0.0,1.0,58.0
0.0,-172.09709815382234,-1059.8514730318916,0.0,0.0,1.0,58.0
0.0,-184.97404199104335,-1057.785649320928,0.0,0.0,1.0,58.0
0.0,-156.29724340103962,-1052.7848945332946,0.0,0.0,1.0,58.0
0.0,-215.84385612897677,-1044.6877846544994,0.0,0.0,1.0,58.0
0.0,-220.9567339096261,-1057.4305114379426,0.0,0.0,1.0,58.0
0.0,-208.40893172630103,-1060.6117242801288,0.0,0.0,1.0,58.0
0.0,-185.59920979196272,-1066.5699289340912,0.0,0.0,1.0,58.0
0.0,-227.28748812635604,-1053.4270683588375,0.0,0.0,1.0,58.0
0.0,-213.60446604384902,-983.1883618648437,0.0,0.0,1.0,58.0
0.0,-191.8084517434229,-1054.6383140021692,0.0,0.0,1.0,58.0
0.0,-202.97887127417835,-1038.2995093787385,0.0,0.0,1.0,58.0
0.0,-189.86493784651384,-1079.256364817813,0.0,0.0,1.0,58.0
0.0,-212.0710733426804,-1067.0638280921337,0.0,0.0,1.0,58.0
0.0,-189.40369841917413,-1001.0450950433765,0.0,0.0,1.0,58.0
0.0,-195.07585961705968,-1088.8089286875163,0.0,0.0,1.0,58.0
0.0,-212.31698665573936,-1026.6594366423794,0.0,0.0,1.0,58.0
0.0,-192.6595578339627,-1060.5665955017018,0.0,0.0,1.0,58.0
0.0,-204.86199328393377,-1059.22731333293,0.0,0.0,1.0,58.0
0.0,-243.77297516952353,-1080.3853537767998,0.0,0.0,1.0,58.0
0.0,-199.6843776429239,-1069.8120211657372,0.0,0.0,1.0,58.0
0.0,-157.18873473355507,-1005.6794675175877,0.0,0.0,1.0,58.0
0.0,-193.27443411492072,-1035.739425249941,0.0,0.0,1.0,58.0
0.0,-180.50537179602543,-1010.3788245831188,0.0,0.0,1.0,58.0
0.0,-168.24600419739886,-984.8487160819691,0.0,0.0,1.0,58.0
0.0,-170.0069487517594,-1017.5176555766432,0.0,0.0,1.0,58.0
0.0,-143.48082566660014,-1004.6638086134706,0.0,0.0,1.0,58.0
0.0,-190.3998654733091,-1050.0432371115226,0.0,0.0,1.0,58.0
0.0,-134.19317025263172,-1014.7739592472117,0.0,0.0,1.0,58.0
0.0,-178.01171224459586,-1032.3537042511018,0.0,0.0,1.0,58.0
0.0,-156.20482789093353,-1027.5024730164437,0.0,0.0,1.0,58.0
0.0,-160.51877621409471,-1004.7262934858609,0.0,0.0,1.0,58.0
0.0,-173.60328548431403,-1003.315220447817,0.0,0.0,1.0,58.0
0.0,-151.81330598807494,-989.9113847874194,0.0,0.0,1.0,58.0
0.0,-158.23259952419676,-1037.7593334769372,0.0,0.0,1.0,58.0
0.0,-177.81418705384567,-1004.8847951165492,0.0,0.0,1.0,58.0
0.0,-187.4023327064533,-998.0008160045943,0.0,0.0,1.0,58.0
0.0,-154.7317458644875,-1025.7628191542008,0.0,0.0,1.0,58.0
0.0,-135.75297327450335,-1001.7445473257424,0.0,0.0,1.0,58.0
0.0,-156.51912170278501,-984.2526304975104,0.0,0.0,1.0,58.0
0.0,-165.23991938318613,-1024.4745408379376,0.0,0.0,1.0,58.0
0.0,-145.69906123411124,-1005.3379480877991,0.0,0.0,1.0,58.0
0.0,-144.08860217606866,-1036.1419434893808,0.0,0.0,1.0,58.0
0.0,-146.63946083704604,-1051.9827788396767,0.0,0.0,1.0,58.0
0.0,-167.93375275939002,-1032.6330323965926,0.0,0.0,1.0,58.0
0.0,-147.3781018243526,-1043.3698132267036,0.0,0.0,1.0,58.0
0.0,-166.35338230704906,-1024.2782662237091,0.0,0.0,1.0,58.0
0.0,-239.195694939835,-1044.2806878560204,0.0,0.0,1.0,58.0
0.0,-177.87218060278542,-1035.3453245146743,0.0,0.0,1.0,58.0
0.0,-153.40222228202538,-1017.7844103940524,0.0,0.0,1.0,58.0
0.0,-163.785612606041,-1037.4007432151252,0.0,0.0,1.0,58.0
0.0,-163.44526102559485,-1042.295065776995,0.0,0.0,1.0,58.0
0.0,-237.29290130382947,-1016.8875442630485,0.0,0.0,1.0,58.0
0.0,-162.2769909775452,-984.7573862869599,0.0,0.0,1.0,58.0
0.0,-212.9455407602477,-952.1610108707459,0.0,0.0,1.0,58.0
0.0,-163.9245241039132,-942.2106793199418,0.0,0.0,1.0,58.0
0.0,-181.51598582825955,-935.0422253926947,0.0,0.0,1.0,58.0
0.0,-153.87717885265874,-966.8979211450803,0.0,0.0,1.0,58.0
0.0,-163.29331592531457,-941.5021596116878,0.0,0.0,1.0,58.0
0.0,-179.4490137397056,-952.7166198796167,0.0,0.0,1.0,58.0
0.0,-174.25451500346094,-968.8462967504349,0.0,0.0,1.0,58.0
0.0,-163.71498066606955,-951.1807634232925,0.0,0.0,1.0,58.0
0.0,-168.76211860683475,-967.0960915439618,0.0,0.0,1.0,58.0
0.0,-190.75866691168176,-950.4124121305306,0.0,0.0,1.0,58.0
0.0,-192.09217972476654,-967.1464915561187,0.0,0.0,1.0,58.0
0.0,-221.3958126404234,-989.2666715928476,0.0,0.0,1.0,58.0
0.0,-186.7219936403376,-969.4594219278781,0.0,0.0,1.0,58.0
0.0,-200.78979435229576,-956.296780875156,0.0,0.0,1.0,58.0
0.0,-159.8228463761743,-961.4498016167522,0.0,0.0,1.0,58.0
0.0,-137.4837444394393,-961.4480169448166,0.0,0.0,1.0,58.0
0.0,-176.56867306560207,-948.9543239103195,0.0,0.0,1.0,58.0
0.0,-204.2557685638444,-990.8760233509465,0.0,0.0,1.0,58.0
0.0,-177.68938376863503,-952.5281949226905,0.0,0.0,1.0,58.0
0.0,-178.64572611345852,-926.6896268838948,0.0,0.0,1.0,58.0
0.0,-179.36844579789295,-945.6033535486376,0.0,0.0,1.0,58.0
0.0,-171.00925150993635,-944.5754920538873,0.0,0.0,1.0,58.0
0.0,-202.7150859878734,-934.5171125193476,0.0,0.0,1.0,58.0
0.0,-167.83770873471622,-993.1078556107232,0.0,0.0,1.0,58.0
0.0,-159.44751361736235,-961.0238771796394,0.0,0.0,1.0,58.0
0.0,-146.2399520865356,-951.8520233499537,0.0,0.0,1.0,58.0
0.0,-172.6090155987058,-946.7710659762654,0.0,0.0,1.0,58.0
0.0,-179.14515394876753,-964.3147340424464,0.0,0.0,1.0,58.0
0.0,-153.95652400117183,-946.2812411641173,0.0,0.0,1.0,58.0
0.0,-207.22869476233745,-925.5357081542511,0.0,0.0,1.0,58.0
0.0,-159.7848714011318,-946.1381428726722,0.0,0.0,1.0,58.0
0.0,-215.22932548475865,-929.4308091640253,0.0,0.0,1.0,58.0
0.0,-189.68305803937437,-945.0141807829666,0.0,0.0,1.0,58.0
0.0,-204.02650045816904,-962.0846583228108,0.0,0.0,1.0,58.0
0.0,-213.31302640171384,-921.0316711146602,0.0,0.0,1.0,58.0
0.0,-220.33721952277983,-923.7407119461502,0.0,0.0,1.0,58.0
0.0,-210.67389994358882,-915.8381818825196,0.0,0.0,1.0,58.0
0.0,-187.0814952866533,-941.7197967648096,0.0,0.0,1.0,58.0
0.0,-220.83201939216315,-903.554972956854,0.0,0.0,1.0,58.0
0.0,-198.7023602088941,-968.1631107832973,0.0,0.0,1.0,58.0
0.0,-195.50602511677516,-929.1717614720615,0.0,0.0,1.0,58.0
0.0,-215.53414405406284,-907.1499232661049,0.0,0.0,1.0,58.0
0.0,-202.6786780922962,-922.840032510919,0.0,0.0,1.0,58.0
0.0,-198.09895934449037,-917.4258406100389,0.0,0.0,1.0,58.0
0.0,-210.5705463122306,-921.5591861744658,0.0,0.0,1.0,58.0
0.0,-222.54697023556992,-935.0114429111427,0.0,0.0,1.0,58.0
0.0,-195.09569133556192,-912.1307977716344,0.0,0.0,1.0,58.0
0.0,-212.83054521245845,-910.4505310464453,0.0,0.0,1.0,58.0
0.0,-217.72646983485538,-927.9717074336888,0.0,0.0,1.0,58.0
0.0,-195.5750635245156,-940.595622270913,0.0,0.0,1.0,58.0
0.0,-221.89322786036087,-911.0554376730944,0.0,0.0,1.0,58.0
0.0,-214.1884343357499,-921.9997317559119,0.0,0.0,1.0,58.0
0.0,-194.1387106390157,-909.8439782959515,0.0,0.0,1.0,58.0
0.0,-235.24125540995556,-907.8536857333961,0.0,0.0,1.0,58.0
0.0,-196.4060871767308,-912.2060989010237,0.0,0.0,1.0,58.0
0.0,-219.46082247818913,-911.889064508426,0.0,0.0,1.0,58.0
0.0,-205.44907772860756,-915.6382992302113,0.0,0.0,1.0,58.0
0.0,-296.2410143722791,-900.7816204824566,0.0,0.0,1.0,58.0
0.0,-250.99965930880012,-891.3764077083957,0.0,0.0,1.0,58.0
0.0,-274.5159569425814,-924.6439415476495,0.0,0.0,1.0,58.0
0.0,-291.75685513414965,-940.8040156625766,0.0,0.0,1.0,58.0
0.0,-255.30605681908264,-914.418131366731,0.0,0.0,1.0,58.0
0.0,-274.3186004249101,-924.8575643751078,0.0,0.0,1.0,58.0
0.0,-274.3669785624743,-931.060769187606,0.0,0.0,1.0,58.0
0.0,-231.93987165472254,-899.6855782675262,0.0,0.0,1.0,58.0
0.0,-266.30466319240963,-871.7164523382631,0.0,0.0,1.0,58.0
0.0,-287.3742025260067,-918.5953064042853,0.0,0.0,1.0,58.0
0.0,-237.05238071197869,-970.2986772516299,0.0,0.0,1.0,58.0
0.0,-267.77703894109754,-905.7407249155767,0.0,0.0,1.0,58.0
0.0,-257.05223825852454,-930.7476164144557,0.0,0.0,1.0,58.0
0.0,-281.8280691862228,-916.8570848753204,0.0,0.0,1.0,58.0
0.0,-242.90177808398403,-908.2262495104839,0.0,0.0,1.0,58.0
0.0,-281.1873796585296,-916.0605751701819,0.0,0.0,1.0,58.0
0.0,-256.40249792446775,-926.0802556245128,0.0,0.0,1.0,58.0
0.0,-287.08097010949973,-924.7369335595824,0.0,0.0,1.0,58.0
0.0,-266.1346961986078,-913.6622575766165,0.0,0.0,1.0,58.0
0.0,-261.25776205474654,-938.8779515989709,0.0,0.0,1.0,58.0
0.0,-270.2392212484465,-925.4205145918477,0.0,0.0,1.0,58.0
0.0,-254.55499972008897,-940.0548121123027,0.0,0.0,1.0,58.0
0.0,-277.15822811650787,-902.1260359580136,0.0,0.0,1.0,58.0
0.0,-272.2946436092989,-947.6404541699535,0.0,0.0,1.0,58.0
0.0,-243.22668732783495,-924.787129053602,0.0,0.0,1.0,58.0
0.0,-284.2750092523197,-927.1040044582824,0.0,0.0,1.0,58.0
0.0,-268.5040972579136,-912.0470636312824,0.0,0.0,1.0,58.0
0.0,-263.5638612886273,-937.4941972280988,0.0,0.0,1.0,58.0
0.0,-277.1691832363979,-937.4435700198524,0.0,0.0,1.0,58.0
0.0,-231.08773212959522,-914.0857132442857,0.0,0.0,1.0,58.0
0.0,-232.145203900134,-929.1306787761919,0.0,0.0,1.0,58.0
0.0,-289.1968637805794,-932.519464673205,0.0,0.0,1.0,58.0
0.0,-275.21810890447387,-942.8059571981019,0.0,0.0,1.0,58.0
0.0,-285.8058074037831,-933.6391574961353,0.0,0.0,1.0,58.0
0.0,-311.8539566451625,-953.230744085497,0.0,0.0,1.0,58.0
0.0,-303.6177279652802,-947.783126185866,0.0,0.0,1.0,58.0
0.0,-281.5281498962802,-963.1513008788054,0.0,0.0,1.0,58.0
0.0,-311.5656128332066,-1005.4894361097265,0.0,0.0,1.0,58.0
0.0,-318.07809740323614,-976.5669756889406,0.0,0.0,1.0,58.0
0.0,-281.74018385447584,-978.8947448301408,0.0,0.0,1.0,58.0
0.0,-326.008308033101,-945.1230953726224,0.0,0.0,1.0,58.0
0.0,-311.2286827151113,-941.5728104965722,0.0,0.0,1.0,58.0
0.0,-305.1706217134863,-978.8476302489416,0.0,0.0,1.0,58.0
0.0,-313.29660957651095,-976.5600861197718,0.0,0.0,1.0,58.0
0.0,-290.3781332443375,-942.5172193693795,0.0,0.0,1.0,58.0
0.0,-286.1157650283037,-973.1797754541096,0.0,0.0,1.0,58.0
0.0,-300.27971428063756,-964.9632516795539,0.0,0.0,1.0,58.0
0.0,-277.6282717348961,-978.5108016918666,0.0,0.0,1.0,58.0
0.0,-287.46682552338575,-1032.4880033242478,0.0,0.0,1.0,58.0
0.0,-306.7313502059553,-1030.4238175786388,0.0,0.0,1.0,58.0
0.0,-246.14864214378485,-1081.9568556922425,0.0,0.0,1.0,58.0
0.0,-270.8368417920449,-978.5908349375029,0.0,0.0,1.0,58.0
0.0,-289.71447885742236,-1017.6654222932214,0.0,0.0,1.0,58.0
0.0,-274.75909363596725,-1060.562506194922,0.0,0.0,1.0,58.0
0.0,-280.11743902368926,-1036.7509564653787,0.0,0.0,1.0,58.0
0.0,-277.9369696825679,-1029.544314513786,0.0,0.0,1.0,58.0
0.0,-270.2223827315597,-1005.1866604444117,0.0,0.0,1.0,58.0
0.0,-312.78952487473,-1051.8967429129282,0.0,0.0,1.0,58.0
0.0,-325.4076378233126,-1028.093418216116,0.0,0.0,1.0,58.0
0.0,-310.005304329537,-1049.4716564650769,0.0,0.0,1.0,58.0
0.0,-286.2331592966618,-1037.8888893085743,0.0,0.0,1.0,58.0
0.0,-300.9906333939741,-1022.8818046436363,0.0,0.0,1.0,58.0
0.0,-306.46985787905055,-1027.6461500209941,0.0,0.0,1.0,58.0
0.0,-324.4549461869087,-1016.1229355275516,0.0,0.0,1.0,58.0
0.0,-288.09973555392526,-963.0338381742608,0.0,0.0,1.0,58.0
0.0,-294.83106469135464,-1036.9919978588914,0.0,0.0,1.0,58.0
0.0,-319.6383648208084,-1024.84957240975,0.0,0.0,1.0,58.0
0.0,-328.2376954463642,-1022.3692313955039,0.0,0.0,1.0,58.0
0.0,-306.2388154112459,-1019.3180519662985,0.0,0.0,1.0,58.0
0.0,-266.81984056455576,-1043.9114800180237,0.0,0.0,1.0,58.0
0.0,-282.1392850595839,-1042.6966980455984,0.0,0.0,1.0,58.0
0.0,-263.5234083956134,-1061.4611977468917,0.0,0.0,1.0,58.0
0.0,-270.5125693172711,-1035.1272400995217,0.0,0.0,1.0,58.0
0.0,-300.4856076023964,-1058.2611894565823,0.0,0.0,1.0,58.0
0.0,-312.92911887134915,-1013.54210120879,0.0,0.0,1.0,58.0
0.0,-289.51939197420984,-1001.0386146378214,0.0,0.0,1.0,58.0
0.0,-274.772773435388,-1027.9690069904486,0.0,0.0,1.0,58.0
0.0,-259.1144605737006,-1084.1201656133903,0.0,0.0,1.0,58.0
0.0,-254.48036437036285,-1053.8175025851465,0.0,0.0,1.0,58.0
0.0,-271.2929717816937,-1047.4523792106447,0.0,0.0,1.0,58.0
0.0,-259.18190996611565,-1065.413350188071,0.0,0.0,1.0,58.0
0.0,-280.2894015860161,-1058.6859281986149,0.0,0.0,1.0,58.0
0.0,-253.8718771499539,-1041.5488347212602,0.0,0.0,1.0,58.0
0.0,-261.98256701164564,-1044.422760420278,0.0,0.0,1.0,58.0
0.0,-259.2482386812658,-1058.8482511156672,0.0,0.0,1.0,58.0
0.0,-250.10441354027898,-1076.7236715433523,0.0,0.0,1.0,58.0
0.0,-219.06626895357476,-1013.9584785540385,0.0,0.0,1.0,58.0
0.0,-295.5450890203608,-1050.9367846721277,0.0,0.0,1.0,58.0
0.0,-255.37748220856088,-1081.6213884282968,0.0,0.0,1.0,58.0
0.0,-260.11232683636126,-1063.6266791475934,0.0,0.0,1.0,58.0
0.0,-272.76533010580124,-1078.584350228814,0.0,0.0,1.0,58.0
0.0,-264.7094326375093,-1052.0327019557428,0.0,0.0,1.0,58.0
0.0,-254.23695195627897,-1096.7105318763258,0.0,0.0,1.0,58.0
0.0,-253.9152911425897,-1081.9816119737748,0.0,0.0,1.0,58.0
0.0,-271.9086391568612,-1071.7088412882379,0.0,0.0,1.0,58.0
0.0,-269.7910135380689,-1060.4939140932108,0.0,0.0,1.0,58.0
0.0,-280.0047421521833,-1069.6756797516696,0.0,0.0,1.0,58.0
0.0,-260.0477624818893,-1064.3059624303166,0.0,0.0,1.0,58.0
0.0,-267.7232277251451,-1054.1829205731033,0.0,0.0,1.0,58.0
0.0,-299.82671655561126,-999.9336606082227,0.0,0.0,1.0,58.0
0.0,-252.70368240589823,-1049.9535957059807,0.0,0.0,1.0,58.0
0.0,-276.49601971592824,-1044.5329544776434,0.0,0.0,1.0,58.0
0.0,-252.90462145266338,-1069.2548824390815,0.0,0.0,1.0,58.0
0.0,-283.5443755499714,-1099.6315775659803,0.0,0.0,1.0,58.0
0.0,-256.1621709649269,-1056.283575152198,0.0,0.0,1.0,58.0
0.0,-271.8308828372733,-1065.4558331458584,0.0,0.0,1.0,58.0
0.0,-276.09746738131685,-1046.1683037316943,0.0,0.0,1.0,58.0
0.0,-235.19234285032644,-1016.0702502379356,0.0,0.0,1.0,58.0
0.0,-259.7965277717849,-1074.1792982553409,0.0,0.0,1.0,58.0
0.0,-39.96408872059965,-1032.2207736720375,0.0,0.0,1.0,59.0
0.0,-61.128682462659754,-1056.2900949561224,0.0,0.0,1.0,59.0
0.0,-18.0097176985621,-1063.3810094755074,0.0,0.0,1.0,59.0
0.0,-50.104909402913336,-1055.9918897462023,0.0,0.0,1.0,59.0
0.0,-12.035350809100464,-1040.2498783862407,0.0,0.0,1.0,59.0
0.0,26.812644184664123,-1058.2879097693365,0.0,0.0,1.0,59.0
0.0,-37.076508533808465,-1078.4415552951723,0.0,0.0,1.0,59.0
0.0,-13.86980892660199,-1059.1333424609645,0.0,0.0,1.0,59.0
0.0,-21.764029090066288,-1045.105639520219,0.0,0.0,1.0,59.0
0.0,-23.446993330475152,-1079.8073143434033,0.0,0.0,1.0,59.0
0.0,-16.574695460050634,-1042.6349611403784,0.0,0.0,1.0,59.0
0.0,-32.2892445674313,-1058.099135593171,0.0,0.0,1.0,59.0
0.0,-21.729308699638523,-1066.567027120143,0.0,0.0,1.0,59.0
0.0,-7.995964587712706,-1053.5207881567133,0.0,0.0,1.0,59.0
0.0,-32.524982506844026,-1045.2843153026547,0.0,0.0,1.0,59.0
0.0,-55.58120361294459,-1064.56119242276,0.0,0.0,1.0,59.0
0.0,-8.258302852062798,-1057.0060542675633,0.0,0.0,1.0,59.0
0.0,-10.888726878045418,-1030.1043953428477,0.0,0.0,1.0,59.0
0.0,1.3321608183725857,-1046.6822278338395,0.0,0.0,1.0,59.0
0.0,1.9142600152931664,-1004.0090980989,0.0,0.0,1.0,59.0
0.0,-17.979083391457834,-1048.8595030268484,0.0,0.0,1.0,59.0
0.0,11.233303177630205,-1082.6046030084065,0.0,0.0,1.0,59.0
0.0,-27.003520319585505,-1069.5167697747784,0.0,0.0,1.0,59.0
0.0,-37.69406485397417,-1040.1179552951173,0.0,0.0,1.0,59.0
0.0,-29.59712030988362,-1060.0592705213132,0.0,0.0,1.0,59.0
0.0,-4.668265822929243,-1053.2612725064473,0.0,0.0,1.0,59.0
0.0,-9.865399466547387,-1056.6985742552813,0.0,0.0,1.0,59.0
0.0,-46.51762398514552,-1050.993777710334,0.0,0.0,1.0,59.0
0.0,54.96385977200521,-1024.2024562145202,0.0,0.0,1.0,59.0
0.0,49.26029821136058,-1060.381567706622,0.0,0.0,1.0,59.0
0.0,6.21819331132383,-1003.9207040061281,0.0,0.0,1.0,59.0
0.0,26.365545383308472,-1050.8732926481653,0.0,0.0,1.0,59.0
0.0,9.549139859007255,-1023.6289453732959,0.0,0.0,1.0,59.0
0.0,15.66482125668449,-1028.0296712465451,0.0,0.0,1.0,59.0
0.0,13.973358544564462,-981.1549691893806,0.0,0.0,1.0,59.0
0.0,25.35839161794115,-1024.26008997116,0.0,0.0,1.0,59.0
0.0,-35.50979472917902,-1043.3630808461514,0.0,0.0,1.0,59.0
0.0,38.49956631994246,-1030.6126942331116,0.0,0.0,1.0,59.0
0.0,33.76273547101073,-1053.7984812930508,0.0,0.0,1.0,59.0
0.0,17.15917451532846,-1022.0100175952894,0.0,0.0,1.0,59.0
0.0,34.94202138782089,-1035.4467000307022,0.0,0.0,1.0,59.0
0.0,2.532887076808038,-1091.5802993380344,0.0,0.0,1.0,59.0
0.0,48.255737415534895,-1036.9505066077618,0.0,0.0,1.0,59.0
0.0,14.662751313477884,-1056.894372900984,0.0,0.0,1.0,59.0
0.0,38.9943374763684,-1036.1103436797873,0.0,0.0,1.0,59.0
0.0,19.966128688292883,-1044.625544753028,0.0,0.0,1.0,59.0
0.0,41.89853763034375,-1038.2254998035448,0.0,0.0,1.0,59.0
0.0,13.819997596036728,-1081.862926757058,0.0,0.0,1.0,59.0
0.0,50.72845684441381,-1025.0299033614062,0.0,0.0,1.0,59.0
0.0,38.59380903542615,-977.6047951664477,0.0,0.0,1.0,59.0
0.0,39.2611711941895,-1035.7454327441048,0.0,0.0,1.0,59.0
0.0,65.24428334172421,-970.3708542525267,0.0,0.0,1.0,59.0
0.0,42.03227952310567,-981.9560198058925,0.0,0.0,1.0,59.0
0.0,54.20219217171416,-1002.7808188781016,0.0,0.0,1.0,59.0
0.0,89.36734780024858,-988.5758533038224,0.0,0.0,1.0,59.0
0.0,82.64535809337758,-1015.153862190004,0.0,0.0,1.0,59.0
0.0,21.19940512669973,-1020.4451504263191,0.0,0.0,1.0,59.0
0.0,28.989401007302376,-978.135352959858,0.0,0.0,1.0,59.0
0.0,23.637206735822474,-988.4216342129828,0.0,0.0,1.0,59.0
0.0,-3.4305907557754836,-1019.8556443324626,0.0,0.0,1.0,59.0
0.0,45.387592561726024,-994.8674583358793,0.0,0.0,1.0,59.0
0.0,65.8025966293751,-984.4184199776357,0.0,0.0,1.0,59.0
0.0,65.92527132856321,-1002.9272276965567,0.0,0.0,1.0,59.0
0.0,68.38570331697883,-983.46748585149,0.0,0.0,1.0,59.0
0.0,62.29323918885393,-995.2122482736027,0.0,0.0,1.0,59.0
0.0,72.28730923094531,-995.1441666924588,0.0,0.0,1.0,59.0
0.0,51.96555477921925,-976.8751547301383,0.0,0.0,1.0,59.0
0.0,69.28779378246168,-991.1455647821117,0.0,0.0,1.0,59.0
0.0,69.07001704813024,-1015.6447125829932,0.0,0.0,1.0,59.0
0.0,51.64826487271171,-969.991978041139,0.0,0.0,1.0,59.0
0.0,46.89242353271834,-959.481751026944,0.0,0.0,1.0,59.0
0.0,52.70316876505194,-999.9027569930895,0.0,0.0,1.0,59.0
0.0,34.275694681884715,-979.2115243513274,0.0,0.0,1.0,59.0
0.0,41.465610254866306,-982.8341095048734,0.0,0.0,1.0,59.0
0.0,51.661336541869105,-1011.4447439013572,0.0,0.0,1.0,59.0
0.0,38.375335696990305,-988.3158217486102,0.0,0.0,1.0,59.0
0.0,76.75430058037068,-1003.5594294416987,0.0,0.0,1.0,59.0
0.0,67.28118289988151,-1012.8107265744952,0.0,0.0,1.0,59.0
0.0,83.59097126341817,-995.6778008979204,0.0,0.0,1.0,59.0
0.0,66.31502890794263,-988.2218780072405,0.0,0.0,1.0,59.0
0.0,-22.849803236608068,-974.7793283341912,0.0,0.0,1.0,59.0
0.0,54.84984901798771,-940.0614086353298,0.0,0.0,1.0,59.0
0.0,66.84830464212268,-981.6992317086256,0.0,0.0,1.0,59.0
0.0,62.549463378781866,-994.245050597686,0.0,0.0,1.0,59.0
0.0,76.5928242077639,-998.0182990326905,0.0,0.0,1.0,59.0
0.0,47.883929722403764,-988.4687832009058,0.0,0.0,1.0,59.0
0.0,60.81153608246905,-994.1545951874675,0.0,0.0,1.0,59.0
0.0,60.79664917458649,-984.1575251961976,0.0,0.0,1.0,59.0
0.0,64.5767941476472,-1002.7004601861588,0.0,0.0,1.0,59.0
0.0,38.41005319970509,-938.8749951008276,0.0,0.0,1.0,59.0
0.0,23.052225013703037,-921.1540722295897,0.0,0.0,1.0,59.0
0.0,29.683299256440478,-937.7224342023005,0.0,0.0,1.0,59.0
0.0,51.987659089362296,-925.8517257338428,0.0,0.0,1.0,59.0
0.0,36.35209435252477,-909.3345689848721,0.0,0.0,1.0,59.0
0.0,24.16219716198907,-920.3681720468114,0.0,0.0,1.0,59.0
0.0,43.36933685601616,-945.541615972905,0.0,0.0,1.0,59.0
0.0,33.34879126714645,-958.8648136381091,0.0,0.0,1.0,59.0
0.0,39.356540209198556,-941.9961611771664,0.0,0.0,1.0,59.0
0.0,33.02608528896758,-932.9811463669155,0.0,0.0,1.0,59.0
0.0,19.265141594694114,-950.2270967537577,0.0,0.0,1.0,59.0
0.0,12.512606236022293,-951.9097763406185,0.0,0.0,1.0,59.0
0.0,23.663241661013217,-937.9575503499002,0.0,0.0,1.0,59.0
0.0,72.43029950888695,-942.9325422538398,0.0,0.0,1.0,59.0
0.0,2.4331974831998195,-925.9788825981923,0.0,0.0,1.0,59.0
0.0,37.113296063406324,-949.1325632355295,0.0,0.0,1.0,59.0
0.0,-15.774745817164558,-921.6764118819074,0.0,0.0,1.0,59.0
0.0,28.479854801884585,-921.0043739382329,0.0,0.0,1.0,59.0
0.0,71.86486485484829,-967.955071540244,0.0,0.0,1.0,59.0
0.0,42.06579231491423,-959.4383433254388,0.0,0.0,1.0,59.0
0.0,35.83498141734708,-929.894181052292,0.0,0.0,1.0,59.0
0.0,37.60971813716856,-928.2622652689615,0.0,0.0,1.0,59.0
0.0,32.41643596111999,-933.2402823301113,0.0,0.0,1.0,59.0
0.0,43.76782892987626,-929.693822277711,0.0,0.0,1.0,59.0
0.0,56.31188925599099,-944.4750926603863,0.0,0.0,1.0,59.0
0.0,37.22559000239926,-924.9753486239099,0.0,0.0,1.0,59.0
0.0,33.81944683737697,-968.4333529493899,0.0,0.0,1.0,59.0
0.0,43.00674123054296,-927.9647107094754,0.0,0.0,1.0,59.0
0.0,46.704652790621594,-933.2335346429793,0.0,0.0,1.0,59.0
0.0,36.55615984037877,-955.4855342455944,0.0,0.0,1.0,59.0
0.0,25.690985720304752,-936.3512962965829,0.0,0.0,1.0,59.0
0.0,7.507686823831136,-921.4411300628506,0.0,0.0,1.0,59.0
0.0,46.518384554042086,-926.1593704071263,0.0,0.0,1.0,59.0
0.0,50.32635822326688,-933.2876384507997,0.0,0.0,1.0,59.0
0.0,1.098183419136376,-913.753436323724,0.0,0.0,1.0,59.0
0.0,44.475085233055324,-950.0978581420945,0.0,0.0,1.0,59.0
0.0,23.54953272228545,-944.8987380034162,0.0,0.0,1.0,59.0
0.0,-27.21044867305477,-903.6306559388763,0.0,0.0,1.0,59.0
0.0,-17.13287505651806,-909.3089054932765,0.0,0.0,1.0,59.0
0.0,-25.83442185512604,-906.1810410411632,0.0,0.0,1.0,59.0
0.0,-52.35001429202612,-942.6386142036124,0.0,0.0,1.0,59.0
0.0,-76.03706299386931,-907.5296620673507,0.0,0.0,1.0,59.0
0.0,-47.2467336907514,-900.1544607841266,0.0,0.0,1.0,59.0
0.0,-37.08063142072638,-920.341870878998,0.0,0.0,1.0,59.0
0.0,-18.096598414950904,-882.9779161009953,0.0,0.0,1.0,59.0
0.0,-2.5522008692369127,-892.1010657264535,0.0,0.0,1.0,59.0
0.0,-17.77337849254218,-932.6304919954382,0.0,0.0,1.0,59.0
0.0,-60.671127617945785,-923.7182605793298,0.0,0.0,1.0,59.0
0.0,22.340509944390078,-976.2269366161174,0.0,0.0,1.0,59.0
0.0,-10.018302729258039,-917.9809665836551,0.0,0.0,1.0,59.0
0.0,-13.491450166345658,-885.2245454176526,0.0,0.0,1.0,59.0
0.0,-43.92549489619432,-968.379819439062,0.0,0.0,1.0,59.0
0.0,-19.1067172312587,-897.4696276286033,0.0,0.0,1.0,59.0
0.0,-10.695935689057478,-905.604460530361,0.0,0.0,1.0,59.0
0.0,-20.38528257496,-897.9813073383789,0.0,0.0,1.0,59.0
0.0,-55.808753564683684,-909.9725830084592,0.0,0.0,1.0,59.0
0.0,-11.699523792245827,-907.1657136045883,0.0,0.0,1.0,59.0
0.0,-20.658788561355323,-910.993288958827,0.0,0.0,1.0,59.0
0.0,-14.026761081316181,-911.3759611278417,0.0,0.0,1.0,59.0
0.0,-26.403487144785004,-923.7754799462205,0.0,0.0,1.0,59.0
0.0,-0.8631556402103797,-889.686854220744,0.0,0.0,1.0,59.0
0.0,-25.37297494325412,-902.589560123191,0.0,0.0,1.0,59.0
0.0,-7.999240235559228,-912.1727169984788,0.0,0.0,1.0,59.0
0.0,-54.594454694562955,-947.1908171648383,0.0,0.0,1.0,59.0
0.0,-4.584602173513758,-893.8774634669992,0.0,0.0,1.0,59.0
0.0,-11.799082345016132,-901.2409513335372,0.0,0.0,1.0,59.0
0.0,-18.916522416376665,-899.2014149857528,0.0,0.0,1.0,59.0
0.0,-26.006259716788236,-897.1344699376976,0.0,0.0,1.0,59.0
0.0,-75.13348766659578,-916.2654554781734,0.0,0.0,1.0,59.0
0.0,-74.17277192021561,-925.6234394685714,0.0,0.0,1.0,59.0
0.0,-33.55430980987944,-974.0131319220047,0.0,0.0,1.0,59.0
0.0,-72.81097162050469,-918.0687142645072,0.0,0.0,1.0,59.0
0.0,-74.6230499786941,-932.4020959411348,0.0,0.0,1.0,59.0
0.0,-66.0886988927416,-906.3046937324946,0.0,0.0,1.0,59.0
0.0,-73.69291020284527,-926.7603731377178,0.0,0.0,1.0,59.0
0.0,-89.46902741401641,-931.2818517884969,0.0,0.0,1.0,59.0
0.0,-68.51676864463116,-937.6064105643807,0.0,0.0,1.0,59.0
0.0,-81.53019266494198,-945.411251615925,0.0,0.0,1.0,59.0
0.0,-83.44638584926452,-938.5051100911717,0.0,0.0,1.0,59.0
0.0,-64.95839682299584,-933.2381014204002,0.0,0.0,1.0,59.0
0.0,-77.29267827112426,-912.1285502089985,0.0,0.0,1.0,59.0
0.0,-88.06600694840108,-922.919587563204,0.0,0.0,1.0,59.0
0.0,-47.93781232942183,-933.5963406821031,0.0,0.0,1.0,59.0
0.0,-62.94170809892239,-915.0030588136431,0.0,0.0,1.0,59.0
0.0,-67.81252860576365,-936.2012226355741,0.0,0.0,1.0,59.0
0.0,-82.01609770288655,-961.6110126414287,0.0,0.0,1.0,59.0
0.0,-54.02420460485632,-928.084985767834,0.0,0.0,1.0,59.0
0.0,-56.11242518389463,-950.6431545836128,0.0,0.0,1.0,59.0
0.0,-89.57097407391734,-938.1214794857019,0.0,0.0,1.0,59.0
0.0,-64.3910656263954,-925.2766912605628,0.0,0.0,1.0,59.0
0.0,-76.18391178758907,-944.3534699118104,0.0,0.0,1.0,59.0
0.0,-63.52494631462764,-916.8321501017897,0.0,0.0,1.0,59.0
0.0,-72.67606473363071,-946.6429271848035,0.0,0.0,1.0,59.0
0.0,-99.82142566762218,-958.8830096853924,0.0,0.0,1.0,59.0
0.0,-87.90171911710763,-901.7187094326321,0.0,0.0,1.0,59.0
0.0,-24.247744858329952,-934.2580541867649,0.0,0.0,1.0,59.0
0.0,-72.72548882643332,-918.0272767927754,0.0,0.0,1.0,59.0
0.0,-68.96903562741659,-944.2168027591254,0.0,0.0,1.0,59.0
0.0,-56.41267827759839,-934.8401051912319,0.0,0.0,1.0,59.0
0.0,-20.17854158115756,-923.342350039879,0.0,0.0,1.0,59.0
0.0,-82.9150817796417,-934.1898611242598,0.0,0.0,1.0,59.0
0.0,-78.20667390268909,-925.7345998607043,0.0,0.0,1.0,59.0
0.0,-64.94250720340301,-910.9637840931244,0.0,0.0,1.0,59.0
0.0,-62.0236836300453,-920.0740944174188,0.0,0.0,1.0,59.0
0.0,-91.63893385127903,-935.7814227476883,0.0,0.0,1.0,59.0
0.0,-93.62993804223152,-973.8105941239546,0.0,0.0,1.0,59.0
0.0,-90.49367754771538,-971.7755094398806,0.0,0.0,1.0,59.0
0.0,-72.98956290982755,-1038.9735234327406,0.0,0.0,1.0,59.0
0.0,-96.84608122278246,-968.7898785324992,0.0,0.0,1.0,59.0
0.0,-100.81101554540328,-969.3618525860131,0.0,0.0,1.0,59.0
0.0,-86.33694612202908,-975.866174239419,0.0,0.0,1.0,59.0
0.0,-99.51772680528825,-967.5427464301854,0.0,0.0,1.0,59.0
0.0,-125.63307935002126,-972.3665741095549,0.0,0.0,1.0,59.0
0.0,-125.7286364021968,-974.8629057429989,0.0,0.0,1.0,59.0
0.0,-85.6379145548251,-991.3520593771764,0.0,0.0,1.0,59.0
0.0,-105.13851481762867,-986.0131124886536,0.0,0.0,1.0,59.0
0.0,-108.84574498096231,-987.0003881069558,0.0,0.0,1.0,59.0
0.0,-52.713999928068915,-972.1573349960865,0.0,0.0,1.0,59.0
0.0,-71.85463615845151,-969.4737846971402,0.0,0.0,1.0,59.0
0.0,-99.17980361372724,-963.3502215553503,0.0,0.0,1.0,59.0
0.0,-83.46469234433243,-981.5526079566691,0.0,0.0,1.0,59.0
0.0,-90.65632114434152,-999.5887848661039,0.0,0.0,1.0,59.0
0.0,-89.30205687102489,-990.8594025029449,0.0,0.0,1.0,59.0
0.0,-90.00446999132487,-964.6947772623582,0.0,0.0,1.0,59.0
0.0,-75.84313223580966,-963.5385032656318,0.0,0.0,1.0,59.0
0.0,-102.31946759225116,-978.6421138927578,0.0,0.0,1.0,59.0
0.0,-109.48832844921071,-977.9365810336767,0.0,0.0,1.0,59.0
0.0,-81.96120087787517,-964.0779105673168,0.0,0.0,1.0,59.0
0.0,-107.43940846437158,-935.5469980176249,0.0,0.0,1.0,59.0
0.0,-111.48103390975484,-969.4588472688633,0.0,0.0,1.0,59.0
0.0,-94.3770460005062,-1009.0072275871726,0.0,0.0,1.0,59.0
0.0,-57.307830360016396,-993.4410824699266,0.0,0.0,1.0,59.0
0.0,-83.29053086393151,-1028.7455091847592,0.0,0.0,1.0,59.0
0.0,-119.88553581531869,-979.1638740655019,0.0,0.0,1.0,59.0
0.0,-104.09937355071702,-981.7356036542403,0.0,0.0,1.0,59.0
0.0,-88.04810011272639,-1023.7705866742854,0.0,0.0,1.0,59.0
0.0,-83.44004253761841,-1059.2950475119574,0.0,0.0,1.0,59.0
0.0,-62.89158906681337,-999.5772922072963,0.0,0.0,1.0,59.0
0.0,-47.14243666612583,-1037.639090035956,0.0,0.0,1.0,59.0
0.0,-77.54400689934528,-1040.1248436422816,0.0,0.0,1.0,59.0
0.0,-79.91660510855763,-1037.4724177856485,0.0,0.0,1.0,59.0
0.0,-17.478188917226134,-1040.8544438953857,0.0,0.0,1.0,59.0
0.0,-64.44501713302861,-1034.6621830007027,0.0,0.0,1.0,59.0
0.0,-58.281714782374365,-1044.30051950104,0.0,0.0,1.0,59.0
0.0,-94.54119550176438,-1031.9276811365949,0.0,0.0,1.0,59.0
0.0,-80.01645528757194,-1047.162123643767,0.0,0.0,1.0,59.0
0.0,-66.69411907221183,-1031.1469213199503,0.0,0.0,1.0,59.0
0.0,-74.23554674366846,-1034.8067113091747,0.0,0.0,1.0,59.0
0.0,-97.7728459731511,-1020.1639632326335,0.0,0.0,1.0,59.0
0.0,-74.98588174053657,-1000.4689526561635,0.0,0.0,1.0,59.0
0.0,-100.86103899176328,-1019.514345233219,0.0,0.0,1.0,59.0
0.0,-46.38702115793467,-1063.8351618489473,0.0,0.0,1.0,59.0
0.0,-76.12047093007277,-1031.3728239621298,0.0,0.0,1.0,59.0
0.0,-59.700746128741685,-1013.6921166833761,0.0,0.0,1.0,59.0
0.0,175.6355521035698,-961.3590029414363,0.0,0.0,1.0,60.0
0.0,117.72734935617541,-957.5942395207358,0.0,0.0,1.0,60.0
0.0,135.99777077101498,-956.267866046009,0.0,0.0,1.0,60.0
0.0,136.56141174287882,-977.6312817499781,0.0,0.0,1.0,60.0
0.0,135.4463039312177,-966.6317012717825,0.0,0.0,1.0,60.0
0.0,142.30074452330064,-955.168962580183,0.0,0.0,1.0,60.0
0.0,115.94394194246934,-956.4798965954865,0.0,0.0,1.0,60.0
0.0,115.51674458380535,-937.9624282949451,0.0,0.0,1.0,60.0
0.0,131.8730689047502,-922.9140079039039,0.0,0.0,1.0,60.0
0.0,122.92315523450452,-933.1038911990424,0.0,0.0,1.0,60.0
0.0,108.45680154662705,-914.4895423937668,0.0,0.0,1.0,60.0
0.0,125.96518009207557,-930.0144983088858,0.0,0.0,1.0,60.0
0.0,117.76985992406071,-946.7797443547356,0.0,0.0,1.0,60.0
0.0,104.07837366464582,-922.1262025816591,0.0,0.0,1.0,60.0
0.0,116.31092105850689,-918.3052977345635,0.0,0.0,1.0,60.0
0.0,147.88645970723132,-902.8977778876281,0.0,0.0,1.0,60.0
0.0,98.02092533581731,-953.7583949306279,0.0,0.0,1.0,60.0
0.0,112.72848374154682,-949.8061168822724,0.0,0.0,1.0,60.0
0.0,107.89377193174391,-954.9887692739339,0.0,0.0,1.0,60.0
0.0,137.4437416287551,-940.7537299079574,0.0,0.0,1.0,60.0
0.0,108.99295202887515,-935.2499382183439,0.0,0.0,1.0,60.0
0.0,107.27132913570199,-945.5196142466809,0.0,0.0,1.0,60.0
0.0,115.757428418897,-928.3966684728478,0.0,0.0,1.0,60.0
0.0,98.67287912658912,-932.0958289292325,0.0,0.0,1.0,60.0
0.0,110.58263934701131,-939.4236784251698,0.0,0.0,1.0,60.0
0.0,115.9842369970911,-942.7631390168829,0.0,0.0,1.0,60.0
0.0,123.551326023392,-988.612969930022,0.0,0.0,1.0,60.0
0.0,98.66449243729676,-933.2623585567378,0.0,0.0,1.0,60.0
0.0,105.82686334371078,-894.33448802668,0.0,0.0,1.0,60.0
0.0,106.16862960265757,-925.6239089226781,0.0,0.0,1.0,60.0
0.0,116.98829135582423,-953.3638693318564,0.0,0.0,1.0,60.0
0.0,144.11790416965482,-952.70723596738,0.0,0.0,1.0,60.0
0.0,108.74951699641542,-923.9994318288338,0.0,0.0,1.0,60.0
0.0,139.9208300169298,-901.9548837099541,0.0,0.0,1.0,60.0
0.0,88.12910344707166,-947.539175003631,0.0,0.0,1.0,60.0
0.0,121.32731497051896,-951.1297079804897,0.0,0.0,1.0,60.0
0.0,111.42675071967369,-945.428901023367,0.0,0.0,1.0,60.0
0.0,105.14564554274693,-956.7661333082935,0.0,0.0,1.0,60.0
0.0,104.76826529398068,-928.0316628618407,0.0,0.0,1.0,60.0
0.0,174.51608914743065,-987.6401451203674,0.0,0.0,1.0,60.0
0.0,155.86664884448896,-983.0767979912027,0.0,0.0,1.0,60.0
0.0,137.59849363848343,-1008.9645387924859,0.0,0.0,1.0,60.0
0.0,114.97521797921445,-962.8076321283463,0.0,0.0,1.0,60.0
0.0,154.65251553250505,-966.6781674923577,0.0,0.0,1.0,60.0
0.0,132.77852622713363,-980.4202359843475,0.0,0.0,1.0,60.0
0.0,116.80370081219007,-989.8024291884205,0.0,0.0,1.0,60.0
0.0,121.70585921095608,-982.5841383167906,0.0,0.0,1.0,60.0
0.0,158.95948770469613,-992.5977253816066,0.0,0.0,1.0,60.0
0.0,123.55404183171731,-999.6045306774656,0.0,0.0,1.0,60.0
0.0,151.98572228067496,-990.6755626130396,0.0,0.0,1.0,60.0
0.0,128.51858465627902,-999.845253720054,0.0,0.0,1.0,60.0
0.0,120.01235589968246,-995.5413697490762,0.0,0.0,1.0,60.0
0.0,120.892585427114,-988.9132142886533,0.0,0.0,1.0,60.0
0.0,176.32525226347184,-993.5997129236152,0.0,0.0,1.0,60.0
0.0,122.1449619834134,-1000.6420655026168,0.0,0.0,1.0,60.0
0.0,146.67481090702063,-991.8887943452091,0.0,0.0,1.0,60.0
0.0,134.23745158683369,-984.8869073111,0.0,0.0,1.0,60.0
0.0,125.52413649440064,-1014.4663573547712,0.0,0.0,1.0,60.0
0.0,134.9411471498172,-984.4287605736679,0.0,0.0,1.0,60.0
0.0,143.66540546374745,-997.383380597928,0.0,0.0,1.0,60.0
0.0,119.6722854824302,-984.3336513675156,0.0,0.0,1.0,60.0
0.0,139.6223613265813,-1000.6576381327543,0.0,0.0,1.0,60.0
0.0,141.56352579544773,-980.9476027550354,0.0,0.0,1.0,60.0
0.0,127.18064304516383,-998.7238763766661,0.0,0.0,1.0,60.0
0.0,154.38784068492942,-1001.3545167037607,0.0,0.0,1.0,60.0
0.0,188.50717015947953,-1002.5466494705786,0.0,0.0,1.0,60.0
0.0,158.72105806902118,-1009.2975675633145,0.0,0.0,1.0,60.0
0.0,151.7206217009059,-1007.2636640033297,0.0,0.0,1.0,60.0
0.0,172.98386394003933,-993.2367448398577,0.0,0.0,1.0,60.0
0.0,199.94981066087962,-977.2679329091063,0.0,0.0,1.0,60.0
0.0,177.980472809684,-1001.0934005434744,0.0,0.0,1.0,60.0
0.0,195.52146798129525,-1008.8990688605304,0.0,0.0,1.0,60.0
0.0,169.86410734355127,-990.9135214157707,0.0,0.0,1.0,60.0
0.0,175.01489903063475,-1022.2751920880041,0.0,0.0,1.0,60.0
0.0,183.2588410051053,-996.9332409194747,0.0,0.0,1.0,60.0
0.0,183.02813321774488,-1009.7165664756951,0.0,0.0,1.0,60.0
0.0,169.82239256906973,-993.9706853588198,0.0,0.0,1.0,60.0
0.0,178.29332145581702,-991.7441829947381,0.0,0.0,1.0,60.0
0.0,183.87825188238025,-1012.7120360476677,0.0,0.0,1.0,60.0
0.0,160.4261472745127,-972.2241844161579,0.0,0.0,1.0,60.0
0.0,146.90922253457484,-1028.7967029091185,0.0,0.0,1.0,60.0
0.0,182.3755277522837,-980.1848032575997,0.0,0.0,1.0,60.0
0.0,178.75801972183763,-992.8164970911946,0.0,0.0,1.0,60.0
0.0,179.88517470953525,-1008.5723483057161,0.0,0.0,1.0,60.0
0.0,219.25845648213362,-1000.2600691827608,0.0,0.0,1.0,60.0
0.0,179.66819906524938,-1025.6949387279692,0.0,0.0,1.0,60.0
0.0,176.3394607664593,-1007.3770518844879,0.0,0.0,1.0,60.0
0.0,186.67168513307934,-1021.1600303725606,0.0,0.0,1.0,60.0
0.0,194.40493346905396,-1006.0080832805779,0.0,0.0,1.0,60.0
0.0,201.69115954471067,-997.6104738369797,0.0,0.0,1.0,60.0
0.0,246.64214920660424,-993.0554840931093,0.0,0.0,1.0,60.0
0.0,229.23427559334232,-983.6903643527792,0.0,0.0,1.0,60.0
0.0,254.25063469033876,-980.6600398130474,0.0,0.0,1.0,60.0
0.0,216.74633958757363,-979.2248150693597,0.0,0.0,1.0,60.0
0.0,225.81709807261564,-981.9254019226587,0.0,0.0,1.0,60.0
0.0,220.4906145116488,-972.1619072503636,0.0,0.0,1.0,60.0
0.0,251.81549900000982,-974.6738884247366,0.0,0.0,1.0,60.0
0.0,210.6590441632718,-997.8957303909913,0.0,0.0,1.0,60.0
0.0,218.05444739263794,-958.9363637293138,0.0,0.0,1.0,60.0
0.0,225.0753886749692,-998.3238939774753,0.0,0.0,1.0,60.0
0.0,243.88214049705493,-989.9236074391272,0.0,0.0,1.0,60.0
0.0,235.589940155337,-985.7207470812025,0.0,0.0,1.0,60.0
0.0,208.86920214813222,-924.756966208625,0.0,0.0,1.0,60.0
0.0,229.51073963867975,-991.5833711744492,0.0,0.0,1.0,60.0
0.0,225.0389389358122,-1014.7847012978832,0.0,0.0,1.0,60.0
0.0,231.2751441602618,-961.4078465374846,0.0,0.0,1.0,60.0
0.0,288.3181735257647,-949.1110047762422,0.0,0.0,1.0,60.0
0.0,268.6440604254758,-946.1316554132234,0.0,0.0,1.0,60.0
0.0,249.1747488283113,-979.4978417591326,0.0,0.0,1.0,60.0
0.0,243.1820231584693,-948.0726077680315,0.0,0.0,1.0,60.0
0.0,231.94496044973744,-988.2307151326729,0.0,0.0,1.0,60.0
0.0,239.6667120204561,-957.4673922106535,0.0,0.0,1.0,60.0
0.0,218.43647776176135,-901.398855485641,0.0,0.0,1.0,60.0
0.0,254.5601581361625,-972.1310202147909,0.0,0.0,1.0,60.0
0.0,233.49285011694815,-972.8411547098469,0.0,0.0,1.0,60.0
0.0,269.754395440656,-949.3721074319558,0.0,0.0,1.0,60.0
0.0,277.9465698747847,-918.5391589365399,0.0,0.0,1.0,60.0
0.0,245.07889997546476,-940.7568244291645,0.0,0.0,1.0,60.0
0.0,246.5949775366273,-944.0151415375713,0.0,0.0,1.0,60.0
0.0,238.71015186037016,-964.3602574745232,0.0,0.0,1.0,60.0
0.0,210.48610457047585,-938.3792735746297,0.0,0.0,1.0,60.0
0.0,229.9000786966767,-967.2525080525027,0.0,0.0,1.0,60.0
0.0,255.91143960795102,-951.7309480649797,0.0,0.0,1.0,60.0
0.0,260.3992717149995,-950.4828325065125,0.0,0.0,1.0,60.0
0.0,255.35044808368912,-932.1193195747398,0.0,0.0,1.0,60.0
0.0,252.3534622535733,-948.9201730398872,0.0,0.0,1.0,60.0
0.0,254.73857327441942,-949.8937080275703,0.0,0.0,1.0,60.0
0.0,234.70832645808332,-896.6692894368779,0.0,0.0,1.0,60.0
0.0,247.36642809200634,-945.9633508259631,0.0,0.0,1.0,60.0
0.0,249.12571396461158,-986.0693412443402,0.0,0.0,1.0,60.0
0.0,238.34956756697784,-935.5669781624708,0.0,0.0,1.0,60.0
0.0,261.7476746200591,-969.4846045288102,0.0,0.0,1.0,60.0
0.0,262.54725958906283,-958.2257555839308,0.0,0.0,1.0,60.0
0.0,235.13087603192184,-945.4719620946685,0.0,0.0,1.0,60.0
0.0,256.22810386611263,-957.5214832454192,0.0,0.0,1.0,60.0
0.0,257.5675635661537,-966.4412255096145,0.0,0.0,1.0,60.0
0.0,226.0874816428302,-958.0211059802925,0.0,0.0,1.0,60.0
0.0,210.16885830171805,-882.4706113537534,0.0,0.0,1.0,60.0
0.0,229.3935230515467,-914.1998010225194,0.0,0.0,1.0,60.0
0.0,251.41920727101547,-896.9267385277249,0.0,0.0,1.0,60.0
0.0,221.43927946658346,-901.720970286028,0.0,0.0,1.0,60.0
0.0,223.74402621705622,-929.8678402755556,0.0,0.0,1.0,60.0
0.0,225.65109706470776,-953.3488879423189,0.0,0.0,1.0,60.0
0.0,235.82369084929087,-902.2782235992942,0.0,0.0,1.0,60.0
0.0,183.81868146950455,-905.3935514466916,0.0,0.0,1.0,60.0
0.0,239.93761827146477,-892.8135691632806,0.0,0.0,1.0,60.0
0.0,229.99618669341658,-892.2026087782152,0.0,0.0,1.0,60.0
0.0,249.77930860878723,-898.689149289456,0.0,0.0,1.0,60.0
0.0,220.6753988604612,-902.1357882853559,0.0,0.0,1.0,60.0
0.0,229.09676134832034,-896.8221344236605,0.0,0.0,1.0,60.0
0.0,259.2517751116227,-910.8962796062435,0.0,0.0,1.0,60.0
0.0,233.81214007201152,-899.2401685901574,0.0,0.0,1.0,60.0
0.0,241.9194068280326,-885.5981158371181,0.0,0.0,1.0,60.0
0.0,224.55474755293494,-892.1217145394373,0.0,0.0,1.0,60.0
0.0,208.24319828177454,-920.516394956705,0.0,0.0,1.0,60.0
0.0,220.03672926031913,-889.839490365115,0.0,0.0,1.0,60.0
0.0,266.0216390327214,-902.1665407195156,0.0,0.0,1.0,60.0
0.0,205.76277796004683,-875.9775441166748,0.0,0.0,1.0,60.0
0.0,227.3799945889291,-926.1394848120303,0.0,0.0,1.0,60.0
0.0,206.89182653864873,-955.5711879802698,0.0,0.0,1.0,60.0
0.0,223.2715625523365,-918.354172798332,0.0,0.0,1.0,60.0
0.0,235.85627388931857,-885.6044476060023,0.0,0.0,1.0,60.0
0.0,230.20814987937388,-890.8721648542627,0.0,0.0,1.0,60.0
0.0,180.81596003207642,-885.8093834494657,0.0,0.0,1.0,60.0
0.0,249.29585963343334,-918.0219874051193,0.0,0.0,1.0,60.0
0.0,244.91766700876747,-886.2967965655671,0.0,0.0,1.0,60.0
0.0,247.06444279814946,-913.1414636488046,0.0,0.0,1.0,60.0
0.0,212.02726179280944,-877.7539324663283,0.0,0.0,1.0,60.0
0.0,226.8554362542177,-897.0374445238,0.0,0.0,1.0,60.0
0.0,249.94096643173566,-910.0432376930313,0.0,0.0,1.0,60.0
0.0,225.16809499382998,-959.3398809170087,0.0,0.0,1.0,60.0
0.0,226.24246692359793,-915.464442667676,0.0,0.0,1.0,60.0
0.0,274.7305474221844,-889.9263934126345,0.0,0.0,1.0,60.0
0.0,255.15985474148715,-909.990987549041,0.0,0.0,1.0,60.0
0.0,224.3065966561967,-914.9818428347071,0.0,0.0,1.0,60.0
0.0,227.22105861540285,-897.4129074015322,0.0,0.0,1.0,60.0
0.0,247.98441326499915,-916.2682183083343,0.0,0.0,1.0,60.0
0.0,224.7700204972357,-914.3989457883304,0.0,0.0,1.0,60.0
0.0,211.91267408660315,-899.662800243961,0.0,0.0,1.0,60.0
0.0,223.9726484335563,-884.3386195814978,0.0,0.0,1.0,60.0
0.0,222.65071477838546,-893.8768930541053,0.0,0.0,1.0,60.0
0.0,195.97956821920366,-886.7293257551025,0.0,0.0,1.0,60.0
0.0,174.1698735313014,-883.5804305608513,0.0,0.0,1.0,60.0
0.0,194.21661532785652,-900.3017439922772,0.0,0.0,1.0,60.0
0.0,188.73169252556067,-869.772867155746,0.0,0.0,1.0,60.0
0.0,214.8239085511159,-881.7111323183021,0.0,0.0,1.0,60.0
0.0,164.61146467142544,-861.1565572321606,0.0,0.0,1.0,60.0
0.0,190.04358519195375,-871.1733218494666,0.0,0.0,1.0,60.0
0.0,201.29156508313258,-858.2222754649702,0.0,0.0,1.0,60.0
0.0,172.61749238859215,-851.1164242542433,0.0,0.0,1.0,60.0
0.0,185.9617110309282,-857.4731737334358,0.0,0.0,1.0,60.0
0.0,197.53845669066277,-883.2753411304865,0.0,0.0,1.0,60.0
0.0,136.7313893333394,-893.0154848509006,0.0,0.0,1.0,60.0
0.0,172.66053009007965,-848.2300216057865,0.0,0.0,1.0,60.0
0.0,178.52253872694882,-867.9438765091116,0.0,0.0,1.0,60.0
0.0,174.11064529889018,-884.7413953346706,0.0,0.0,1.0,60.0
0.0,205.29901478701572,-878.2885314872764,0.0,0.0,1.0,60.0
0.0,203.76637384748233,-880.694357318515,0.0,0.0,1.0,60.0
0.0,170.1879533955548,-865.8566376451294,0.0,0.0,1.0,60.0
0.0,179.72226356416513,-873.0315726666125,0.0,0.0,1.0,60.0
0.0,180.85882029957406,-852.5496502524679,0.0,0.0,1.0,60.0
0.0,182.67904146127262,-907.3732943695287,0.0,0.0,1.0,60.0
0.0,200.21922680485477,-876.3696161888107,0.0,0.0,1.0,60.0
0.0,165.31371782815586,-870.9608183350222,0.0,0.0,1.0,60.0
0.0,195.70490234417002,-883.4337225298907,0.0,0.0,1.0,60.0
0.0,184.75035474115248,-856.7224446950204,0.0,0.0,1.0,60.0
0.0,170.71758349707625,-883.2854800855404,0.0,0.0,1.0,60.0
0.0,192.09065218640444,-877.4513914202537,0.0,0.0,1.0,60.0
0.0,179.12038201079372,-893.2325133382078,0.0,0.0,1.0,60.0
0.0,198.2014475448159,-882.1942338971523,0.0,0.0,1.0,60.0
0.0,187.88121767694656,-874.9780943212758,0.0,0.0,1.0,60.0
0.0,180.5450369840687,-925.4768036068101,0.0,0.0,1.0,60.0
0.0,177.15390784324222,-864.417511761713,0.0,0.0,1.0,60.0
0.0,207.73772065079447,-911.0276278323779,0.0,0.0,1.0,60.0
0.0,174.98152381192858,-881.974226421659,0.0,0.0,1.0,60.0
0.0,200.7808492787176,-871.6895202326532,0.0,0.0,1.0,60.0
0.0,174.53809462120898,-888.5448885981184,0.0,0.0,1.0,60.0
0.0,202.89287312875263,-885.2982815839503,0.0,0.0,1.0,60.0
0.0,158.0032876418943,-887.530282630347,0.0,0.0,1.0,60.0
0.0,136.26226696345475,-885.1814768450998,0.0,0.0,1.0,60.0
0.0,160.20705449443358,-925.4203675335878,0.0,0.0,1.0,60.0
0.0,171.6462733413157,-884.5726400796826,0.0,0.0,1.0,60.0
0.0,148.1639610007876,-902.5293382122584,0.0,0.0,1.0,60.0
0.0,151.24850522361794,-900.613828130179,0.0,0.0,1.0,60.0
0.0,135.22789351190795,-885.7571275143486,0.0,0.0,1.0,60.0
0.0,136.67342465796764,-878.2818559078339,0.0,0.0,1.0,60.0
0.0,159.71675480335807,-927.547870164826,0.0,0.0,1.0,60.0
0.0,163.00734070639874,-906.4471288376101,0.0,0.0,1.0,60.0
0.0,134.53569840718524,-892.3275785403134,0.0,0.0,1.0,60.0
0.0,187.54277827706278,-932.6376536334437,0.0,0.0,1.0,60.0
0.0,134.20230439348165,-894.048372847858,0.0,0.0,1.0,60.0
0.0,145.51300742198055,-909.0120803212084,0.0,0.0,1.0,60.0
0.0,128.6776932985258,-919.5426808825271,0.0,0.0,1.0,60.0
0.0,115.81987857534273,-913.1452333922673,0.0,0.0,1.0,60.0
0.0,126.6089443636804,-939.4466715544188,0.0,0.0,1.0,60.0
0.0,130.68987717700793,-910.7382801272561,0.0,0.0,1.0,60.0
0.0,155.83639334583222,-878.1751527076431,0.0,0.0,1.0,60.0
0.0,138.32486420744272,-904.0154278697526,0.0,0.0,1.0,60.0
0.0,155.02397167375534,-878.0885056662586,0.0,0.0,1.0,60.0
0.0,178.25189200070758,-900.2341480766308,0.0,0.0,1.0,60.0
0.0,141.34533882575624,-859.5863560530396,0.0,0.0,1.0,60.0
0.0,140.0470698748486,-887.6096879870075,0.0,0.0,1.0,60.0
0.0,146.810652423105,-891.190336747833,0.0,0.0,1.0,60.0
0.0,155.95403079654352,-939.6043056215888,0.0,0.0,1.0,60.0
0.0,166.8725708638658,-900.2686027886027,0.0,0.0,1.0,60.0
0.0,121.46752267158513,-891.0887928844019,0.0,0.0,1.0,60.0
0.0,200.98464223999554,-873.1262162010433,0.0,0.0,1.0,60.0
0.0,133.92320746024643,-905.7026880112517,0.0,0.0,1.0,60.0
0.0,381.43232690767763,-989.7662772398278,0.0,0.0,1.0,61.0
0.0,367.8567486905538,-976.7978214295972,0.0,0.0,1.0,61.0
0.0,384.79900326047823,-950.8614233843123,0.0,0.0,1.0,61.0
0.0,363.144512547673,-986.5171544047066,0.0,0.0,1.0,61.0
0.0,359.7267445385917,-977.8354711742054,0.0,0.0,1.0,61.0
0.0,377.03345572476655,-1005.176696194118,0.0,0.0,1.0,61.0
0.0,366.9768395988949,-989.3750854477164,0.0,0.0,1.0,61.0
0.0,335.1558029920643,-971.9777520187786,0.0,0.0,1.0,61.0
0.0,364.77507167663407,-1021.0083048111478,0.0,0.0,1.0,61.0
0.0,357.8635757752104,-1001.3518449834999,0.0,0.0,1.0,61.0
0.0,363.94709468315773,-977.9631995397481,0.0,0.0,1.0,61.0
0.0,350.00511537413286,-990.3977266685063,0.0,0.0,1.0,61.0
0.0,379.08341648084524,-994.8210114361893,0.0,0.0,1.0,61.0
0.0,373.1823167995967,-980.9207196872032,0.0,0.0,1.0,61.0
0.0,333.2969987077099,-993.5874284198255,0.0,0.0,1.0,61.0
0.0,403.0737139118926,-919.8404656864957,0.0,0.0,1.0,61.0
0.0,359.3673865417436,-998.1347423344837,0.0,0.0,1.0,61.0
0.0,343.27808820741234,-1000.0300907147389,0.0,0.0,1.0,61.0
0.0,376.19124608395987,-1004.0830562007495,0.0,0.0,1.0,61.0
0.0,405.2533457662339,-978.3258486439661,0.0,0.0,1.0,61.0
0.0,382.0832815316262,-983.6388698834153,0.0,0.0,1.0,61.0
0.0,349.8664864697246,-978.7865357979467,0.0,0.0,1.0,61.0
0.0,372.22234820513336,-985.9638996435942,0.0,0.0,1.0,61.0
0.0,369.9246577521476,-983.2804985956996,0.0,0.0,1.0,61.0
0.0,346.47591799524776,-996.6558706471137,0.0,0.0,1.0,61.0
0.0,374.5252195722637,-981.1570121980415,0.0,0.0,1.0,61.0
0.0,429.4853416184126,-987.0326644522547,0.0,0.0,1.0,61.0
0.0,393.53022563490435,-999.3842844353055,0.0,0.0,1.0,61.0
0.0,404.95229019796307,-975.6970229977769,0.0,0.0,1.0,61.0
0.0,437.48068356718,-999.3848501687498,0.0,0.0,1.0,61.0
0.0,406.9898035713277,-990.4834714786646,0.0,0.0,1.0,61.0
0.0,418.56412473131763,-997.1495254013687,0.0,0.0,1.0,61.0
0.0,394.95128434566413,-982.729340591847,0.0,0.0,1.0,61.0
0.0,416.352863235079,-983.3751664797642,0.0,0.0,1.0,61.0
0.0,423.1467227818955,-1002.5661903229361,0.0,0.0,1.0,61.0
0.0,452.2498134166635,-942.0357486398818,0.0,0.0,1.0,61.0
0.0,405.8090629702692,-976.331696741946,0.0,0.0,1.0,61.0
0.0,396.01459826020937,-981.2255332485993,0.0,0.0,1.0,61.0
0.0,423.09645365559254,-992.8872996824173,0.0,0.0,1.0,61.0
0.0,424.17936635262754,-926.3501005212377,0.0,0.0,1.0,61.0
0.0,403.63637928725575,-978.2759569466632,0.0,0.0,1.0,61.0
0.0,416.2568296860886,-999.5480862658508,0.0,0.0,1.0,61.0
0.0,446.64192377785935,-993.412412064989,0.0,0.0,1.0,61.0
0.0,398.0557870837463,-971.6697094481476,0.0,0.0,1.0,61.0
0.0,430.2607826340404,-971.9981217125544,0.0,0.0,1.0,61.0
0.0,411.84196284230416,-984.947944594388,0.0,0.0,1.0,61.0
0.0,383.51847779041805,-992.6863992796737,0.0,0.0,1.0,61.0
0.0,409.25299198820153,-976.6132339936346,0.0,0.0,1.0,61.0
0.0,423.6039510616158,-994.1127086225276,0.0,0.0,1.0,61.0
0.0,419.027398379581,-894.7514000960017,0.0,0.0,1.0,61.0
0.0,412.8283075816687,-942.8379453404984,0.0,0.0,1.0,61.0
0.0,458.7117331093689,-884.0503964434928,0.0,0.0,1.0,61.0
0.0,466.52165967087876,-897.2621831001732,0.0,0.0,1.0,61.0
0.0,404.3161387842688,-930.7676929478032,0.0,0.0,1.0,61.0
0.0,430.4472155684791,-950.5751336219621,0.0,0.0,1.0,61.0
0.0,467.15306973655515,-892.5201665968625,0.0,0.0,1.0,61.0
0.0,441.3200279484795,-893.0990765413804,0.0,0.0,1.0,61.0
0.0,455.38958948763207,-884.3792882882157,0.0,0.0,1.0,61.0
0.0,404.8285067605864,-916.1993303928837,0.0,0.0,1.0,61.0
0.0,451.6068938169117,-911.2092438780784,0.0,0.0,1.0,61.0
0.0,436.53349449540815,-889.6201021715367,0.0,0.0,1.0,61.0
0.0,431.9174957649916,-894.15582498343,0.0,0.0,1.0,61.0
0.0,452.8896336947107,-869.2040948829232,0.0,0.0,1.0,61.0
0.0,475.2690363148165,-884.7273377497452,0.0,0.0,1.0,61.0
0.0,454.22055923573225,-888.1232241352964,0.0,0.0,1.0,61.0
0.0,435.4597016202265,-899.079083805995,0.0,0.0,1.0,61.0
0.0,455.25798395369566,-878.6763802814773,0.0,0.0,1.0,61.0
0.0,446.73402790296245,-898.6903335845024,0.0,0.0,1.0,61.0
0.0,453.72771140473515,-905.7491551294016,0.0,0.0,1.0,61.0
0.0,449.8500759336141,-883.3450191120054,0.0,0.0,1.0,61.0
0.0,433.4366916846034,-888.0375433265326,0.0,0.0,1.0,61.0
0.0,389.4744037282378,-918.7264593828677,0.0,0.0,1.0,61.0
0.0,448.7177705163622,-901.0560610844167,0.0,0.0,1.0,61.0
0.0,443.7248493255579,-908.8589479686061,0.0,0.0,1.0,61.0
0.0,429.7808939720003,-954.4334793756921,0.0,0.0,1.0,61.0
0.0,434.4424197129704,-898.228574218228,0.0,0.0,1.0,61.0
0.0,468.9056133988847,-884.4092252753045,0.0,0.0,1.0,61.0
0.0,454.2901551198629,-887.7452937744806,0.0,0.0,1.0,61.0
0.0,450.31001635484245,-872.6488128336057,0.0,0.0,1.0,61.0
0.0,445.60189471133936,-914.559838771898,0.0,0.0,1.0,61.0
0.0,457.85142087688905,-869.1131772216845,0.0,0.0,1.0,61.0
0.0,435.4062323326136,-879.0999264085256,0.0,0.0,1.0,61.0
0.0,446.9784219976077,-894.5138956584235,0.0,0.0,1.0,61.0
0.0,341.4526198420931,-856.1931488601771,0.0,0.0,1.0,61.0
0.0,336.5493382616942,-910.7340048132064,0.0,0.0,1.0,61.0
0.0,362.0657391541581,-845.155554334083,0.0,0.0,1.0,61.0
0.0,370.0334217560053,-863.6698620883752,0.0,0.0,1.0,61.0
0.0,344.59196497808625,-909.543605547419,0.0,0.0,1.0,61.0
0.0,368.87188627604064,-885.9183769883629,0.0,0.0,1.0,61.0
0.0,363.4866854741474,-887.9236693324212,0.0,0.0,1.0,61.0
0.0,339.31916457009356,-860.3451933031876,0.0,0.0,1.0,61.0
0.0,375.56405890031624,-851.9376217562872,0.0,0.0,1.0,61.0
0.0,356.8986943482764,-863.7788035393563,0.0,0.0,1.0,61.0
0.0,377.578525084856,-939.5008995182138,0.0,0.0,1.0,61.0
0.0,344.1370539329471,-898.3137928755568,0.0,0.0,1.0,61.0
0.0,347.4476582091554,-843.3543344750527,0.0,0.0,1.0,61.0
0.0,355.31828250726267,-854.4145296121139,0.0,0.0,1.0,61.0
0.0,312.50038571208825,-906.2253763925476,0.0,0.0,1.0,61.0
0.0,374.0824238889347,-849.51577014524,0.0,0.0,1.0,61.0
0.0,411.8462349595977,-934.5150476701756,0.0,0.0,1.0,61.0
0.0,339.9696744030023,-864.539401400915,0.0,0.0,1.0,61.0
0.0,346.5056367696077,-850.6234005251405,0.0,0.0,1.0,61.0
0.0,331.12742890455183,-882.4467238488106,0.0,0.0,1.0,61.0
0.0,410.5179078054516,-865.3566858382444,0.0,0.0,1.0,61.0
0.0,367.7385652627795,-844.3348645373464,0.0,0.0,1.0,61.0
0.0,343.0771114952313,-864.984608072688,0.0,0.0,1.0,61.0
0.0,375.5325620452543,-853.3992867925167,0.0,0.0,1.0,61.0
0.0,362.1429196835427,-836.8755174675271,0.0,0.0,1.0,61.0
0.0,375.1739935173605,-831.5559054100877,0.0,0.0,1.0,61.0
0.0,348.4157863257376,-853.1211019773334,0.0,0.0,1.0,61.0
0.0,360.17973250060936,-861.160626332222,0.0,0.0,1.0,61.0
0.0,326.43647037584947,-862.0526693632858,0.0,0.0,1.0,61.0
0.0,352.079313739579,-855.552181829209,0.0,0.0,1.0,61.0
0.0,394.07361365665383,-916.9523534263153,0.0,0.0,1.0,61.0
0.0,338.39302545893247,-890.2491320461951,0.0,0.0,1.0,61.0
0.0,352.73621865375276,-850.6582077994012,0.0,0.0,1.0,61.0
0.0,364.84526255623996,-868.4750692717874,0.0,0.0,1.0,61.0
0.0,345.8822911264972,-865.6236930522153,0.0,0.0,1.0,61.0
0.0,355.27668066787624,-887.2988358539236,0.0,0.0,1.0,61.0
0.0,342.37491839614404,-848.2269296771354,0.0,0.0,1.0,61.0
0.0,331.9122089645409,-881.1725066417455,0.0,0.0,1.0,61.0
0.0,359.24194771440466,-874.0610406998497,0.0,0.0,1.0,61.0
0.0,336.3549932656151,-863.0843594010497,0.0,0.0,1.0,61.0
0.0,353.8793014248449,-828.4364248311718,0.0,0.0,1.0,61.0
0.0,364.74899966970406,-865.8119664351799,0.0,0.0,1.0,61.0
0.0,349.29292105451077,-944.3878617487796,0.0,0.0,1.0,61.0
0.0,317.86365070839133,-938.0159423113275,0.0,0.0,1.0,61.0
0.0,315.735187031539,-956.5515347729606,0.0,0.0,1.0,61.0
0.0,316.0350056844509,-962.0949034133284,0.0,0.0,1.0,61.0
0.0,362.7288629234947,-955.3354751629313,0.0,0.0,1.0,61.0
0.0,305.1613893276706,-965.4192721596396,0.0,0.0,1.0,61.0
0.0,344.8887513798777,-923.4157449496226,0.0,0.0,1.0,61.0
0.0,325.7520114096608,-948.1802134174447,0.0,0.0,1.0,61.0
0.0,318.8411696420276,-945.7197073168254,0.0,0.0,1.0,61.0
0.0,319.659665543405,-938.9059770523902,0.0,0.0,1.0,61.0
0.0,316.48995045847187,-971.7921199024083,0.0,0.0,1.0,61.0
0.0,306.1612996509821,-978.7529564183794,0.0,0.0,1.0,61.0
0.0,340.5707394025908,-892.5097714053549,0.0,0.0,1.0,61.0
0.0,325.91317002783626,-951.6315346637307,0.0,0.0,1.0,61.0
0.0,333.09889069640417,-982.0319307021118,0.0,0.0,1.0,61.0
0.0,296.5033087756301,-964.5404790583525,0.0,0.0,1.0,61.0
0.0,316.5441224413355,-980.456188795228,0.0,0.0,1.0,61.0
0.0,344.0749871078401,-945.020155101703,0.0,0.0,1.0,61.0
0.0,312.4597184170618,-964.3003488499564,0.0,0.0,1.0,61.0
0.0,334.39472391651475,-963.0966300629,0.0,0.0,1.0,61.0
0.0,321.5759727864097,-975.7858142734674,0.0,0.0,1.0,61.0
0.0,339.51775841206313,-952.4882208044062,0.0,0.0,1.0,61.0
0.0,324.0480346757704,-948.3245865352956,0.0,0.0,1.0,61.0
0.0,306.30071048825585,-929.1324166802672,0.0,0.0,1.0,61.0
0.0,325.2477158066954,-945.272595922595,0.0,0.0,1.0,61.0
0.0,324.0717991283582,-963.5350296162326,0.0,0.0,1.0,61.0
0.0,324.88726303931844,-954.8651877008983,0.0,0.0,1.0,61.0
0.0,321.36183914857247,-943.6364056733194,0.0,0.0,1.0,61.0
0.0,322.8856709033637,-957.2924557695108,0.0,0.0,1.0,61.0
0.0,310.79055704821053,-930.1423619648367,0.0,0.0,1.0,61.0
0.0,334.51545954493486,-926.0368673784719,0.0,0.0,1.0,61.0
0.0,352.2934416408989,-919.277029179616,0.0,0.0,1.0,61.0
0.0,336.22504170945854,-959.3115888446491,0.0,0.0,1.0,61.0
0.0,342.8361764663066,-952.0989966771726,0.0,0.0,1.0,61.0
0.0,375.00176159914895,-925.6738472315856,0.0,0.0,1.0,61.0
0.0,345.97344628645874,-918.9288541000233,0.0,0.0,1.0,61.0
0.0,331.9608347760409,-966.4558706912314,0.0,0.0,1.0,61.0
0.0,327.39371839815067,-952.3778303496701,0.0,0.0,1.0,61.0
0.0,346.26543626940474,-955.7334995714609,0.0,0.0,1.0,61.0
0.0,296.7159632297455,-932.204202537918,0.0,0.0,1.0,61.0
0.0,312.5978262835704,-959.8755295790054,0.0,0.0,1.0,61.0
0.0,494.7898700311148,-852.4959754324375,0.0,0.0,1.0,62.0
0.0,507.7166185872961,-840.5241134210421,0.0,0.0,1.0,62.0
0.0,523.1955532087566,-832.0223790906389,0.0,0.0,1.0,62.0
0.0,505.64413661581466,-812.567492180966,0.0,0.0,1.0,62.0
0.0,492.32265191313354,-828.0307326675752,0.0,0.0,1.0,62.0
0.0,505.97978509334985,-830.522747309314,0.0,0.0,1.0,62.0
0.0,507.9164846987387,-836.4825387345934,0.0,0.0,1.0,62.0
0.0,509.89862306818804,-830.2432396576972,0.0,0.0,1.0,62.0
0.0,506.67851764981197,-834.0876577846203,0.0,0.0,1.0,62.0
0.0,491.37881169418324,-847.8647630432545,0.0,0.0,1.0,62.0
0.0,508.322806276409,-836.0718705703443,0.0,0.0,1.0,62.0
0.0,507.0216305263564,-855.5165356529864,0.0,0.0,1.0,62.0
0.0,510.86646821557724,-839.7046473985578,0.0,0.0,1.0,62.0
0.0,501.98040987729246,-819.2080253896216,0.0,0.0,1.0,62.0
0.0,504.27806869231154,-870.8437964691476,0.0,0.0,1.0,62.0
0.0,528.7034878001145,-781.7042593097507,0.0,0.0,1.0,62.0
0.0,507.56248718771167,-808.345084144887,0.0,0.0,1.0,62.0
0.0,477.0587724433051,-828.6892971953743,0.0,0.0,1.0,62.0
0.0,521.9266733933014,-842.9387020065617,0.0,0.0,1.0,62.0
0.0,542.6600916647055,-792.0855217611214,0.0,0.0,1.0,62.0
0.0,510.04795501680155,-823.7274320656978,0.0,0.0,1.0,62.0
0.0,520.5360541310497,-852.0927454767639,0.0,0.0,1.0,62.0
0.0,499.0166308258754,-847.8553550655251,0.0,0.0,1.0,62.0
0.0,510.03837599494705,-833.1594113988683,0.0,0.0,1.0,62.0
0.0,474.30224632666,-825.5636163755187,0.0,0.0,1.0,62.0
0.0,497.7645857912744,-870.4446590587594,0.0,0.0,1.0,62.0
0.0,521.298508923599,-808.4791747579363,0.0,0.0,1.0,62.0
0.0,515.5541136268987,-819.7282610699641,0.0,0.0,1.0,62.0
0.0,530.5082290138473,-787.0769464225831,0.0,0.0,1.0,62.0
0.0,500.8465526083546,-830.9063613597992,0.0,0.0,1.0,62.0
0.0,519.8984897620112,-827.4019540421107,0.0,0.0,1.0,62.0
0.0,534.1908684821501,-805.6310226941935,0.0,0.0,1.0,62.0
0.0,512.1167766033996,-800.9978796958744,0.0,0.0,1.0,62.0
0.0,494.01702647057596,-838.911115270358,0.0,0.0,1.0,62.0
0.0,494.7661678085526,-828.9626608615669,0.0,0.0,1.0,62.0
0.0,496.83769473105576,-805.2805733798017,0.0,0.0,1.0,62.0
0.0,503.9690866192079,-837.9699977479002,0.0,0.0,1.0,62.0
0.0,504.2616229310893,-868.5938494603887,0.0,0.0,1.0,62.0
0.0,503.4195543147282,-840.9748684234293,0.0,0.0,1.0,62.0
0.0,514.22053469294,-836.056723011154,0.0,0.0,1.0,62.0
0.0,548.1857403261126,-882.7886349567882,0.0,0.0,1.0,62.0
0.0,534.5824954062148,-871.5719052548743,0.0,0.0,1.0,62.0
0.0,518.4596141124932,-865.6058803219554,0.0,0.0,1.0,62.0
0.0,534.6716123119224,-880.9294827719463,0.0,0.0,1.0,62.0
0.0,585.976811050959,-842.1956154656338,0.0,0.0,1.0,62.0
0.0,548.2004966387985,-867.3395919232752,0.0,0.0,1.0,62.0
0.0,536.6634915568188,-881.0619262141372,0.0,0.0,1.0,62.0
0.0,545.5004979850787,-868.5069635162947,0.0,0.0,1.0,62.0
0.0,507.22389390714034,-845.0347406028164,0.0,0.0,1.0,62.0
0.0,549.6976789832202,-855.8329773686507,0.0,0.0,1.0,62.0
0.0,527.5445924061141,-889.8926877389565,0.0,0.0,1.0,62.0
0.0,507.66507935738673,-887.8752452770109,0.0,0.0,1.0,62.0
0.0,580.7991919924464,-881.0873289153976,0.0,0.0,1.0,62.0
0.0,543.2179411800998,-880.753381416557,0.0,0.0,1.0,62.0
0.0,521.9522633919892,-870.5669532176976,0.0,0.0,1.0,62.0
0.0,590.1906286484168,-856.3131933492677,0.0,0.0,1.0,62.0
0.0,543.625973466528,-859.4990239075366,0.0,0.0,1.0,62.0
0.0,621.3097227222279,-830.4401391422022,0.0,0.0,1.0,62.0
0.0,605.5179588865713,-855.6192774019839,0.0,0.0,1.0,62.0
0.0,631.3633087192181,-867.5824922317463,0.0,0.0,1.0,62.0
0.0,578.8544111797037,-867.0308334368559,0.0,0.0,1.0,62.0
0.0,621.0343793645079,-878.7787574365558,0.0,0.0,1.0,62.0
0.0,628.0448104272405,-811.6080750585548,0.0,0.0,1.0,62.0
0.0,577.1440704523989,-829.8149615946634,0.0,0.0,1.0,62.0
0.0,615.770839548346,-858.4107695892849,0.0,0.0,1.0,62.0
0.0,606.379506126166,-857.7648215678574,0.0,0.0,1.0,62.0
0.0,600.3542979859528,-864.8444668098342,0.0,0.0,1.0,62.0
0.0,616.7884121583991,-832.3425568375213,0.0,0.0,1.0,62.0
0.0,602.770991889402,-858.3568502809379,0.0,0.0,1.0,62.0
0.0,631.8331656550413,-858.8012919367874,0.0,0.0,1.0,62.0
0.0,616.4750173012321,-874.4918318585026,0.0,0.0,1.0,62.0
0.0,601.473836154732,-842.0587433793346,0.0,0.0,1.0,62.0
0.0,605.5552544683906,-860.1036554610678,0.0,0.0,1.0,62.0
0.0,599.0535070309247,-862.7382061532005,0.0,0.0,1.0,62.0
0.0,621.7959596703208,-875.0847474248883,0.0,0.0,1.0,62.0
0.0,613.9542213293107,-837.981943251863,0.0,0.0,1.0,62.0
0.0,621.4171043817298,-863.3057944175958,0.0,0.0,1.0,62.0
0.0,621.1903390431926,-859.3270300149796,0.0,0.0,1.0,62.0
0.0,604.135476602748,-863.5472149003015,0.0,0.0,1.0,62.0
0.0,603.9803836626888,-845.0270848578607,0.0,0.0,1.0,62.0
0.0,618.6385018477388,-829.0662818064312,0.0,0.0,1.0,62.0
0.0,606.2295163138897,-883.3004580943075,0.0,0.0,1.0,62.0
0.0,594.6676178819,-838.337231553889,0.0,0.0,1.0,62.0
0.0,577.8186846782853,-861.7565891781295,0.0,0.0,1.0,62.0
0.0,626.9758509782437,-854.611680088021,0.0,0.0,1.0,62.0
0.0,626.5922676305966,-792.0862736317722,0.0,0.0,1.0,62.0
0.0,628.4729200765057,-802.6422781738821,0.0,0.0,1.0,62.0
0.0,630.8083381589668,-830.9464275399026,0.0,0.0,1.0,62.0
0.0,621.3077711649757,-827.0308055390344,0.0,0.0,1.0,62.0
0.0,656.5264925673318,-792.9342502293076,0.0,0.0,1.0,62.0
0.0,628.3996284875961,-807.0233688040128,0.0,0.0,1.0,62.0
0.0,610.6642583370185,-832.0782808532392,0.0,0.0,1.0,62.0
0.0,646.9090098824197,-786.3641350260002,0.0,0.0,1.0,62.0
0.0,623.1273097642525,-807.0959960934549,0.0,0.0,1.0,62.0
0.0,615.983847995926,-807.0025910922969,0.0,0.0,1.0,62.0
0.0,646.2200622055193,-823.2551197032482,0.0,0.0,1.0,62.0
0.0,621.6678682433794,-833.2510714726135,0.0,0.0,1.0,62.0
0.0,613.0318976213205,-820.0075736228374,0.0,0.0,1.0,62.0
0.0,616.7439266607173,-821.0529206029547,0.0,0.0,1.0,62.0
0.0,604.4004557852713,-842.6524248737866,0.0,0.0,1.0,62.0
0.0,595.7469077252224,-784.0681136147515,0.0,0.0,1.0,62.0
0.0,568.0879050796045,-827.1322175573418,0.0,0.0,1.0,62.0
0.0,632.719514767251,-818.6168203663046,0.0,0.0,1.0,62.0
0.0,590.7599542745265,-814.9207367149943,0.0,0.0,1.0,62.0
0.0,619.4905441184203,-795.2972556581672,0.0,0.0,1.0,62.0
0.0,603.7403347962577,-834.1821629440448,0.0,0.0,1.0,62.0
0.0,613.7880162154011,-780.7432344326744,0.0,0.0,1.0,62.0
0.0,634.1845124053111,-832.606122058552,0.0,0.0,1.0,62.0
0.0,641.3384536081653,-798.6162574562351,0.0,0.0,1.0,62.0
0.0,605.0087558892199,-857.8238310289768,0.0,0.0,1.0,62.0
0.0,623.1268595196063,-811.907319798058,0.0,0.0,1.0,62.0
0.0,648.1904556007157,-802.2712809540176,0.0,0.0,1.0,62.0
0.0,624.0216447562325,-813.7684873560245,0.0,0.0,1.0,62.0
0.0,612.2792801079086,-809.7865484404043,0.0,0.0,1.0,62.0
0.0,627.987078240953,-802.139498197819,0.0,0.0,1.0,62.0
0.0,625.9093249122857,-814.0783521096625,0.0,0.0,1.0,62.0
0.0,650.5300752029079,-800.2340743164069,0.0,0.0,1.0,62.0
0.0,626.3479889212886,-818.5357798628471,0.0,0.0,1.0,62.0
0.0,615.4934748939745,-815.3648455036783,0.0,0.0,1.0,62.0
0.0,635.6794497220872,-805.5686132365207,0.0,0.0,1.0,62.0
0.0,591.7524973582003,-836.2539075197928,0.0,0.0,1.0,62.0
0.0,619.8957459954336,-812.0837215456589,0.0,0.0,1.0,62.0
0.0,602.177020321496,-779.6077455778254,0.0,0.0,1.0,62.0
0.0,605.6334285955818,-763.7786845486356,0.0,0.0,1.0,62.0
0.0,558.8632987876458,-771.091038165096,0.0,0.0,1.0,62.0
0.0,587.7571729523693,-772.5269572971516,0.0,0.0,1.0,62.0
0.0,578.4313084994305,-759.7684238747114,0.0,0.0,1.0,62.0
0.0,596.5704954160765,-771.9140176564856,0.0,0.0,1.0,62.0
0.0,597.6321963716223,-741.7448318893157,0.0,0.0,1.0,62.0
0.0,608.6107731301404,-780.505976387627,0.0,0.0,1.0,62.0
0.0,616.7196368057994,-795.3448829383682,0.0,0.0,1.0,62.0
0.0,576.308662574251,-759.445921153625,0.0,0.0,1.0,62.0
0.0,610.3560190996986,-753.2750295822493,0.0,0.0,1.0,62.0
0.0,594.2091113403653,-787.9212186576499,0.0,0.0,1.0,62.0
0.0,607.6123708444816,-763.704295019052,0.0,0.0,1.0,62.0
0.0,597.8847011247394,-779.6730743507031,0.0,0.0,1.0,62.0
0.0,568.4593672097653,-752.9765440023705,0.0,0.0,1.0,62.0
0.0,609.9246286419543,-782.9541839745526,0.0,0.0,1.0,62.0
0.0,585.6697842374588,-755.682402963067,0.0,0.0,1.0,62.0
0.0,565.0389580417977,-770.8193812380653,0.0,0.0,1.0,62.0
0.0,569.9978626823354,-739.4626461811721,0.0,0.0,1.0,62.0
0.0,552.5032042728303,-728.6356602482593,0.0,0.0,1.0,62.0
0.0,551.5057703349244,-769.7524453142152,0.0,0.0,1.0,62.0
0.0,553.15933611314,-753.6783675662684,0.0,0.0,1.0,62.0
0.0,549.3217077353713,-755.3021427124085,0.0,0.0,1.0,62.0
0.0,519.2418523454735,-751.6661808787596,0.0,0.0,1.0,62.0
0.0,550.416098045888,-751.6042905934298,0.0,0.0,1.0,62.0
0.0,560.0489543028762,-741.66166538952,0.0,0.0,1.0,62.0
0.0,566.7231810802928,-749.3437974890346,0.0,0.0,1.0,62.0
0.0,579.2269856970033,-746.3307067863011,0.0,0.0,1.0,62.0
0.0,545.1861563164732,-747.2726574414597,0.0,0.0,1.0,62.0
0.0,553.8509208461799,-763.7122395345783,0.0,0.0,1.0,62.0
0.0,533.7382810911026,-765.6697113049355,0.0,0.0,1.0,62.0
0.0,571.6315177414651,-747.8760927262566,0.0,0.0,1.0,62.0
0.0,553.5285213543625,-764.3009189637075,0.0,0.0,1.0,62.0
0.0,560.7181129878611,-756.3150743628448,0.0,0.0,1.0,62.0
0.0,550.5123710706905,-756.1332897902383,0.0,0.0,1.0,62.0
0.0,570.2443727156397,-766.4791041058128,0.0,0.0,1.0,62.0
0.0,543.824612650081,-775.5358746113975,0.0,0.0,1.0,62.0
0.0,581.0386141070876,-766.5522272748873,0.0,0.0,1.0,62.0
0.0,560.8261899061088,-764.2439027961221,0.0,0.0,1.0,62.0
0.0,516.8252254715044,-784.6914757063203,0.0,0.0,1.0,62.0
0.0,554.2209340401641,-775.1583653438657,0.0,0.0,1.0,62.0
0.0,504.30960279371675,-790.5185627981456,0.0,0.0,1.0,62.0
0.0,512.5367696560572,-822.7094008280671,0.0,0.0,1.0,62.0
0.0,494.66868903248815,-794.9569798731343,0.0,0.0,1.0,62.0
0.0,505.7006888497813,-790.7624578758343,0.0,0.0,1.0,62.0
0.0,522.3177727656612,-797.8154939663399,0.0,0.0,1.0,62.0
0.0,507.65207066465973,-808.659211350302,0.0,0.0,1.0,62.0
0.0,506.8705711050575,-774.1862142516384,0.0,0.0,1.0,62.0
0.0,543.0983226935339,-800.4663337696993,0.0,0.0,1.0,62.0
0.0,476.67954754905304,-782.2028079414166,0.0,0.0,1.0,62.0
0.0,508.3937286369787,-803.5850880938514,0.0,0.0,1.0,62.0
0.0,515.2439790414737,-800.033704139589,0.0,0.0,1.0,62.0
0.0,491.63523752147853,-821.4863742998372,0.0,0.0,1.0,62.0
0.0,506.37866027153336,-795.5917165931548,0.0,0.0,1.0,62.0
0.0,528.6864969283456,-780.2225232627233,0.0,0.0,1.0,62.0
0.0,485.18541115069775,-760.4648758226251,0.0,0.0,1.0,62.0
0.0,512.5337166100867,-791.1026833719534,0.0,0.0,1.0,62.0
0.0,505.6271722634958,-810.0265970794132,0.0,0.0,1.0,62.0
0.0,530.0363622493383,-797.5505536272059,0.0,0.0,1.0,62.0
0.0,551.824935905898,-802.1900993635016,0.0,0.0,1.0,62.0
0.0,554.8899559768138,-787.3023138323036,0.0,0.0,1.0,62.0
0.0,515.312829652612,-779.3000097554658,0.0,0.0,1.0,62.0
0.0,543.1159049856437,-813.321324919312,0.0,0.0,1.0,62.0
0.0,504.04416631055847,-792.6133570012647,0.0,0.0,1.0,62.0
0.0,525.1088634837483,-789.747288519809,0.0,0.0,1.0,62.0
0.0,555.8820436931569,-821.5967489984081,0.0,0.0,1.0,62.0
0.0,528.54373674863,-797.0691982972361,0.0,0.0,1.0,62.0
0.0,514.7913541691564,-792.2429519408305,0.0,0.0,1.0,62.0
0.0,497.51587695477474,-775.3863189779942,0.0,0.0,1.0,62.0
0.0,516.7109260679458,-780.0942903717544,0.0,0.0,1.0,62.0
0.0,811.87678610582,-691.5322525577643,0.0,0.0,1.0,63.0
0.0,817.4572612856823,-681.6386628091566,0.0,0.0,1.0,63.0
0.0,816.4372723067586,-679.7241011461335,0.0,0.0,1.0,63.0
0.0,835.1345567332537,-715.547862921193,0.0,0.0,1.0,63.0
0.0,827.7710845163997,-714.9194893815815,0.0,0.0,1.0,63.0
0.0,826.6059316740266,-703.7382515502075,0.0,0.0,1.0,63.0
0.0,818.5561302953179,-702.6362072647582,0.0,0.0,1.0,63.0
0.0,806.1050878950737,-698.4270711937387,0.0,0.0,1.0,63.0
0.0,842.5193111460289,-704.0050758794285,0.0,0.0,1.0,63.0
0.0,825.4824397365737,-696.0835837604426,0.0,0.0,1.0,63.0
0.0,787.6996191886869,-698.8063280699283,0.0,0.0,1.0,63.0
0.0,809.6679329786466,-713.4680451397257,0.0,0.0,1.0,63.0
0.0,816.582002607332,-697.0847228557222,0.0,0.0,1.0,63.0
0.0,829.0764341363379,-712.3440857084336,0.0,0.0,1.0,63.0
0.0,792.2436564240998,-706.8250117407359,0.0,0.0,1.0,63.0
0.0,823.9329193944163,-691.0348001013086,0.0,0.0,1.0,63.0
0.0,822.323351448294,-717.062308153881,0.0,0.0,1.0,63.0
0.0,823.8037719607605,-721.093359185626,0.0,0.0,1.0,63.0
0.0,821.519995307362,-704.1827699567026,0.0,0.0,1.0,63.0
0.0,804.3850096480764,-721.6530092066258,0.0,0.0,1.0,63.0
0.0,845.2235741991976,-700.5911027791888,0.0,0.0,1.0,63.0
0.0,805.9835442757744,-722.3854510073563,0.0,0.0,1.0,63.0
0.0,779.1801283017853,-752.3410577696,0.0,0.0,1.0,63.0
0.0,770.9010792025224,-739.1141752803434,0.0,0.0,1.0,63.0
0.0,806.221562306283,-752.1209853614724,0.0,0.0,1.0,63.0
0.0,793.6837702901735,-722.9894211157348,0.0,0.0,1.0,63.0
0.0,808.8170010517438,-725.1639559801315,0.0,0.0,1.0,63.0
0.0,796.048640767825,-694.213992780683,0.0,0.0,1.0,63.0
0.0,819.1711248762585,-706.8863529996471,0.0,0.0,1.0,63.0
0.0,801.7658137258063,-707.9477357334129,0.0,0.0,1.0,63.0
0.0,832.5706415909776,-721.1916087592771,0.0,0.0,1.0,63.0
0.0,805.579506891263,-707.1165195627087,0.0,0.0,1.0,63.0
0.0,823.1655997758999,-698.3294446884909,0.0,0.0,1.0,63.0
0.0,818.8110320714404,-727.495883538012,0.0,0.0,1.0,63.0
0.0,801.2927786128703,-743.9305046841231,0.0,0.0,1.0,63.0
0.0,777.4383785009941,-693.7228001454345,0.0,0.0,1.0,63.0
0.0,776.0505682926846,-714.7677539716823,0.0,0.0,1.0,63.0
0.0,773.2320773438155,-705.6572696035214,0.0,0.0,1.0,63.0
0.0,745.9135481918461,-686.4472425515593,0.0,0.0,1.0,63.0
0.0,790.0537261904842,-680.3060165212943,0.0,0.0,1.0,63.0
0.0,740.3943970217847,-675.0332848129914,0.0,0.0,1.0,63.0
0.0,780.5224164317897,-682.354512053933,0.0,0.0,1.0,63.0
0.0,749.0019999706642,-682.9341294701269,0.0,0.0,1.0,63.0
0.0,743.8688842106822,-697.4973976451423,0.0,0.0,1.0,63.0
0.0,777.4983224329421,-666.6890890980002,0.0,0.0,1.0,63.0
0.0,773.3451960562179,-679.4939695211572,0.0,0.0,1.0,63.0
0.0,757.8880302889979,-708.8926969496964,0.0,0.0,1.0,63.0
0.0,756.680538229833,-664.420942024259,0.0,0.0,1.0,63.0
0.0,758.2661050494003,-693.1116361954979,0.0,0.0,1.0,63.0
0.0,707.5700474091504,-732.2589116824188,0.0,0.0,1.0,63.0
0.0,802.2444968163773,-688.479001235597,0.0,0.0,1.0,63.0
0.0,772.936103574742,-704.286809438626,0.0,0.0,1.0,63.0
0.0,753.6562216369766,-726.2467893097481,0.0,0.0,1.0,63.0
0.0,745.8775614489437,-742.501221052662,0.0,0.0,1.0,63.0
0.0,703.0445949543487,-725.823468908849,0.0,0.0,1.0,63.0
0.0,752.9869861950706,-686.392375665243,0.0,0.0,1.0,63.0
0.0,765.5673138680445,-660.0668676028492,0.0,0.0,1.0,63.0
0.0,766.3584540465749,-671.5475643372537,0.0,0.0,1.0,63.0
0.0,770.0118124090909,-663.4865094808254,0.0,0.0,1.0,63.0
0.0,769.758102691871,-682.317777411521,0.0,0.0,1.0,63.0
0.0,769.2059255364666,-691.2606651725532,0.0,0.0,1.0,63.0
0.0,749.7076525641401,-654.999171292928,0.0,0.0,1.0,63.0
0.0,769.1222002471259,-688.0253806514662,0.0,0.0,1.0,63.0
0.0,712.6947777403716,-742.2493180543507,0.0,0.0,1.0,63.0
0.0,763.152351611619,-667.8534916760507,0.0,0.0,1.0,63.0
0.0,760.4393753094187,-654.2265162771956,0.0,0.0,1.0,63.0
0.0,766.4104797448435,-697.1647381550745,0.0,0.0,1.0,63.0
0.0,742.7539282604471,-702.7782209565194,0.0,0.0,1.0,63.0
0.0,763.3146175516854,-698.93434459851,0.0,0.0,1.0,63.0
0.0,805.745686138483,-708.515847029521,0.0,0.0,1.0,63.0
0.0,709.9956025192046,-716.6580728035271,0.0,0.0,1.0,63.0
0.0,695.2743348548054,-804.6470916609538,0.0,0.0,1.0,63.0
0.0,683.3070667128534,-751.7307007152458,0.0,0.0,1.0,63.0
0.0,689.4065753001767,-749.2849818725972,0.0,0.0,1.0,63.0
0.0,698.383803704518,-811.3227336819399,0.0,0.0,1.0,63.0
0.0,736.6314306672598,-796.1498976790814,0.0,0.0,1.0,63.0
0.0,700.7659364570281,-808.0720595683407,0.0,0.0,1.0,63.0
0.0,750.4729576871987,-766.4934659484188,0.0,0.0,1.0,63.0
0.0,693.8503279413867,-775.0260822934288,0.0,0.0,1.0,63.0
0.0,688.0022157784865,-784.2297228373504,0.0,0.0,1.0,63.0
0.0,723.1259815999479,-789.4068031967689,0.0,0.0,1.0,63.0
0.0,704.3653265976168,-774.9254327537051,0.0,0.0,1.0,63.0
0.0,767.9329234308002,-736.9299371341282,0.0,0.0,1.0,63.0
0.0,668.1840069282339,-786.0364294679067,0.0,0.0,1.0,63.0
0.0,705.8086483028451,-776.769049887493,0.0,0.0,1.0,63.0
0.0,677.06498152882,-793.1087259375014,0.0,0.0,1.0,63.0
0.0,682.3210013192629,-750.5528477410165,0.0,0.0,1.0,63.0
0.0,672.642981594639,-756.9191589176432,0.0,0.0,1.0,63.0
0.0,678.0669595490381,-759.904607059945,0.0,0.0,1.0,63.0
0.0,716.4705096730409,-814.9416725343058,0.0,0.0,1.0,63.0
0.0,704.7335478919135,-820.9630678998581,0.0,0.0,1.0,63.0
0.0,753.6476153428175,-772.444545327533,0.0,0.0,1.0,63.0
0.0,701.8369263922323,-833.0451228366711,0.0,0.0,1.0,63.0
0.0,705.7980004502019,-841.1708660946392,0.0,0.0,1.0,63.0
0.0,704.1456926569722,-805.0127341374418,0.0,0.0,1.0,63.0
0.0,691.4256509371617,-793.0582272854001,0.0,0.0,1.0,63.0
0.0,684.0835604852746,-833.5220074598902,0.0,0.0,1.0,63.0
0.0,721.4098952348377,-809.9520379272722,0.0,0.0,1.0,63.0
0.0,725.0834426430488,-821.4597143488734,0.0,0.0,1.0,63.0
0.0,698.4706652543778,-826.0096551917692,0.0,0.0,1.0,63.0
0.0,719.570918381402,-827.0398743315761,0.0,0.0,1.0,63.0
0.0,718.3305504506593,-833.813124364403,0.0,0.0,1.0,63.0
0.0,710.9904465543564,-814.8984288515942,0.0,0.0,1.0,63.0
0.0,705.7181425692288,-818.4734567451977,0.0,0.0,1.0,63.0
0.0,694.854485447599,-826.7122613671866,0.0,0.0,1.0,63.0
0.0,713.4451860462173,-804.0136004575996,0.0,0.0,1.0,63.0
0.0,717.196703858639,-797.934238523869,0.0,0.0,1.0,63.0
0.0,711.4393372023583,-816.7194632399204,0.0,0.0,1.0,63.0
0.0,730.5463105310187,-833.0003617573128,0.0,0.0,1.0,63.0
0.0,687.1186072406538,-817.6520458237148,0.0,0.0,1.0,63.0
0.0,699.830339156666,-797.4786244485167,0.0,0.0,1.0,63.0
0.0,705.9507816209216,-811.3808589818716,0.0,0.0,1.0,63.0
0.0,701.3540533847518,-821.8279193053328,0.0,0.0,1.0,63.0
0.0,751.2390943889382,-759.2240313894205,0.0,0.0,1.0,63.0
0.0,744.6487166404968,-852.4919372228893,0.0,0.0,1.0,63.0
0.0,797.645160156851,-838.5259244259547,0.0,0.0,1.0,63.0
0.0,763.1233986196557,-830.1664455727448,0.0,0.0,1.0,63.0
0.0,757.3124120631396,-833.5836340510368,0.0,0.0,1.0,63.0
0.0,774.4495983093866,-831.1393166254982,0.0,0.0,1.0,63.0
0.0,778.1868670689505,-820.242315209997,0.0,0.0,1.0,63.0
0.0,774.4263720724421,-838.4051241757364,0.0,0.0,1.0,63.0
0.0,725.5928896577302,-811.0813800957486,0.0,0.0,1.0,63.0
0.0,786.9357304129626,-791.9948633642788,0.0,0.0,1.0,63.0
0.0,774.5293437506957,-815.4868343510545,0.0,0.0,1.0,63.0
0.0,769.701358714301,-834.2032599885634,0.0,0.0,1.0,63.0
0.0,769.3580357260998,-843.5619488254448,0.0,0.0,1.0,63.0
0.0,767.2817128144288,-839.1023670196557,0.0,0.0,1.0,63.0
0.0,796.5656337165087,-841.7840022228781,0.0,0.0,1.0,63.0
0.0,759.6473317157279,-820.2770082108042,0.0,0.0,1.0,63.0
0.0,745.8843548976902,-841.5643194980489,0.0,0.0,1.0,63.0
0.0,792.3804299370822,-815.7730234597682,0.0,0.0,1.0,63.0
0.0,789.6882918256647,-862.1565646391314,0.0,0.0,1.0,63.0
0.0,770.3951340216781,-848.6854711084584,0.0,0.0,1.0,63.0
0.0,751.4541678236346,-805.9068456822897,0.0,0.0,1.0,63.0
0.0,775.7747843579359,-862.7445100447218,0.0,0.0,1.0,63.0
0.0,730.691024266413,-877.8246576824083,0.0,0.0,1.0,63.0
0.0,785.5614781105542,-851.177697053902,0.0,0.0,1.0,63.0
0.0,807.7630249480335,-849.5560974055985,0.0,0.0,1.0,63.0
0.0,794.0431341223871,-806.9064096912269,0.0,0.0,1.0,63.0
0.0,846.6766225659162,-822.870178011523,0.0,0.0,1.0,63.0
0.0,815.4691839655288,-828.0045461066356,0.0,0.0,1.0,63.0
0.0,826.7648261444097,-829.6803060528507,0.0,0.0,1.0,63.0
0.0,842.7059090848816,-820.9447779613985,0.0,0.0,1.0,63.0
0.0,832.132655444505,-835.5818710026726,0.0,0.0,1.0,63.0
0.0,796.899728847482,-850.6566604609636,0.0,0.0,1.0,63.0
0.0,812.4046866249987,-832.55723272294,0.0,0.0,1.0,63.0
0.0,814.5356639004326,-817.0618265895387,0.0,0.0,1.0,63.0
0.0,834.2833584161563,-766.1283068817743,0.0,0.0,1.0,63.0
0.0,808.3515113485487,-823.3175518732593,0.0,0.0,1.0,63.0
0.0,833.4431072101634,-802.4411744944379,0.0,0.0,1.0,63.0
0.0,830.7855386023875,-809.8889134244185,0.0,0.0,1.0,63.0
0.0,814.6520702205867,-790.5497668380558,0.0,0.0,1.0,63.0
0.0,803.906425240727,-804.3930664553093,0.0,0.0,1.0,63.0
0.0,805.2123806826335,-808.8430388610049,0.0,0.0,1.0,63.0
0.0,822.7449641389908,-816.2099299311774,0.0,0.0,1.0,63.0
0.0,808.4052697261636,-812.1414148690443,0.0,0.0,1.0,63.0
0.0,804.7677913200018,-826.0864648284143,0.0,0.0,1.0,63.0
0.0,820.9272108250957,-795.7512303924866,0.0,0.0,1.0,63.0
0.0,799.6050081746316,-750.1467244392642,0.0,0.0,1.0,63.0
0.0,837.6109255563988,-847.2836439745055,0.0,0.0,1.0,63.0
0.0,830.6742461543922,-828.8811627859473,0.0,0.0,1.0,63.0
0.0,839.661126435009,-817.387527340068,0.0,0.0,1.0,63.0
0.0,825.7976174550049,-833.7069361642484,0.0,0.0,1.0,63.0
0.0,830.5352516957355,-828.6877854419196,0.0,0.0,1.0,63.0
0.0,820.874371375568,-833.5416321350549,0.0,0.0,1.0,63.0
0.0,823.7684266365168,-812.9107420752528,0.0,0.0,1.0,63.0
0.0,838.3847201318376,-761.6321876092053,0.0,0.0,1.0,63.0
0.0,858.2374199935693,-747.0296889594589,0.0,0.0,1.0,63.0
0.0,840.2671821825202,-778.8882203575926,0.0,0.0,1.0,63.0
0.0,842.5331220170578,-753.7588685595368,0.0,0.0,1.0,63.0
0.0,849.6387965581912,-776.5084407218466,0.0,0.0,1.0,63.0
0.0,831.9807809142821,-762.4033798721329,0.0,0.0,1.0,63.0
0.0,802.4850303955,-790.9351986029684,0.0,0.0,1.0,63.0
0.0,846.6524543022615,-799.687286959737,0.0,0.0,1.0,63.0
0.0,866.6349747212812,-771.2230877632657,0.0,0.0,1.0,63.0
0.0,848.5907076777439,-764.7762318841214,0.0,0.0,1.0,63.0
0.0,851.8937510904793,-774.0206999691653,0.0,0.0,1.0,63.0
0.0,820.785440404703,-772.3127074066372,0.0,0.0,1.0,63.0
0.0,848.9432041576251,-775.63224191978,0.0,0.0,1.0,63.0
0.0,849.0559567593914,-768.387681294349,0.0,0.0,1.0,63.0
0.0,826.1779621685055,-760.5270212350162,0.0,0.0,1.0,63.0
0.0,842.1890600393831,-768.9736192413616,0.0,0.0,1.0,63.0
0.0,840.61485607232,-747.5066429808746,0.0,0.0,1.0,63.0
0.0,815.6923457406506,-735.7037846175512,0.0,0.0,1.0,63.0
0.0,838.7981086145978,-749.4221703455967,0.0,0.0,1.0,63.0
0.0,847.8823385051096,-742.8393827103706,0.0,0.0,1.0,63.0
0.0,845.4257541022466,-765.0359411608828,0.0,0.0,1.0,63.0
0.0,837.2124847813948,-773.0757720375265,0.0,0.0,1.0,63.0
0.0,845.5600557806524,-747.4788283659523,0.0,0.0,1.0,63.0
0.0,840.5621884082493,-785.8231605575243,0.0,0.0,1.0,63.0
0.0,804.9063552683306,-720.9208080342453,0.0,0.0,1.0,63.0
0.0,807.4370582987958,-775.0515777536161,0.0,0.0,1.0,63.0
0.0,857.8533603066599,-753.6275900826931,0.0,0.0,1.0,63.0
0.0,854.9239275147843,-751.9112108182765,0.0,0.0,1.0,63.0
0.0,851.6900510376258,-728.0469752034097,0.0,0.0,1.0,63.0
0.0,825.7632044616566,-795.6013305246039,0.0,0.0,1.0,63.0
0.0,841.6622718025733,-759.7010380722417,0.0,0.0,1.0,63.0
0.0,836.6152994271188,-764.1337227153713,0.0,0.0,1.0,63.0
0.0,841.6400281499396,-773.5619550925055,0.0,0.0,1.0,63.0
0.0,888.8368018205229,-392.0447774576277,0.0,0.0,1.0,64.0
0.0,899.9465058403921,-408.113168955315,0.0,0.0,1.0,64.0
0.0,878.7294531364391,-417.0787074271303,0.0,0.0,1.0,64.0
0.0,886.4228323089451,-416.73669413409743,0.0,0.0,1.0,64.0
0.0,906.6866413828261,-398.8760089252851,0.0,0.0,1.0,64.0
0.0,926.6267918840563,-400.18083890165497,0.0,0.0,1.0,64.0
0.0,890.9560871393987,-446.8318518303472,0.0,0.0,1.0,64.0
0.0,906.8012074568342,-378.84024823926416,0.0,0.0,1.0,64.0
0.0,915.9319866257661,-389.92652144316844,0.0,0.0,1.0,64.0
0.0,881.3509999797975,-406.458968301456,0.0,0.0,1.0,64.0
0.0,895.9679925149139,-417.6867216502536,0.0,0.0,1.0,64.0
0.0,877.9205500478215,-393.1479878107284,0.0,0.0,1.0,64.0
0.0,883.1612553777077,-398.1577978547764,0.0,0.0,1.0,64.0
0.0,886.4033819444498,-401.9703649446833,0.0,0.0,1.0,64.0
0.0,899.4990768748044,-414.3595855332833,0.0,0.0,1.0,64.0
0.0,909.5627276624118,-423.2064620662852,0.0,0.0,1.0,64.0
0.0,903.8572839574349,-399.99251053630223,0.0,0.0,1.0,64.0
0.0,888.8569668126042,-395.20167405648806,0.0,0.0,1.0,64.0
0.0,865.8847930436518,-381.03137001867253,0.0,0.0,1.0,64.0
0.0,890.8275008929736,-403.8837464759446,0.0,0.0,1.0,64.0
0.0,862.7212304414006,-421.3803898078787,0.0,0.0,1.0,64.0
0.0,879.4056989748296,-434.4165183508802,0.0,0.0,1.0,64.0
0.0,958.249245508181,-367.2710606945109,0.0,0.0,1.0,64.0
0.0,896.9281343028692,-406.85447880499487,0.0,0.0,1.0,64.0
0.0,887.503480065328,-413.6240291616607,0.0,0.0,1.0,64.0
0.0,888.7981592990441,-372.05055538336705,0.0,0.0,1.0,64.0
0.0,883.1175083006078,-396.02203900844916,0.0,0.0,1.0,64.0
0.0,895.6271721054322,-406.48468987134606,0.0,0.0,1.0,64.0
0.0,878.6728543063932,-451.4339646407791,0.0,0.0,1.0,64.0
0.0,911.562819909735,-443.6230702146071,0.0,0.0,1.0,64.0
0.0,920.8859486494875,-397.7328080609698,0.0,0.0,1.0,64.0
0.0,936.0245075742378,-455.0052386714772,0.0,0.0,1.0,64.0
0.0,903.0790714625482,-458.13060315598705,0.0,0.0,1.0,64.0
0.0,890.6434063281276,-463.8874697461638,0.0,0.0,1.0,64.0
0.0,889.3518959715766,-447.6213043880239,0.0,0.0,1.0,64.0
0.0,967.0456672557848,-443.33369508799626,0.0,0.0,1.0,64.0
0.0,897.835405275167,-463.46008924210855,0.0,0.0,1.0,64.0
0.0,886.3324222731617,-459.7552315447507,0.0,0.0,1.0,64.0
0.0,924.0165146260347,-438.09633867232503,0.0,0.0,1.0,64.0
0.0,925.3241139336369,-473.80224743948656,0.0,0.0,1.0,64.0
0.0,917.4014944721248,-462.3022324193845,0.0,0.0,1.0,64.0
0.0,908.6145870844093,-476.7289168117236,0.0,0.0,1.0,64.0
0.0,908.6503506928107,-469.74670910380144,0.0,0.0,1.0,64.0
0.0,903.5972484124904,-452.16488611889963,0.0,0.0,1.0,64.0
0.0,881.34761105913,-457.6819236434445,0.0,0.0,1.0,64.0
0.0,910.7403227642058,-454.67365676665986,0.0,0.0,1.0,64.0
0.0,898.4590610008868,-460.0858870084862,0.0,0.0,1.0,64.0
0.0,899.7736498211675,-479.2480908974035,0.0,0.0,1.0,64.0
0.0,901.1049587063285,-436.1966038442904,0.0,0.0,1.0,64.0
0.0,906.2820820112374,-450.59288943185277,0.0,0.0,1.0,64.0
0.0,901.3386760332946,-452.7540367983912,0.0,0.0,1.0,64.0
0.0,907.3142863525691,-444.87840089658346,0.0,0.0,1.0,64.0
0.0,905.7435116432421,-481.9559747126426,0.0,0.0,1.0,64.0
0.0,946.5237144031798,-408.0323850564507,0.0,0.0,1.0,64.0
0.0,919.4515644099106,-436.16167974981204,0.0,0.0,1.0,64.0
0.0,911.5197030571212,-453.81736645010824,0.0,0.0,1.0,64.0
0.0,916.6450203654854,-453.0583201523723,0.0,0.0,1.0,64.0
0.0,949.7510669820795,-410.75325691245473,0.0,0.0,1.0,64.0
0.0,918.0412991155085,-415.1463750585124,0.0,0.0,1.0,64.0
0.0,903.2530606297278,-451.51001892899615,0.0,0.0,1.0,64.0
0.0,906.4024209483382,-429.06597475419164,0.0,0.0,1.0,64.0
0.0,969.8693043762023,-467.3390795351486,0.0,0.0,1.0,64.0
0.0,917.4038194452446,-443.82669249928256,0.0,0.0,1.0,64.0
0.0,952.0198458104173,-458.26974459121016,0.0,0.0,1.0,64.0
0.0,905.0416418666582,-448.4539103438233,0.0,0.0,1.0,64.0
0.0,905.4146138258816,-456.2225343647167,0.0,0.0,1.0,64.0
0.0,925.5988546888461,-466.90271637553906,0.0,0.0,1.0,64.0
0.0,924.4162206604501,-459.4021775659975,0.0,0.0,1.0,64.0
0.0,900.8835061794139,-458.2534371758446,0.0,0.0,1.0,64.0
0.0,1054.5609951822157,-425.80360633981934,0.0,0.0,1.0,64.0
0.0,960.6026013350388,-396.4362213075758,0.0,0.0,1.0,64.0
0.0,1062.4474306286616,-410.93673844385876,0.0,0.0,1.0,64.0
0.0,981.990013290686,-396.7015236069308,0.0,0.0,1.0,64.0
0.0,1021.8008797380376,-442.3433604196515,0.0,0.0,1.0,64.0
0.0,993.2468437912589,-453.36174683620527,0.0,0.0,1.0,64.0
0.0,1041.53124267889,-429.87294931168174,0.0,0.0,1.0,64.0
0.0,1029.6314378025404,-412.18779230497375,0.0,0.0,1.0,64.0
0.0,1019.4033153588111,-421.6905697478322,0.0,0.0,1.0,64.0
0.0,1008.7125096685213,-413.51588891501774,0.0,0.0,1.0,64.0
0.0,1035.0742488806832,-415.0546648295723,0.0,0.0,1.0,64.0
0.0,1006.5857638207194,-392.8027190616309,0.0,0.0,1.0,64.0
0.0,977.7641762928415,-446.29544528234453,0.0,0.0,1.0,64.0
0.0,1024.5576274968757,-417.07682340926624,0.0,0.0,1.0,64.0
0.0,1045.6848229236161,-420.949041213456,0.0,0.0,1.0,64.0
0.0,930.22194864838,-401.7645857771745,0.0,0.0,1.0,64.0
0.0,964.9945668375244,-418.1617476028666,0.0,0.0,1.0,64.0
0.0,1015.3627055260131,-445.54919487604127,0.0,0.0,1.0,64.0
0.0,977.3717483825417,-401.9807041330107,0.0,0.0,1.0,64.0
0.0,1041.3340179630263,-427.44789001553966,0.0,0.0,1.0,64.0
0.0,957.6747925425193,-430.6429044114283,0.0,0.0,1.0,64.0
0.0,1027.2430818271655,-406.9874010527948,0.0,0.0,1.0,64.0
0.0,1013.7698918997444,-425.9772606856243,0.0,0.0,1.0,64.0
0.0,1040.3577092207424,-420.5463439089481,0.0,0.0,1.0,64.0
0.0,1011.4238566039185,-430.205888743572,0.0,0.0,1.0,64.0
0.0,1047.539154259413,-422.76164863774613,0.0,0.0,1.0,64.0
0.0,967.8035635000119,-395.19448408151516,0.0,0.0,1.0,64.0
0.0,1039.973829085281,-415.26860628658176,0.0,0.0,1.0,64.0
0.0,1004.9162387789606,-414.4743713927778,0.0,0.0,1.0,64.0
0.0,980.983359602888,-427.8812680199404,0.0,0.0,1.0,64.0
0.0,1025.4523234377043,-417.60347149800725,0.0,0.0,1.0,64.0
0.0,1029.2010672792103,-414.4626329399331,0.0,0.0,1.0,64.0
0.0,1022.2971267258895,-435.61291426353944,0.0,0.0,1.0,64.0
0.0,962.3699789668963,-431.7417547967108,0.0,0.0,1.0,64.0
0.0,1034.512426311956,-404.4236876368939,0.0,0.0,1.0,64.0
0.0,1037.6693363446384,-416.5304962657881,0.0,0.0,1.0,64.0
0.0,1013.2189672991326,-434.15296897992766,0.0,0.0,1.0,64.0
0.0,994.438437012052,-421.56386391970227,0.0,0.0,1.0,64.0
0.0,1036.0570440154065,-378.8224779109173,0.0,0.0,1.0,64.0
0.0,950.8734496537968,-440.78880053263174,0.0,0.0,1.0,64.0
0.0,1004.4339970282504,-404.6214529235258,0.0,0.0,1.0,64.0
0.0,1005.1271019942837,-370.8206581355995,0.0,0.0,1.0,64.0
0.0,965.507490020435,-402.8010364489909,0.0,0.0,1.0,64.0
0.0,1030.9592242542012,-401.922723824582,0.0,0.0,1.0,64.0
0.0,994.1716105205546,-363.9973051013793,0.0,0.0,1.0,64.0
0.0,1020.3609011304893,-377.78207314770066,0.0,0.0,1.0,64.0
0.0,1001.662135127262,-377.31363893899675,0.0,0.0,1.0,64.0
0.0,996.1321850435102,-352.5834795494345,0.0,0.0,1.0,64.0
0.0,968.3356848693584,-409.33302049659653,0.0,0.0,1.0,64.0
0.0,1007.3640598429556,-366.15555641887374,0.0,0.0,1.0,64.0
0.0,1051.1668104637647,-393.99188127269986,0.0,0.0,1.0,64.0
0.0,1018.9873085831437,-347.81674283215943,0.0,0.0,1.0,64.0
0.0,1027.9219219730053,-393.80737797631286,0.0,0.0,1.0,64.0
0.0,1014.1350210927967,-376.99566521442046,0.0,0.0,1.0,64.0
0.0,1017.1459789314345,-360.83514200122966,0.0,0.0,1.0,64.0
0.0,1021.0106834669937,-377.10327605905036,0.0,0.0,1.0,64.0
0.0,1018.0917780275236,-394.65520343129606,0.0,0.0,1.0,64.0
0.0,1006.5067259784419,-375.33794861414583,0.0,0.0,1.0,64.0
0.0,971.4883155539369,-434.5684497225923,0.0,0.0,1.0,64.0
0.0,1009.4027325580473,-392.76606827425906,0.0,0.0,1.0,64.0
0.0,1030.2249197533479,-353.3155856616098,0.0,0.0,1.0,64.0
0.0,1018.2803983662316,-374.79670664356445,0.0,0.0,1.0,64.0
0.0,965.4768695174703,-409.3769533019323,0.0,0.0,1.0,64.0
0.0,1015.3595057855932,-375.65450065804475,0.0,0.0,1.0,64.0
0.0,1001.0820771753592,-378.97383039999386,0.0,0.0,1.0,64.0
0.0,1044.529183199039,-344.09727892563706,0.0,0.0,1.0,64.0
0.0,1000.3158216802899,-387.929964612759,0.0,0.0,1.0,64.0
0.0,1005.2605348963593,-368.9665184855646,0.0,0.0,1.0,64.0
0.0,961.9776228562446,-311.3659551679441,0.0,0.0,1.0,64.0
0.0,1005.5136961190151,-335.05356909824195,0.0,0.0,1.0,64.0
0.0,970.1985675223036,-353.83496073517586,0.0,0.0,1.0,64.0
0.0,971.5710646836001,-350.44599375936787,0.0,0.0,1.0,64.0
0.0,948.8529496006367,-343.974268078191,0.0,0.0,1.0,64.0
0.0,958.5647485886352,-341.36141537893934,0.0,0.0,1.0,64.0
0.0,965.1449089495577,-355.0268509690768,0.0,0.0,1.0,64.0
0.0,982.4544108463601,-390.4344707922339,0.0,0.0,1.0,64.0
0.0,939.2875362750933,-369.05384223339126,0.0,0.0,1.0,64.0
0.0,939.0354475519766,-348.2913437090235,0.0,0.0,1.0,64.0
0.0,991.0001821550991,-346.4030510197738,0.0,0.0,1.0,64.0
0.0,988.8756535822736,-340.12708327769155,0.0,0.0,1.0,64.0
0.0,1017.8887220636952,-361.1822375116826,0.0,0.0,1.0,64.0
0.0,942.4635170275319,-375.9257873224094,0.0,0.0,1.0,64.0
0.0,960.4920129230345,-347.441932372358,0.0,0.0,1.0,64.0
0.0,953.1738473965147,-385.53313826167846,0.0,0.0,1.0,64.0
0.0,973.0447470012246,-360.96928929248725,0.0,0.0,1.0,64.0
0.0,946.0359207539391,-367.2531525696337,0.0,0.0,1.0,64.0
0.0,964.5018130988547,-348.8418416160465,0.0,0.0,1.0,64.0
0.0,995.3807460681878,-368.82559283085607,0.0,0.0,1.0,64.0
0.0,963.6446658502923,-336.28659699756645,0.0,0.0,1.0,64.0
0.0,974.1261499224252,-335.0363187154519,0.0,0.0,1.0,64.0
0.0,980.0874923954348,-319.90371298709715,0.0,0.0,1.0,64.0
0.0,984.0369420614716,-351.75808343629956,0.0,0.0,1.0,64.0
0.0,976.4848552042586,-360.9762014964856,0.0,0.0,1.0,64.0
0.0,968.42295137067,-339.352953197322,0.0,0.0,1.0,64.0
0.0,958.2826341136001,-321.8286530041082,0.0,0.0,1.0,64.0
0.0,964.584605763002,-364.24901931523436,0.0,0.0,1.0,64.0
0.0,958.3760965776619,-311.0876117649709,0.0,0.0,1.0,64.0
0.0,964.2621285284254,-347.64847214834253,0.0,0.0,1.0,64.0
0.0,949.057999719088,-348.49803145963483,0.0,0.0,1.0,64.0
0.0,997.5549212883279,-333.94246137518076,0.0,0.0,1.0,64.0
0.0,997.3601444238839,-368.627456479745,0.0,0.0,1.0,64.0
0.0,941.7091839448494,-355.8058072546819,0.0,0.0,1.0,64.0
0.0,897.260902943965,-376.8745990276618,0.0,0.0,1.0,64.0
0.0,941.5891435569806,-369.95845421982403,0.0,0.0,1.0,64.0
0.0,899.9261993636478,-381.3731366277633,0.0,0.0,1.0,64.0
0.0,923.0426388594519,-383.23714977168186,0.0,0.0,1.0,64.0
0.0,922.8263272754111,-369.1262400290352,0.0,0.0,1.0,64.0
0.0,890.4773532927529,-389.031187122951,0.0,0.0,1.0,64.0
0.0,901.7659983050767,-380.53610202150287,0.0,0.0,1.0,64.0
0.0,934.7911129663621,-349.4667122218772,0.0,0.0,1.0,64.0
0.0,918.0092013066806,-356.4245123374767,0.0,0.0,1.0,64.0
0.0,925.7645068977695,-369.26472937998324,0.0,0.0,1.0,64.0
0.0,920.5312876293806,-377.97008475837106,0.0,0.0,1.0,64.0
0.0,904.5037214395811,-378.54005652401236,0.0,0.0,1.0,64.0
0.0,902.7225579972414,-369.33716275622635,0.0,0.0,1.0,64.0
0.0,896.7554959834756,-392.3389865216187,0.0,0.0,1.0,64.0
0.0,987.8920298007638,-383.58026213605683,0.0,0.0,1.0,64.0
0.0,928.7765429364504,-338.6905277186456,0.0,0.0,1.0,64.0
0.0,921.8789709975158,-342.85290064988294,0.0,0.0,1.0,64.0
0.0,928.805192772059,-354.3165448477507,0.0,0.0,1.0,64.0
0.0,911.4257853538043,-367.06726880424435,0.0,0.0,1.0,64.0
0.0,923.7440423298531,-365.66343411547837,0.0,0.0,1.0,64.0
0.0,913.5051717534893,-352.14207509925393,0.0,0.0,1.0,64.0
0.0,915.5491119381804,-347.4791498956316,0.0,0.0,1.0,64.0
0.0,939.3036893838976,-381.58980417961857,0.0,0.0,1.0,64.0
0.0,933.8368633963937,-350.86413458698075,0.0,0.0,1.0,64.0
0.0,925.2925725779146,-390.8341735548431,0.0,0.0,1.0,64.0
0.0,935.6498940103593,-345.3583094932203,0.0,0.0,1.0,64.0
0.0,926.4225742452309,-372.08791904239206,0.0,0.0,1.0,64.0
0.0,945.1907603329464,-343.4992460088133,0.0,0.0,1.0,64.0
0.0,940.2621508507564,-386.9242540205315,0.0,0.0,1.0,64.0
0.0,915.1414063640432,-372.5690908962333,0.0,0.0,1.0,64.0
0.0,893.9593931189352,-385.4692513580908,0.0,0.0,1.0,64.0
0.0,925.2123832960538,-394.06725007317027,0.0,0.0,1.0,64.0
0.0,927.4578468781624,-362.65197689988736,0.0,0.0,1.0,64.0
0.0,910.4726574552928,-376.2297964703474,0.0,0.0,1.0,64.0
0.0,974.3708675740186,-218.50254067938044,0.0,0.0,1.0,65.0
0.0,984.5700427849165,-197.35378608308383,0.0,0.0,1.0,65.0
0.0,954.1322597683516,-220.94261315839321,0.0,0.0,1.0,65.0
0.0,954.7539566530227,-229.7063775552558,0.0,0.0,1.0,65.0
0.0,963.5424444444616,-224.36096979511353,0.0,0.0,1.0,65.0
0.0,973.3729296473653,-207.57835102471563,0.0,0.0,1.0,65.0
0.0,966.143662661827,-233.8863316338145,0.0,0.0,1.0,65.0
0.0,982.2932299451436,-243.99866449010233,0.0,0.0,1.0,65.0
0.0,959.5235248804906,-224.70235042900026,0.0,0.0,1.0,65.0
0.0,1020.1756762387349,-206.10740068527684,0.0,0.0,1.0,65.0
0.0,966.9975102548456,-225.52179860526417,0.0,0.0,1.0,65.0
0.0,968.5615546594258,-213.20294708883694,0.0,0.0,1.0,65.0
0.0,946.1011452684074,-209.5760967679762,0.0,0.0,1.0,65.0
0.0,940.4862135919739,-206.3008071048007,0.0,0.0,1.0,65.0
0.0,1004.356501986148,-266.2072282405843,0.0,0.0,1.0,65.0
0.0,965.2131495875951,-247.4484599444545,0.0,0.0,1.0,65.0
0.0,996.743888755539,-272.4507025471423,0.0,0.0,1.0,65.0
0.0,974.3339700662809,-231.31710901654287,0.0,0.0,1.0,65.0
0.0,976.3806215333607,-237.08058331858206,0.0,0.0,1.0,65.0
0.0,971.0883655493749,-191.58963814057324,0.0,0.0,1.0,65.0
0.0,987.9188515400533,-245.28734133443322,0.0,0.0,1.0,65.0
0.0,972.2067238936206,-275.42112180984964,0.0,0.0,1.0,65.0
0.0,967.566232093382,-222.37387404555784,0.0,0.0,1.0,65.0
0.0,964.62299636221,-274.0198585829562,0.0,0.0,1.0,65.0
0.0,972.9437842773564,-292.7978362288411,0.0,0.0,1.0,65.0
0.0,973.7024339136983,-271.9628488883686,0.0,0.0,1.0,65.0
0.0,952.2625454556828,-290.71066728726987,0.0,0.0,1.0,65.0
0.0,966.8412200755351,-248.3073668516961,0.0,0.0,1.0,65.0
0.0,981.7814248186482,-301.30582883728607,0.0,0.0,1.0,65.0
0.0,992.6606782052299,-274.16657177416937,0.0,0.0,1.0,65.0
0.0,1031.3456130007712,-292.7036388050476,0.0,0.0,1.0,65.0
0.0,1000.0830296847316,-256.24640614558416,0.0,0.0,1.0,65.0
0.0,996.7024108476785,-305.7022388452349,0.0,0.0,1.0,65.0
0.0,1048.3353787331748,-260.2437203540246,0.0,0.0,1.0,65.0
0.0,985.2237624691461,-295.10658947800493,0.0,0.0,1.0,65.0
0.0,966.8625119265648,-296.7798135060866,0.0,0.0,1.0,65.0
0.0,960.547324846063,-279.0380664060499,0.0,0.0,1.0,65.0
0.0,1012.2132269129052,-276.9987417096813,0.0,0.0,1.0,65.0
0.0,968.7338229042184,-286.7489135723122,0.0,0.0,1.0,65.0
0.0,1004.1935821665206,-292.2216156900313,0.0,0.0,1.0,65.0
0.0,996.6191865121964,-290.09560132610613,0.0,0.0,1.0,65.0
0.0,971.7972573820653,-279.7042618132507,0.0,0.0,1.0,65.0
0.0,987.6637373367384,-283.2035824857544,0.0,0.0,1.0,65.0
0.0,991.5203219694345,-270.4155132844287,0.0,0.0,1.0,65.0
0.0,968.0346635452511,-276.58749679226776,0.0,0.0,1.0,65.0
0.0,980.1929262449462,-281.6363781174066,0.0,0.0,1.0,65.0
0.0,963.5636151824992,-295.44172755225986,0.0,0.0,1.0,65.0
0.0,962.4979637896395,-276.5056460849298,0.0,0.0,1.0,65.0
0.0,1000.791829523128,-291.4379814441793,0.0,0.0,1.0,65.0
0.0,978.0065108727572,-282.4130589504939,0.0,0.0,1.0,65.0
0.0,974.1266775556819,-282.8625144717498,0.0,0.0,1.0,65.0
0.0,975.8961089927493,-263.77258595269086,0.0,0.0,1.0,65.0
0.0,980.4789557023732,-290.45617204862174,0.0,0.0,1.0,65.0
0.0,983.3669412432359,-287.54298897830245,0.0,0.0,1.0,65.0
0.0,964.0728604673163,-297.8524070642143,0.0,0.0,1.0,65.0
0.0,991.1045840322463,-321.65446665775835,0.0,0.0,1.0,65.0
0.0,1026.2090150583235,-272.19924668590284,0.0,0.0,1.0,65.0
0.0,1018.2092570772261,-317.9496308494206,0.0,0.0,1.0,65.0
0.0,1048.716832873793,-246.57447415548768,0.0,0.0,1.0,65.0
0.0,1042.219897668996,-262.19837470521725,0.0,0.0,1.0,65.0
0.0,995.738209845591,-303.17549923719935,0.0,0.0,1.0,65.0
0.0,1026.0167804629104,-299.3463622399952,0.0,0.0,1.0,65.0
0.0,1017.051998451188,-296.67990105728927,0.0,0.0,1.0,65.0
0.0,1026.57014267895,-291.7094447063653,0.0,0.0,1.0,65.0
0.0,1010.3487562680411,-288.393347068969,0.0,0.0,1.0,65.0
0.0,1015.6273807184407,-258.4235669830837,0.0,0.0,1.0,65.0
0.0,1023.3085481429039,-283.31861229581136,0.0,0.0,1.0,65.0
0.0,974.5597387608045,-311.0681934542381,0.0,0.0,1.0,65.0
0.0,1039.0999482027419,-291.6203117047994,0.0,0.0,1.0,65.0
0.0,1033.5072446762556,-298.9778966470044,0.0,0.0,1.0,65.0
0.0,1055.337371590454,-304.5942526863248,0.0,0.0,1.0,65.0
0.0,1040.1387123831073,-302.70110346265847,0.0,0.0,1.0,65.0
0.0,1024.5676109554388,-318.8156768433994,0.0,0.0,1.0,65.0
0.0,1026.391627227768,-298.1071182783653,0.0,0.0,1.0,65.0
0.0,1017.9766318905613,-295.6574768241567,0.0,0.0,1.0,65.0
0.0,1006.9138532667307,-319.2774630197798,0.0,0.0,1.0,65.0
0.0,1022.6761593769938,-280.88547606350903,0.0,0.0,1.0,65.0
0.0,1039.250510705309,-285.169123951091,0.0,0.0,1.0,65.0
0.0,1006.8921468681178,-291.0147829267439,0.0,0.0,1.0,65.0
0.0,1035.962667153815,-275.8744461327228,0.0,0.0,1.0,65.0
0.0,1019.1977410676313,-275.7695078147417,0.0,0.0,1.0,65.0
0.0,1022.4704816190747,-285.70744887515843,0.0,0.0,1.0,65.0
0.0,1021.1950948035728,-314.48005209463554,0.0,0.0,1.0,65.0
0.0,1049.5471746554026,-258.8734853713031,0.0,0.0,1.0,65.0
0.0,979.9614163752481,-270.40969944161134,0.0,0.0,1.0,65.0
0.0,1000.2383663083469,-298.98027752371877,0.0,0.0,1.0,65.0
0.0,1037.932040753784,-309.9116968776525,0.0,0.0,1.0,65.0
0.0,1010.3390625339957,-303.8735817782931,0.0,0.0,1.0,65.0
0.0,1014.8028859240649,-341.33632571955195,0.0,0.0,1.0,65.0
0.0,1006.7885476322144,-306.1548680229332,0.0,0.0,1.0,65.0
0.0,1002.2296561334815,-283.8661855273772,0.0,0.0,1.0,65.0
0.0,981.0178426666375,-293.8530795094589,0.0,0.0,1.0,65.0
0.0,1013.3970604221681,-295.7293511796995,0.0,0.0,1.0,65.0
0.0,1051.1537956075895,-293.885277734272,0.0,0.0,1.0,65.0
0.0,1092.0086763821905,-272.583681911397,0.0,0.0,1.0,65.0
0.0,1075.6855509423503,-275.9264058363683,0.0,0.0,1.0,65.0
0.0,1037.461893078747,-299.1697226036749,0.0,0.0,1.0,65.0
0.0,1074.940771344086,-270.5438342336731,0.0,0.0,1.0,65.0
0.0,1063.337589971121,-300.24977762502704,0.0,0.0,1.0,65.0
0.0,985.5658610290398,-263.8406287657465,0.0,0.0,1.0,65.0
0.0,1082.5091305152905,-247.01232512209936,0.0,0.0,1.0,65.0
0.0,1037.0026319941267,-289.30933108723434,0.0,0.0,1.0,65.0
0.0,1068.2852794127743,-302.27805942681107,0.0,0.0,1.0,65.0
0.0,1074.0560795136162,-274.05574450372865,0.0,0.0,1.0,65.0
0.0,1041.433311237081,-287.2911065303215,0.0,0.0,1.0,65.0
0.0,1080.1944789168983,-272.72162675312893,0.0,0.0,1.0,65.0
0.0,1073.034357735873,-294.7425274012726,0.0,0.0,1.0,65.0
0.0,1062.117903704724,-302.9779083181136,0.0,0.0,1.0,65.0
0.0,1057.4805781458872,-270.4917610528671,0.0,0.0,1.0,65.0
0.0,1087.5397787075476,-270.9446905309553,0.0,0.0,1.0,65.0
0.0,1058.1885754311338,-265.5766359846659,0.0,0.0,1.0,65.0
0.0,1035.576371765594,-268.9450946863594,0.0,0.0,1.0,65.0
0.0,1069.6326715871787,-298.39231391365047,0.0,0.0,1.0,65.0
0.0,1085.4495867062838,-291.5798962953759,0.0,0.0,1.0,65.0
0.0,1064.3322176425804,-274.08325231158415,0.0,0.0,1.0,65.0
0.0,1065.49916940585,-297.1891464044256,0.0,0.0,1.0,65.0
0.0,1064.2361358383046,-279.13709567452815,0.0,0.0,1.0,65.0
0.0,1059.438895256851,-267.6929085902482,0.0,0.0,1.0,65.0
0.0,1057.9911536719906,-263.132306834646,0.0,0.0,1.0,65.0
0.0,1065.1457076137026,-281.41554066078334,0.0,0.0,1.0,65.0
0.0,1046.103860157224,-284.7932697516262,0.0,0.0,1.0,65.0
0.0,1089.0055412276993,-224.44654892617336,0.0,0.0,1.0,65.0
0.0,1092.8055818821708,-216.32968688444498,0.0,0.0,1.0,65.0
0.0,1049.214433233075,-247.30110986707336,0.0,0.0,1.0,65.0
0.0,1076.5575024038117,-265.2355593609502,0.0,0.0,1.0,65.0
0.0,1091.6600695043107,-223.40559437053275,0.0,0.0,1.0,65.0
0.0,1083.0626883250252,-252.49335395722755,0.0,0.0,1.0,65.0
0.0,1086.4818705141743,-221.98256565421252,0.0,0.0,1.0,65.0
0.0,1102.8739228823401,-212.52739310495917,0.0,0.0,1.0,65.0
0.0,1104.8410493092774,-219.4333186479496,0.0,0.0,1.0,65.0
0.0,1093.0259584879382,-242.97274979809686,0.0,0.0,1.0,65.0
0.0,1096.2042419987665,-235.3749592428544,0.0,0.0,1.0,65.0
0.0,1104.0701962313246,-248.6065317542948,0.0,0.0,1.0,65.0
0.0,1081.1159918285211,-212.85324034286464,0.0,0.0,1.0,65.0
0.0,1098.39002997345,-232.6984055884834,0.0,0.0,1.0,65.0
0.0,1095.1219996968125,-231.89597165851,0.0,0.0,1.0,65.0
0.0,1061.698284055004,-271.1884685221089,0.0,0.0,1.0,65.0
0.0,1082.0559536799651,-243.69011955924702,0.0,0.0,1.0,65.0
0.0,1036.9087214226593,-250.80729176271507,0.0,0.0,1.0,65.0
0.0,1083.2261849659903,-242.29184558611973,0.0,0.0,1.0,65.0
0.0,1100.1105553625857,-239.64825249111982,0.0,0.0,1.0,65.0
0.0,1088.0059972392032,-270.1791195610192,0.0,0.0,1.0,65.0
0.0,1066.388554962064,-219.40451166402204,0.0,0.0,1.0,65.0
0.0,1084.8641813225058,-258.6571496248216,0.0,0.0,1.0,65.0
0.0,1041.7112637412379,-211.54730519060422,0.0,0.0,1.0,65.0
0.0,1094.6961661036653,-214.87903759191568,0.0,0.0,1.0,65.0
0.0,1086.5788418106135,-244.9537672029071,0.0,0.0,1.0,65.0
0.0,1092.3904558013523,-237.8144590577058,0.0,0.0,1.0,65.0
0.0,1027.9783716930938,-220.7399085120801,0.0,0.0,1.0,65.0
0.0,1077.5795448388976,-242.26623075025282,0.0,0.0,1.0,65.0
0.0,1102.5793453856372,-243.3611874346493,0.0,0.0,1.0,65.0
0.0,1101.93547495546,-240.36717013302564,0.0,0.0,1.0,65.0
0.0,1071.5891234188898,-238.9396326586325,0.0,0.0,1.0,65.0
0.0,1078.642327505881,-238.44453649945376,0.0,0.0,1.0,65.0
0.0,1087.8358933231962,-235.19943936509912,0.0,0.0,1.0,65.0
0.0,1099.7177003148004,-244.99749518094677,0.0,0.0,1.0,65.0
0.0,1107.5022427086205,-229.15924904365056,0.0,0.0,1.0,65.0
0.0,1092.5748056736925,-248.6902227512353,0.0,0.0,1.0,65.0
0.0,1105.2904674473098,-240.49943165590184,0.0,0.0,1.0,65.0
0.0,1059.8818131803878,-272.2710487058414,0.0,0.0,1.0,65.0
0.0,1092.999091315141,-225.34478251007522,0.0,0.0,1.0,65.0
0.0,1110.1210911112416,-246.2270715842667,0.0,0.0,1.0,65.0
0.0,998.1624329596348,-213.47426299023982,0.0,0.0,1.0,65.0
0.0,1049.818959201869,-195.56279418611666,0.0,0.0,1.0,65.0
0.0,1072.166514230148,-193.43423170995584,0.0,0.0,1.0,65.0
0.0,1070.7711321188049,-206.1795609694018,0.0,0.0,1.0,65.0
0.0,1092.790040906145,-192.8572624064327,0.0,0.0,1.0,65.0
0.0,1091.0173625110042,-191.62694504531942,0.0,0.0,1.0,65.0
0.0,1093.2022062069432,-199.43461933027265,0.0,0.0,1.0,65.0
0.0,1064.026797300382,-167.07633449656487,0.0,0.0,1.0,65.0
0.0,1061.2813651173324,-186.81046886268018,0.0,0.0,1.0,65.0
0.0,1036.9240973788296,-208.512554173112,0.0,0.0,1.0,65.0
0.0,1059.9965891507672,-182.7122370964637,0.0,0.0,1.0,65.0
0.0,1054.880739414878,-193.29640284667812,0.0,0.0,1.0,65.0
0.0,1077.254425946609,-212.0169023228973,0.0,0.0,1.0,65.0
0.0,1092.0257033397806,-173.6829650446566,0.0,0.0,1.0,65.0
0.0,1088.767090284438,-236.36240059951524,0.0,0.0,1.0,65.0
0.0,1089.6754671441413,-190.32529441353154,0.0,0.0,1.0,65.0
0.0,1061.5282622719733,-201.6732407501852,0.0,0.0,1.0,65.0
0.0,1093.6811404579698,-182.80633271330407,0.0,0.0,1.0,65.0
0.0,1046.174105406224,-192.14648284075383,0.0,0.0,1.0,65.0
0.0,1069.6475873859613,-196.90090875330793,0.0,0.0,1.0,65.0
0.0,1096.6486183585544,-162.29774904656824,0.0,0.0,1.0,65.0
0.0,1080.9714412169774,-174.49442323417998,0.0,0.0,1.0,65.0
0.0,1060.761074322516,-193.60926217818837,0.0,0.0,1.0,65.0
0.0,1082.4111541732973,-191.44327767943832,0.0,0.0,1.0,65.0
0.0,1056.6800399931817,-15.920362785282123,0.0,0.0,1.0,66.0
0.0,1074.6399199185348,-50.82982209841521,0.0,0.0,1.0,66.0
0.0,1026.5946516083463,-14.691998515548903,0.0,0.0,1.0,66.0
0.0,1006.8819227183662,-40.32639241089828,0.0,0.0,1.0,66.0
0.0,1043.0384684452902,-38.84977406441885,0.0,0.0,1.0,66.0
0.0,1015.4147364689793,-14.479987125820344,0.0,0.0,1.0,66.0
0.0,1028.6865114025632,-55.632467665061085,0.0,0.0,1.0,66.0
0.0,999.0911310105007,3.849793837056268,0.0,0.0,1.0,66.0
0.0,1000.9923563874004,-36.291825600017546,0.0,0.0,1.0,66.0
0.0,1026.6775630278753,-38.71213976264562,0.0,0.0,1.0,66.0
0.0,1016.7682074112686,-86.57949678453701,0.0,0.0,1.0,66.0
0.0,1030.4533543162897,-96.81919987216997,0.0,0.0,1.0,66.0
0.0,1027.7596286058929,-105.02684255337272,0.0,0.0,1.0,66.0
0.0,1029.2132313310458,-79.5329801832288,0.0,0.0,1.0,66.0
0.0,1026.719320856027,-86.22282701372774,0.0,0.0,1.0,66.0
0.0,1024.0797989351413,-102.28290090812516,0.0,0.0,1.0,66.0
0.0,1070.8354670724689,-38.33097179584411,0.0,0.0,1.0,66.0
0.0,1031.630920044046,-130.17538768912436,0.0,0.0,1.0,66.0
0.0,1047.6716018720572,-79.17216345978795,0.0,0.0,1.0,66.0
0.0,1029.7559367536405,-74.66671055899883,0.0,0.0,1.0,66.0
0.0,1030.4809954121602,-77.40409138499945,0.0,0.0,1.0,66.0
0.0,1027.6561081129862,-81.60469436664812,0.0,0.0,1.0,66.0
0.0,1065.2957465771547,-118.50007278329394,0.0,0.0,1.0,66.0
0.0,1061.1115762105073,-101.2102223291788,0.0,0.0,1.0,66.0
0.0,1059.560890140412,-115.90427844632154,0.0,0.0,1.0,66.0
0.0,1080.9884135935968,-106.81114936138056,0.0,0.0,1.0,66.0
0.0,1066.9286394019905,-124.97919331536445,0.0,0.0,1.0,66.0
0.0,1076.5250824533332,-139.5678724072868,0.0,0.0,1.0,66.0
0.0,1119.132003387333,-100.17977851182627,0.0,0.0,1.0,66.0
0.0,1088.562560667869,-124.81727463528387,0.0,0.0,1.0,66.0
0.0,1053.0637585975105,-115.93921597706753,0.0,0.0,1.0,66.0
0.0,1079.3655411988552,-118.10082910276105,0.0,0.0,1.0,66.0
0.0,1048.2342450815327,-101.61083659080305,0.0,0.0,1.0,66.0
0.0,1089.946334595048,-94.44032742770969,0.0,0.0,1.0,66.0
0.0,1072.0872176370358,-111.00478380481195,0.0,0.0,1.0,66.0
0.0,1074.6093228178656,-134.90942288743167,0.0,0.0,1.0,66.0
0.0,1060.914385588897,-131.5353828767677,0.0,0.0,1.0,66.0
0.0,1062.8263379389741,-98.41190370988988,0.0,0.0,1.0,66.0
0.0,1037.43566957751,-127.7348843175273,0.0,0.0,1.0,66.0
0.0,1064.2180312795385,-89.55870596651107,0.0,0.0,1.0,66.0
0.0,1145.6731865239267,-99.4663759870291,0.0,0.0,1.0,66.0
0.0,1150.8035724531596,-105.3513838898075,0.0,0.0,1.0,66.0
0.0,1133.895106874455,-58.53989536952372,0.0,0.0,1.0,66.0
0.0,1135.0460838965096,-114.69536557762171,0.0,0.0,1.0,66.0
0.0,1100.9552592425812,-93.1961109794413,0.0,0.0,1.0,66.0
0.0,1118.4908064255992,-86.60552406016222,0.0,0.0,1.0,66.0
0.0,1111.509180074771,-117.02268105749226,0.0,0.0,1.0,66.0
0.0,1115.7120552725687,-107.31273606609534,0.0,0.0,1.0,66.0
0.0,1092.4053038914394,-130.23615118793532,0.0,0.0,1.0,66.0
0.0,1131.5247731217519,-125.32161642770461,0.0,0.0,1.0,66.0
0.0,1123.636081139448,-123.59942715905322,0.0,0.0,1.0,66.0
0.0,1113.4824991780515,-93.12531492435483,0.0,0.0,1.0,66.0
0.0,1143.6918901947065,-62.45501835822802,0.0,0.0,1.0,66.0
0.0,1104.8448863634362,-117.07333759052767,0.0,0.0,1.0,66.0
0.0,1131.8749386315803,-105.14090802290912,0.0,0.0,1.0,66.0
0.0,1142.7558287000047,-108.55806227917014,0.0,0.0,1.0,66.0
0.0,1133.0039424706288,-115.18136738900853,0.0,0.0,1.0,66.0
0.0,1121.9179554726757,-110.1749024983726,0.0,0.0,1.0,66.0
0.0,1185.1210668408694,-86.12124547692565,0.0,0.0,1.0,66.0
0.0,1145.2588217975704,-48.07218665707637,0.0,0.0,1.0,66.0
0.0,1178.3787237367019,-73.00768225577917,0.0,0.0,1.0,66.0
0.0,1164.1463689169955,-68.84334699576584,0.0,0.0,1.0,66.0
0.0,1182.6102488242814,-41.999567524786926,0.0,0.0,1.0,66.0
0.0,1181.4735979745856,-72.46604985760837,0.0,0.0,1.0,66.0
0.0,1150.898029350496,-58.19126993376881,0.0,0.0,1.0,66.0
0.0,1160.1582491522772,-44.75975835312556,0.0,0.0,1.0,66.0
0.0,1146.6186982759777,-36.33691517290276,0.0,0.0,1.0,66.0
0.0,1133.2669516338347,-60.62496153026132,0.0,0.0,1.0,66.0
0.0,1153.5811069018323,-44.72449773231756,0.0,0.0,1.0,66.0
0.0,1177.8401885682847,-36.385984070795075,0.0,0.0,1.0,66.0
0.0,1139.1125850960566,-34.657067675367216,0.0,0.0,1.0,66.0
0.0,1157.4642820225604,-72.94577819703841,0.0,0.0,1.0,66.0
0.0,1141.8178945894665,-62.06194841080037,0.0,0.0,1.0,66.0
0.0,1140.3628511916686,-37.560068355977364,0.0,0.0,1.0,66.0
0.0,1166.5646009888583,-57.45816034540576,0.0,0.0,1.0,66.0
0.0,1182.6395434716069,-45.318761624371064,0.0,0.0,1.0,66.0
0.0,1176.211664480716,-57.372207122328746,0.0,0.0,1.0,66.0
0.0,1159.3170839758463,-43.94775726907119,0.0,0.0,1.0,66.0
0.0,1158.973092506843,-76.30540329543032,0.0,0.0,1.0,66.0
0.0,1152.571576332704,-63.64993061753421,0.0,0.0,1.0,66.0
0.0,1100.963259263814,-77.35756495738065,0.0,0.0,1.0,66.0
0.0,1163.9289159398854,-78.03274339822883,0.0,0.0,1.0,66.0
0.0,1131.6341875474777,-65.39748263364663,0.0,0.0,1.0,66.0
0.0,1167.5240346389564,-39.96720904171343,0.0,0.0,1.0,66.0
0.0,1179.4454213721615,-38.62898916678705,0.0,0.0,1.0,66.0
0.0,1110.5874286861986,-60.683314455904565,0.0,0.0,1.0,66.0
0.0,1159.3591839654819,-48.16664290263316,0.0,0.0,1.0,66.0
0.0,1140.739868231683,-59.33591202000184,0.0,0.0,1.0,66.0
0.0,1154.6565348620934,-64.93330474201821,0.0,0.0,1.0,66.0
0.0,1162.475144080859,-70.82506667503048,0.0,0.0,1.0,66.0
0.0,1169.7863306071881,-54.855082513438674,0.0,0.0,1.0,66.0
0.0,1155.3325258960945,-77.23066287244365,0.0,0.0,1.0,66.0
0.0,1154.6768915567977,-31.852195555423123,0.0,0.0,1.0,66.0
0.0,1171.7618603486872,-64.5635247615603,0.0,0.0,1.0,66.0
0.0,1180.2666839430954,-54.55737966036827,0.0,0.0,1.0,66.0
0.0,1161.955806124602,-71.0916502000373,0.0,0.0,1.0,66.0
0.0,1148.2480752659953,-52.35656127018251,0.0,0.0,1.0,66.0
0.0,1133.0058953065554,-13.565050691292981,0.0,0.0,1.0,66.0
0.0,1141.401307454707,-72.64907997872456,0.0,0.0,1.0,66.0
0.0,1146.8928023920694,-68.95710629338305,0.0,0.0,1.0,66.0
0.0,1140.156689814598,-45.78433283756772,0.0,0.0,1.0,66.0
0.0,1152.705701512345,-42.05138254853978,0.0,0.0,1.0,66.0
0.0,1156.8072246957236,-74.07511647943124,0.0,0.0,1.0,66.0
0.0,1128.9461030234847,-69.08797135745408,0.0,0.0,1.0,66.0
0.0,1157.6370386582148,-54.82581050580916,0.0,0.0,1.0,66.0
0.0,1165.5964890586515,-60.33684774243693,0.0,0.0,1.0,66.0
0.0,1148.9410453938112,-64.73304493773344,0.0,0.0,1.0,66.0
0.0,1140.818955733214,-15.7694533132983,0.0,0.0,1.0,66.0
0.0,1140.700413588886,-59.974999082115346,0.0,0.0,1.0,66.0
0.0,1142.8036938185392,-23.93209771859847,0.0,0.0,1.0,66.0
0.0,1151.4351326980527,-0.6708659164125947,0.0,0.0,1.0,66.0
0.0,1127.4350763698199,10.62671498864961,0.0,0.0,1.0,66.0
0.0,1146.1949267114614,21.402955183966696,0.0,0.0,1.0,66.0
0.0,1148.2560168758982,25.33022330196559,0.0,0.0,1.0,66.0
0.0,1110.1448632828547,-31.450263380972274,0.0,0.0,1.0,66.0
0.0,1138.7858723955082,23.368059021999443,0.0,0.0,1.0,66.0
0.0,1153.1114749479534,-86.76250635187876,0.0,0.0,1.0,66.0
0.0,1118.0778316365772,-28.468613365399506,0.0,0.0,1.0,66.0
0.0,1151.8597921774312,-23.650353724485285,0.0,0.0,1.0,66.0
0.0,1142.8482162201872,-11.679487980216209,0.0,0.0,1.0,66.0
0.0,1125.4673548320666,12.395104266441649,0.0,0.0,1.0,66.0
0.0,1130.9681905889988,-21.918768368088195,0.0,0.0,1.0,66.0
0.0,1146.7775513036854,10.506167589599727,0.0,0.0,1.0,66.0
0.0,1140.5725415827515,-5.55662891456177,0.0,0.0,1.0,66.0
0.0,1136.2787710300718,3.4755494848900526,0.0,0.0,1.0,66.0
0.0,1158.2547383760234,-19.771328355274818,0.0,0.0,1.0,66.0
0.0,1111.4860096130274,-45.10063070966862,0.0,0.0,1.0,66.0
0.0,1146.5481262763583,6.611322068488789,0.0,0.0,1.0,66.0
0.0,1129.2753567060404,-8.410880253455616,0.0,0.0,1.0,66.0
0.0,1134.479397864156,20.221631146351456,0.0,0.0,1.0,66.0
0.0,1167.618654750493,-18.477113394866592,0.0,0.0,1.0,66.0
0.0,1154.6122452158056,-4.614800955665487,0.0,0.0,1.0,66.0
0.0,1150.6404477100937,12.94728453583457,0.0,0.0,1.0,66.0
0.0,1144.7958529835978,-13.584654898357485,0.0,0.0,1.0,66.0
0.0,1143.6527236844672,-12.484642168464688,0.0,0.0,1.0,66.0
0.0,1127.7991040939783,14.994739457521973,0.0,0.0,1.0,66.0
0.0,1154.1627144293075,-5.2959156077681655,0.0,0.0,1.0,66.0
0.0,1128.6620712183426,2.959905057148262,0.0,0.0,1.0,66.0
0.0,1112.4279407280642,-5.158702654922081,0.0,0.0,1.0,66.0
0.0,1142.886103092305,9.210117292044515,0.0,0.0,1.0,66.0
0.0,1082.7365233738924,49.23251920668122,0.0,0.0,1.0,66.0
0.0,1078.2171339245697,21.341789896031287,0.0,0.0,1.0,66.0
0.0,1092.7666266695455,17.172336053924937,0.0,0.0,1.0,66.0
0.0,1094.5946068659068,27.483111793730586,0.0,0.0,1.0,66.0
0.0,1115.7024496231738,22.35533424570167,0.0,0.0,1.0,66.0
0.0,1118.5966279876857,7.561639963593734,0.0,0.0,1.0,66.0
0.0,1113.7102601151792,37.661719881827366,0.0,0.0,1.0,66.0
0.0,1114.1099379302236,27.79212714995947,0.0,0.0,1.0,66.0
0.0,1122.6471036871199,37.40929538867135,0.0,0.0,1.0,66.0
0.0,1131.1227203906278,-8.099535433689653,0.0,0.0,1.0,66.0
0.0,1120.3704052706685,31.49279410247277,0.0,0.0,1.0,66.0
0.0,1075.2216358330875,31.218734282984315,0.0,0.0,1.0,66.0
0.0,1100.6143823215684,23.67058526627943,0.0,0.0,1.0,66.0
0.0,1128.3459447238633,16.517022542272343,0.0,0.0,1.0,66.0
0.0,1116.881704039471,11.169531958748848,0.0,0.0,1.0,66.0
0.0,1099.1944373236388,10.526701043243293,0.0,0.0,1.0,66.0
0.0,1119.0439481796698,45.088464217145656,0.0,0.0,1.0,66.0
0.0,1094.4124058092143,42.55398617675792,0.0,0.0,1.0,66.0
0.0,1100.3203463645618,-6.02085969987229,0.0,0.0,1.0,66.0
0.0,1061.3043835602925,-2.9848781941334437,0.0,0.0,1.0,66.0
0.0,1103.4695931774181,32.24456674622161,0.0,0.0,1.0,66.0
0.0,1112.9254530260232,6.562815273608749,0.0,0.0,1.0,66.0
0.0,1131.7507782334042,9.812601210598359,0.0,0.0,1.0,66.0
0.0,1110.402210303961,19.656987085707215,0.0,0.0,1.0,66.0
0.0,1119.1269099527585,16.119585186832182,0.0,0.0,1.0,66.0
0.0,1114.052971784577,30.661238177705854,0.0,0.0,1.0,66.0
0.0,1116.6833779977537,15.683217864104108,0.0,0.0,1.0,66.0
0.0,1099.4980899799189,-28.435584594978536,0.0,0.0,1.0,66.0
0.0,1038.4375641006395,8.909651404265105,0.0,0.0,1.0,66.0
0.0,1083.4376081422374,2.0399008720939946,0.0,0.0,1.0,66.0
0.0,1075.2830573248016,16.640255074549714,0.0,0.0,1.0,66.0
0.0,1051.798034924314,24.196479893886817,0.0,0.0,1.0,66.0
0.0,1064.1354935937243,2.6974718013937036,0.0,0.0,1.0,66.0
0.0,1051.0773661646967,30.90072272558905,0.0,0.0,1.0,66.0
0.0,1021.7364876750289,-62.91278536137088,0.0,0.0,1.0,66.0
0.0,1054.7428524696093,40.28437960312567,0.0,0.0,1.0,66.0
0.0,1075.9586021251912,47.413711048378445,0.0,0.0,1.0,66.0
0.0,1029.2150490443737,-0.2839111108596626,0.0,0.0,1.0,66.0
0.0,1073.4135658328037,16.40745859804383,0.0,0.0,1.0,66.0
0.0,1076.4312787746735,17.148010214358465,0.0,0.0,1.0,66.0
0.0,1092.2862464978239,-20.559902044335786,0.0,0.0,1.0,66.0
0.0,1071.4240158409084,5.862955277219271,0.0,0.0,1.0,66.0
0.0,1062.2846535576787,22.635801877647737,0.0,0.0,1.0,66.0
0.0,1055.225940893833,14.890294881596674,0.0,0.0,1.0,66.0
0.0,1086.5293462473946,8.864222900607501,0.0,0.0,1.0,66.0
0.0,1058.0383486130695,23.651997239046295,0.0,0.0,1.0,66.0
0.0,1117.959004645823,-12.223963560286165,0.0,0.0,1.0,66.0
0.0,1041.3428861795082,38.92659767866235,0.0,0.0,1.0,66.0
0.0,1037.8808488897726,27.251309539825115,0.0,0.0,1.0,66.0
0.0,1084.7441591274032,11.126980755331033,0.0,0.0,1.0,66.0
0.0,1016.827650568594,192.85468069417084,0.0,0.0,1.0,67.0
0.0,1001.2416129670132,138.31850064828382,0.0,0.0,1.0,67.0
0.0,1007.9562709068264,168.74499626097668,0.0,0.0,1.0,67.0
0.0,978.5149075391346,144.73851686645003,0.0,0.0,1.0,67.0
0.0,1019.3040005576663,132.47539180356102,0.0,0.0,1.0,67.0
0.0,986.5646240287197,148.27228128848856,0.0,0.0,1.0,67.0
0.0,1002.497621827386,144.80179722676803,0.0,0.0,1.0,67.0
0.0,997.0887570905925,143.79350867977473,0.0,0.0,1.0,67.0
0.0,1016.0638360468174,143.9222287079922,0.0,0.0,1.0,67.0
0.0,1014.3953052677762,135.4631696628394,0.0,0.0,1.0,67.0
0.0,1005.9131011785544,173.55443412175555,0.0,0.0,1.0,67.0
0.0,1021.53015656867,194.39242047958464,0.0,0.0,1.0,67.0
0.0,985.9913493677354,117.94399855220377,0.0,0.0,1.0,67.0
0.0,1012.9876226684528,108.81069674578157,0.0,0.0,1.0,67.0
0.0,997.699996411025,144.38647240036335,0.0,0.0,1.0,67.0
0.0,1052.2699205277308,151.32103267699426,0.0,0.0,1.0,67.0
0.0,1061.4865319015094,142.17644352896946,0.0,0.0,1.0,67.0
0.0,1007.8696610152892,133.40429776440556,0.0,0.0,1.0,67.0
0.0,996.6847838393082,130.36248319471815,0.0,0.0,1.0,67.0
0.0,1003.9221056996453,166.01257891155342,0.0,0.0,1.0,67.0
0.0,1025.082878328039,145.5318031950353,0.0,0.0,1.0,67.0
0.0,1005.7620634695945,128.65064888713277,0.0,0.0,1.0,67.0
0.0,1001.0540330855442,212.09509286046114,0.0,0.0,1.0,67.0
0.0,1009.0879685354043,129.87985245351024,0.0,0.0,1.0,67.0
0.0,1002.7401487739262,147.56685063874306,0.0,0.0,1.0,67.0
0.0,994.6026567779531,139.30526348186572,0.0,0.0,1.0,67.0
0.0,1069.6403588560966,134.41013749225453,0.0,0.0,1.0,67.0
0.0,1034.4479058835814,160.11373334235373,0.0,0.0,1.0,67.0
0.0,982.7786745479048,133.97429028942065,0.0,0.0,1.0,67.0
0.0,1030.2998292066977,125.20219540968401,0.0,0.0,1.0,67.0
0.0,1049.7418929198552,116.21247943941239,0.0,0.0,1.0,67.0
0.0,1061.1519933511331,98.28265366336063,0.0,0.0,1.0,67.0
0.0,1063.587665295167,119.80431468784059,0.0,0.0,1.0,67.0
0.0,1016.8406468038288,146.29581508116644,0.0,0.0,1.0,67.0
0.0,1040.2862935453563,100.67008456108601,0.0,0.0,1.0,67.0
0.0,1088.3918633746675,128.5358628155293,0.0,0.0,1.0,67.0
0.0,1024.2902488696514,115.96000793191524,0.0,0.0,1.0,67.0
0.0,1045.9090906233728,91.2730277146959,0.0,0.0,1.0,67.0
0.0,1017.9290057766743,96.06730795351677,0.0,0.0,1.0,67.0
0.0,1041.6179710686306,106.070392632108,0.0,0.0,1.0,67.0
0.0,1028.674735965671,121.37325814362907,0.0,0.0,1.0,67.0
0.0,1026.720208404024,80.74968369741418,0.0,0.0,1.0,67.0
0.0,1012.3232300714067,97.03143369049599,0.0,0.0,1.0,67.0
0.0,1032.4070297851786,96.60093878102725,0.0,0.0,1.0,67.0
0.0,1036.639460888362,97.40254805457607,0.0,0.0,1.0,67.0
0.0,1052.9610588705004,94.36609079291156,0.0,0.0,1.0,67.0
0.0,1015.3000861771388,130.20279805718542,0.0,0.0,1.0,67.0
0.0,1046.9159359343807,77.03362532829647,0.0,0.0,1.0,67.0
0.0,1095.2320047969774,118.33129907784746,0.0,0.0,1.0,67.0
0.0,1026.4737670223162,116.42930992715492,0.0,0.0,1.0,67.0
0.0,1061.2653790135996,187.08902917081036,0.0,0.0,1.0,67.0
0.0,1055.8728026496397,92.20256536303509,0.0,0.0,1.0,67.0
0.0,1029.3998164516452,72.35068354368104,0.0,0.0,1.0,67.0
0.0,1051.0462045415925,105.35346257760261,0.0,0.0,1.0,67.0
0.0,1070.1880937397623,93.27347221024775,0.0,0.0,1.0,67.0
0.0,1035.444759982126,90.83605018828803,0.0,0.0,1.0,67.0
0.0,1048.525935864282,98.35173890815781,0.0,0.0,1.0,67.0
0.0,1028.6543377006192,96.46478178214647,0.0,0.0,1.0,67.0
0.0,1052.5608850212243,85.56698298095148,0.0,0.0,1.0,67.0
0.0,1012.366103851838,86.0353102215995,0.0,0.0,1.0,67.0
0.0,1039.1727723106274,117.99961018160639,0.0,0.0,1.0,67.0
0.0,1102.517378704154,92.34246432577424,0.0,0.0,1.0,67.0
0.0,1145.7013817983634,141.5009846494961,0.0,0.0,1.0,67.0
0.0,1086.7994350711792,112.06236302971433,0.0,0.0,1.0,67.0
0.0,1084.5991035812572,117.89000409233722,0.0,0.0,1.0,67.0
0.0,1071.2465166906386,145.63442302082035,0.0,0.0,1.0,67.0
0.0,1085.8615667889949,128.59931791068811,0.0,0.0,1.0,67.0
0.0,1057.7184961785833,82.6564611523313,0.0,0.0,1.0,67.0
0.0,1069.73559908554,130.9832397978994,0.0,0.0,1.0,67.0
0.0,1071.8587081138025,128.34888991561525,0.0,0.0,1.0,67.0
0.0,1092.499060212063,105.56906775362677,0.0,0.0,1.0,67.0
0.0,1091.8902344845178,103.73059055053545,0.0,0.0,1.0,67.0
0.0,1080.6596271117019,75.73241983059688,0.0,0.0,1.0,67.0
0.0,1071.4600606343915,101.67971143880459,0.0,0.0,1.0,67.0
0.0,1095.159483935428,95.73580476475104,0.0,0.0,1.0,67.0
0.0,1055.8520800384726,59.54829316262135,0.0,0.0,1.0,67.0
0.0,1113.7148987524101,110.16947882777595,0.0,0.0,1.0,67.0
0.0,1114.0181498416564,154.85813088578402,0.0,0.0,1.0,67.0
0.0,1096.0306537334855,87.1557218490475,0.0,0.0,1.0,67.0
0.0,1094.2863964192302,94.99537613477423,0.0,0.0,1.0,67.0
0.0,1079.57603429658,77.72772053361564,0.0,0.0,1.0,67.0
0.0,1071.9521339911612,84.22019514337467,0.0,0.0,1.0,67.0
0.0,1050.728232028248,115.54532784733192,0.0,0.0,1.0,67.0
0.0,1096.7224312354479,87.53338484265305,0.0,0.0,1.0,67.0
0.0,1107.5605351481768,86.51420159937015,0.0,0.0,1.0,67.0
0.0,1064.9712469122683,116.8139524727103,0.0,0.0,1.0,67.0
0.0,1103.913569403032,105.07272068625002,0.0,0.0,1.0,67.0
0.0,1118.6430444782054,107.72915573603154,0.0,0.0,1.0,67.0
0.0,1104.053693894834,83.40783206349238,0.0,0.0,1.0,67.0
0.0,1084.4646091622494,95.38323209820351,0.0,0.0,1.0,67.0
0.0,1099.5360273876154,79.1941413392367,0.0,0.0,1.0,67.0
0.0,1066.5051953472498,93.22283584872935,0.0,0.0,1.0,67.0
0.0,1043.742526703299,140.2369077560113,0.0,0.0,1.0,67.0
0.0,1070.0069653417754,91.38735633668352,0.0,0.0,1.0,67.0
0.0,1100.2530889242903,102.59428582960481,0.0,0.0,1.0,67.0
0.0,1098.4844669675017,96.6789020510405,0.0,0.0,1.0,67.0
0.0,1106.1303131746567,96.82042986361989,0.0,0.0,1.0,67.0
0.0,1106.9802526073595,87.54400905909006,0.0,0.0,1.0,67.0
0.0,1088.4143668092297,100.53636971311221,0.0,0.0,1.0,67.0
0.0,1096.584881390772,104.8930082627794,0.0,0.0,1.0,67.0
0.0,1080.908324044442,75.53080719596642,0.0,0.0,1.0,67.0
0.0,1104.8244609265953,102.46641945289798,0.0,0.0,1.0,67.0
0.0,1092.8409850665807,112.45512064154286,0.0,0.0,1.0,67.0
0.0,1050.8962417828438,168.8643350445393,0.0,0.0,1.0,67.0
0.0,1140.2148245879148,132.18435401498323,0.0,0.0,1.0,67.0
0.0,1127.4684701946458,110.62132340363678,0.0,0.0,1.0,67.0
0.0,1165.338182236595,149.13621181652297,0.0,0.0,1.0,67.0
0.0,1133.2347642815052,124.57356432840106,0.0,0.0,1.0,67.0
0.0,1153.2910370382028,138.38214017564997,0.0,0.0,1.0,67.0
0.0,1149.3216150792273,149.9571906077556,0.0,0.0,1.0,67.0
0.0,1109.6207522521377,114.7354558897764,0.0,0.0,1.0,67.0
0.0,1153.2068675503365,139.0442994457062,0.0,0.0,1.0,67.0
0.0,1140.3933229962736,149.2324051586413,0.0,0.0,1.0,67.0
0.0,1123.7908266494987,161.19077609189685,0.0,0.0,1.0,67.0
0.0,1166.6271424129768,160.52860118781336,0.0,0.0,1.0,67.0
0.0,1160.125704442827,134.8040835210263,0.0,0.0,1.0,67.0
0.0,1141.8721229615549,142.95935481860715,0.0,0.0,1.0,67.0
0.0,1148.943312277063,119.60533718321312,0.0,0.0,1.0,67.0
0.0,1133.1045200933281,130.32211822323393,0.0,0.0,1.0,67.0
0.0,1115.5923922268062,156.57865581356918,0.0,0.0,1.0,67.0
0.0,1116.6134268091087,115.1164672375055,0.0,0.0,1.0,67.0
0.0,1150.1912378444786,130.28363885058548,0.0,0.0,1.0,67.0
0.0,1160.931711175917,154.90844742785612,0.0,0.0,1.0,67.0
0.0,1130.7486789395157,144.94940995108323,0.0,0.0,1.0,67.0
0.0,1142.6360608763966,124.51879947775456,0.0,0.0,1.0,67.0
0.0,1111.068039846702,129.5873202055668,0.0,0.0,1.0,67.0
0.0,1129.780009156273,123.44502214556314,0.0,0.0,1.0,67.0
0.0,1101.8170503169426,151.09255656850382,0.0,0.0,1.0,67.0
0.0,1132.5634638870838,140.89131957822633,0.0,0.0,1.0,67.0
0.0,1123.3203922001494,186.9334961093507,0.0,0.0,1.0,67.0
0.0,1146.7291152325124,123.60689941072837,0.0,0.0,1.0,67.0
0.0,1074.1380212711806,128.15579856992963,0.0,0.0,1.0,67.0
0.0,1135.0739694609279,153.22220799698516,0.0,0.0,1.0,67.0
0.0,1135.1689126718188,141.27870386823952,0.0,0.0,1.0,67.0
0.0,1142.5502985701373,132.4142175588238,0.0,0.0,1.0,67.0
0.0,1171.5284337373082,146.49642706253394,0.0,0.0,1.0,67.0
0.0,1159.2763697743794,155.15757233202817,0.0,0.0,1.0,67.0
0.0,1130.3910983762094,133.55448917549347,0.0,0.0,1.0,67.0
0.0,1153.9032838225635,160.27410496047673,0.0,0.0,1.0,67.0
0.0,1139.5206342093388,196.867524325643,0.0,0.0,1.0,67.0
0.0,1105.9325484130245,183.13210067052955,0.0,0.0,1.0,67.0
0.0,1149.6726828613414,166.67520435023675,0.0,0.0,1.0,67.0
0.0,1150.1892276959693,194.03223465927567,0.0,0.0,1.0,67.0
0.0,1123.3532291789684,208.13218046294492,0.0,0.0,1.0,67.0
0.0,1127.3441536410028,204.14899520845438,0.0,0.0,1.0,67.0
0.0,1165.2303351678447,150.57810306349484,0.0,0.0,1.0,67.0
0.0,1148.5825957419734,197.76131810040533,0.0,0.0,1.0,67.0
0.0,1139.4293162865738,207.43298768495129,0.0,0.0,1.0,67.0
0.0,1152.408069167348,169.57417987758595,0.0,0.0,1.0,67.0
0.0,1122.2442234482091,133.3945094551009,0.0,0.0,1.0,67.0
0.0,1153.7905523795457,217.56703278050827,0.0,0.0,1.0,67.0
0.0,1160.9512002422084,187.1708933803011,0.0,0.0,1.0,67.0
0.0,1162.6287374656763,181.8059572589341,0.0,0.0,1.0,67.0
0.0,1127.3116068381182,206.64973759231157,0.0,0.0,1.0,67.0
0.0,1149.42587922131,185.0075144740572,0.0,0.0,1.0,67.0
0.0,1093.9642295701706,167.60207989530318,0.0,0.0,1.0,67.0
0.0,1119.3489942817155,202.69095772087826,0.0,0.0,1.0,67.0
0.0,1133.411447168523,188.4992694291609,0.0,0.0,1.0,67.0
0.0,1133.5780023150428,219.23507423720685,0.0,0.0,1.0,67.0
0.0,1139.1626275523417,165.60896364211203,0.0,0.0,1.0,67.0
0.0,1140.55151746398,206.63040999189525,0.0,0.0,1.0,67.0
0.0,1151.2366138739321,210.95623973135275,0.0,0.0,1.0,67.0
0.0,1161.4220044548401,171.36766618205888,0.0,0.0,1.0,67.0
0.0,1100.7986817156484,225.36955514371107,0.0,0.0,1.0,67.0
0.0,1135.3672084353552,150.91706883309848,0.0,0.0,1.0,67.0
0.0,1070.7524926237934,223.18080773438214,0.0,0.0,1.0,67.0
0.0,1117.502389144458,247.4360599233205,0.0,0.0,1.0,67.0
0.0,1132.3937095102779,234.00976684666534,0.0,0.0,1.0,67.0
0.0,1087.3694851398427,209.20652565500245,0.0,0.0,1.0,67.0
0.0,1099.9170495733451,217.00956341017604,0.0,0.0,1.0,67.0
0.0,1095.7021215102836,224.26639792845663,0.0,0.0,1.0,67.0
0.0,1103.8180662009977,225.77600166172374,0.0,0.0,1.0,67.0
0.0,1118.6486537793194,233.37331614773552,0.0,0.0,1.0,67.0
0.0,1110.3406826912737,220.6860299554112,0.0,0.0,1.0,67.0
0.0,1099.5879420577853,233.10098573925552,0.0,0.0,1.0,67.0
0.0,1101.7698025244458,223.3935626655823,0.0,0.0,1.0,67.0
0.0,1118.1220650965538,255.81210044975342,0.0,0.0,1.0,67.0
0.0,1106.7081139542997,253.94116278510774,0.0,0.0,1.0,67.0
0.0,1094.7853816891716,210.5289454672452,0.0,0.0,1.0,67.0
0.0,1096.8799094852825,227.55077443317327,0.0,0.0,1.0,67.0
0.0,1108.7958164748347,243.57497779608275,0.0,0.0,1.0,67.0
0.0,1110.809622538647,268.58442066758266,0.0,0.0,1.0,67.0
0.0,1147.761506986691,207.61037478120716,0.0,0.0,1.0,67.0
0.0,1134.6968475571443,211.56897425089255,0.0,0.0,1.0,67.0
0.0,1112.3780750636265,228.44834422225608,0.0,0.0,1.0,67.0
0.0,1117.676150777465,242.75098943615558,0.0,0.0,1.0,67.0
0.0,1047.287025387729,258.842172580647,0.0,0.0,1.0,67.0
0.0,1052.772990562803,243.0186690818,0.0,0.0,1.0,67.0
0.0,1098.2960507876764,233.44503984499602,0.0,0.0,1.0,67.0
0.0,1089.9267011285756,221.4319723788385,0.0,0.0,1.0,67.0
0.0,1022.9652031465139,206.10026805564507,0.0,0.0,1.0,67.0
0.0,1043.4380405519823,232.39387000316174,0.0,0.0,1.0,67.0
0.0,1079.2752848431583,228.23497446801366,0.0,0.0,1.0,67.0
0.0,1081.222788422372,238.02054516091403,0.0,0.0,1.0,67.0
0.0,1041.1556898037325,257.20202984559955,0.0,0.0,1.0,67.0
0.0,1015.7478734260608,209.03530878758488,0.0,0.0,1.0,67.0
0.0,1036.5107762308166,245.1070154717313,0.0,0.0,1.0,67.0
0.0,1096.3369680869714,196.85471850191152,0.0,0.0,1.0,67.0
0.0,1038.4870560117638,254.2869433091214,0.0,0.0,1.0,67.0
0.0,1078.6329118535627,258.4285537974033,0.0,0.0,1.0,67.0
0.0,1050.6526948372743,241.13353318167856,0.0,0.0,1.0,67.0
0.0,1017.1208527762778,241.35075304662723,0.0,0.0,1.0,67.0
0.0,1050.0085413398315,238.7865905648946,0.0,0.0,1.0,67.0
0.0,1070.6958062428598,236.83727767292862,0.0,0.0,1.0,67.0
0.0,1051.298618559019,234.64653362185868,0.0,0.0,1.0,67.0
0.0,1019.9423240366914,213.5034690374955,0.0,0.0,1.0,67.0
0.0,1026.734535320264,233.24960773944326,0.0,0.0,1.0,67.0
0.0,1066.0792016242954,234.65110165622332,0.0,0.0,1.0,67.0
0.0,1060.716138571806,203.63321830893233,0.0,0.0,1.0,67.0
0.0,1109.9001089576136,220.6003631733056,0.0,0.0,1.0,67.0
0.0,1057.4948029072243,242.3337316886359,0.0,0.0,1.0,67.0
0.0,1051.6987339136472,235.32407171446926,0.0,0.0,1.0,67.0
0.0,1036.5159334839404,243.78933751228715,0.0,0.0,1.0,67.0
0.0,1039.88171164805,245.40375940727563,0.0,0.0,1.0,67.0
0.0,1071.8360284307014,235.20533214404986,0.0,0.0,1.0,67.0
0.0,1059.933910249974,230.50861387764803,0.0,0.0,1.0,67.0
0.0,1048.9017578220519,245.17158728289132,0.0,0.0,1.0,67.0
0.0,1064.0420789091213,248.96940073428573,0.0,0.0,1.0,67.0
0.0,1057.4792065527022,234.20540819987787,0.0,0.0,1.0,67.0
0.0,1022.9898100268474,259.65318735662686,0.0,0.0,1.0,67.0
0.0,1055.477051062418,253.56514395785712,0.0,0.0,1.0,67.0
0.0,1077.4271845394874,238.50149799664155,0.0,0.0,1.0,67.0
0.0,1033.6914804565695,229.59840044781595,0.0,0.0,1.0,67.0
0.0,1046.5660066689138,251.43448616956812,0.0,0.0,1.0,67.0
0.0,1063.7068508667394,214.57303829142938,0.0,0.0,1.0,67.0
0.0,1076.7296461136534,187.56904274771887,0.0,0.0,1.0,67.0
0.0,1009.5719141477721,183.13433815084977,0.0,0.0,1.0,67.0
0.0,1011.0777432887767,183.0417801588742,0.0,0.0,1.0,67.0
0.0,1008.5319636554782,203.09510316654928,0.0,0.0,1.0,67.0
0.0,999.3334456003613,196.88781017379551,0.0,0.0,1.0,67.0
0.0,986.5280495336033,215.9366765840782,0.0,0.0,1.0,67.0
0.0,1041.122796490175,184.53393056635105,0.0,0.0,1.0,67.0
0.0,1000.239812871217,199.30818930686883,0.0,0.0,1.0,67.0
0.0,1016.058362478107,204.05432272987196,0.0,0.0,1.0,67.0
0.0,999.6215243680149,173.41730121219348,0.0,0.0,1.0,67.0
0.0,981.8431348073464,208.0499458613267,0.0,0.0,1.0,67.0
0.0,1007.0831481651821,187.90083956391322,0.0,0.0,1.0,67.0
0.0,1006.5278654413014,203.62905357056206,0.0,0.0,1.0,67.0
0.0,1013.3556421031135,249.73044636825625,0.0,0.0,1.0,67.0
0.0,1017.2327436624105,212.7076991566487,0.0,0.0,1.0,67.0
0.0,979.6299615425546,183.82642252853975,0.0,0.0,1.0,67.0
0.0,999.4666134830122,220.7804343459693,0.0,0.0,1.0,67.0
0.0,1007.4229412302652,202.40445514028102,0.0,0.0,1.0,67.0
0.0,994.74065641793,217.59241352654863,0.0,0.0,1.0,67.0
0.0,1023.5483205840369,150.18194255375943,0.0,0.0,1.0,67.0
0.0,995.4409275117141,209.14626493602805,0.0,0.0,1.0,67.0
0.0,1018.1499531037944,182.81697518137253,0.0,0.0,1.0,67.0
0.0,992.304349426337,221.19527588568008,0.0,0.0,1.0,67.0
0.0,1154.5663567958277,380.5429891384249,0.0,0.0,1.0,68.0
0.0,1170.6559290871332,356.3855271240659,0.0,0.0,1.0,68.0
0.0,1126.1160530158709,325.46729910907743,0.0,0.0,1.0,68.0
0.0,1162.8457517896531,375.1356436142578,0.0,0.0,1.0,68.0
0.0,1161.6418989775934,356.48728977898963,0.0,0.0,1.0,68.0
0.0,1181.7457494930813,360.67711808555487,0.0,0.0,1.0,68.0
0.0,1160.8906900440666,366.0210518125739,0.0,0.0,1.0,68.0
0.0,1148.7090708681121,420.6919070167228,0.0,0.0,1.0,68.0
0.0,1167.8358276046451,364.13933933161525,0.0,0.0,1.0,68.0
0.0,1147.5106753444884,349.8249379202832,0.0,0.0,1.0,68.0
0.0,1166.1586153551862,352.56218908952224,0.0,0.0,1.0,68.0
0.0,1140.2789398827458,405.0370583661729,0.0,0.0,1.0,68.0
0.0,1171.5189639478972,361.1300288150567,0.0,0.0,1.0,68.0
0.0,1145.8598747047413,390.66759201670675,0.0,0.0,1.0,68.0
0.0,1110.160978358656,378.24745731143435,0.0,0.0,1.0,68.0
0.0,1149.9267350973337,351.8966420535826,0.0,0.0,1.0,68.0
0.0,1160.6551668503548,335.9432496888121,0.0,0.0,1.0,68.0
0.0,1152.1448403513596,358.9316835041982,0.0,0.0,1.0,68.0
0.0,1148.8383936120658,378.047970622541,0.0,0.0,1.0,68.0
0.0,1158.4050884403791,342.9350707497538,0.0,0.0,1.0,68.0
0.0,1146.2018022395173,380.2250249055162,0.0,0.0,1.0,68.0
0.0,1149.480470021273,341.59576227920707,0.0,0.0,1.0,68.0
0.0,1113.6085846718347,304.4131860591783,0.0,0.0,1.0,68.0
0.0,1101.8291107971936,422.6636358746198,0.0,0.0,1.0,68.0
0.0,1107.3500650173141,347.85614681543666,0.0,0.0,1.0,68.0
0.0,1153.5355119294754,352.3332790102477,0.0,0.0,1.0,68.0
0.0,1143.4298031047633,392.9209528640122,0.0,0.0,1.0,68.0
0.0,1156.1894258300572,333.5596099885968,0.0,0.0,1.0,68.0
0.0,1161.4499762018836,374.5158068676765,0.0,0.0,1.0,68.0
0.0,1172.1510134670302,331.11335617044324,0.0,0.0,1.0,68.0
0.0,1126.4457727376584,357.4214778856792,0.0,0.0,1.0,68.0
0.0,1156.594610781748,359.50989822116344,0.0,0.0,1.0,68.0
0.0,1109.4949505989307,406.8809975738927,0.0,0.0,1.0,68.0
0.0,1148.888805789496,334.26421280792533,0.0,0.0,1.0,68.0
0.0,1154.0816178804148,357.08533026521764,0.0,0.0,1.0,68.0
0.0,1149.1062925774536,337.9894226305096,0.0,0.0,1.0,68.0
0.0,1168.747513477545,356.24764533752546,0.0,0.0,1.0,68.0
0.0,1139.592851618459,397.0621512357775,0.0,0.0,1.0,68.0
0.0,1120.2977477340487,413.62566823750785,0.0,0.0,1.0,68.0
0.0,1085.604954230747,450.8112906450317,0.0,0.0,1.0,68.0
0.0,1108.1863520609363,415.28687197753834,0.0,0.0,1.0,68.0
0.0,1127.9492870176655,409.02334789688575,0.0,0.0,1.0,68.0
0.0,1117.529369947189,486.27774975517104,0.0,0.0,1.0,68.0
0.0,1117.8503191414188,432.22863028300935,0.0,0.0,1.0,68.0
0.0,1130.8620001403638,462.11462304089287,0.0,0.0,1.0,68.0
0.0,1115.9540033111548,464.7102639110626,0.0,0.0,1.0,68.0
0.0,1132.360425705931,439.0093445954426,0.0,0.0,1.0,68.0
0.0,1132.0307643617862,430.4227456919284,0.0,0.0,1.0,68.0
0.0,1112.0712153367763,462.0681193659582,0.0,0.0,1.0,68.0
0.0,1119.5107911980735,487.16764712437407,0.0,0.0,1.0,68.0
0.0,1122.1119045225396,468.36711715500064,0.0,0.0,1.0,68.0
0.0,1121.5722730614161,478.77198606316506,0.0,0.0,1.0,68.0
0.0,1121.6932445522484,449.01897490079864,0.0,0.0,1.0,68.0
0.0,1071.7722031298667,443.3089538879626,0.0,0.0,1.0,68.0
0.0,1094.860918832726,460.83898084029556,0.0,0.0,1.0,68.0
0.0,1121.1204980522784,453.94727418785874,0.0,0.0,1.0,68.0
0.0,1099.7253644594853,466.1027132038528,0.0,0.0,1.0,68.0
0.0,1125.7524299789966,467.00132117075987,0.0,0.0,1.0,68.0
0.0,1127.2404594005743,459.6533215063671,0.0,0.0,1.0,68.0
0.0,1127.149997294775,457.58154388981256,0.0,0.0,1.0,68.0
0.0,1119.2142625288775,457.4213113432818,0.0,0.0,1.0,68.0
0.0,1106.2285263716408,460.99667367161237,0.0,0.0,1.0,68.0
0.0,1117.6553330313536,465.61278032269684,0.0,0.0,1.0,68.0
0.0,1084.5478227909603,410.29601688876573,0.0,0.0,1.0,68.0
0.0,1099.3765303061368,456.04726025986247,0.0,0.0,1.0,68.0
0.0,1094.430238543804,438.7120822625211,0.0,0.0,1.0,68.0
0.0,1111.9371951066537,468.82576211411106,0.0,0.0,1.0,68.0
0.0,1114.011182417687,441.27240806753707,0.0,0.0,1.0,68.0
0.0,1116.4536598388481,451.6104749132753,0.0,0.0,1.0,68.0
0.0,1146.7197698601235,384.62151545510324,0.0,0.0,1.0,68.0
0.0,1085.3369766996643,450.45532627384455,0.0,0.0,1.0,68.0
0.0,1112.4322302848345,354.1659194318438,0.0,0.0,1.0,68.0
0.0,1108.4175765048085,461.6304591200851,0.0,0.0,1.0,68.0
0.0,1121.6181138470592,437.2897022145535,0.0,0.0,1.0,68.0
0.0,1109.2232372139783,465.03408346424203,0.0,0.0,1.0,68.0
0.0,1166.4212120338648,398.03376565900885,0.0,0.0,1.0,68.0
0.0,1120.3336278106121,442.13160677972996,0.0,0.0,1.0,68.0
0.0,1085.5962297683964,386.02564145386714,0.0,0.0,1.0,68.0
0.0,1071.0669547411876,438.0224614039787,0.0,0.0,1.0,68.0
0.0,1060.3095800490178,460.8957044950889,0.0,0.0,1.0,68.0
0.0,1066.2363773144957,447.6480755077023,0.0,0.0,1.0,68.0
0.0,1081.802157353924,424.95553185421295,0.0,0.0,1.0,68.0
0.0,1050.9856943281993,469.5574246405224,0.0,0.0,1.0,68.0
0.0,1069.0115495400992,451.6468621358208,0.0,0.0,1.0,68.0
0.0,1100.2614267402773,360.5512600812408,0.0,0.0,1.0,68.0
0.0,1059.7215065573919,464.20920982268694,0.0,0.0,1.0,68.0
0.0,1048.7947969695247,461.843182262789,0.0,0.0,1.0,68.0
0.0,1079.127639024347,450.7257640568996,0.0,0.0,1.0,68.0
0.0,1072.0680155255054,437.3859222414212,0.0,0.0,1.0,68.0
0.0,1068.325301923625,456.80861412178,0.0,0.0,1.0,68.0
0.0,1076.217434836925,454.329869487844,0.0,0.0,1.0,68.0
0.0,1063.0435270689663,457.6424910810704,0.0,0.0,1.0,68.0
0.0,1070.3491241035613,458.8803320500065,0.0,0.0,1.0,68.0
0.0,1050.6459997427696,452.5966720093936,0.0,0.0,1.0,68.0
0.0,1056.1073570606786,442.322872639412,0.0,0.0,1.0,68.0
0.0,1050.5370788197397,436.18912008594134,0.0,0.0,1.0,68.0
0.0,1072.3045319342777,453.8994129996836,0.0,0.0,1.0,68.0
0.0,1081.064430732199,360.52073748835346,0.0,0.0,1.0,68.0
0.0,1091.8343197875088,394.55740282546094,0.0,0.0,1.0,68.0
0.0,1075.8902871801947,455.08431367374465,0.0,0.0,1.0,68.0
0.0,1056.715807518507,440.0082778738647,0.0,0.0,1.0,68.0
0.0,1064.924736563622,435.9490697720121,0.0,0.0,1.0,68.0
0.0,1052.8868516570087,424.1792327290407,0.0,0.0,1.0,68.0
0.0,1051.6808794538565,416.9217020807946,0.0,0.0,1.0,68.0
0.0,1034.209701641309,443.53040816059683,0.0,0.0,1.0,68.0
0.0,1097.180621877896,483.94355333085196,0.0,0.0,1.0,68.0
0.0,1061.095869423445,448.57504560487814,0.0,0.0,1.0,68.0
0.0,1040.6253907994192,450.7446852336707,0.0,0.0,1.0,68.0
0.0,1051.1319015986924,422.84337509059947,0.0,0.0,1.0,68.0
0.0,1071.5542761542538,451.7798991510813,0.0,0.0,1.0,68.0
0.0,1057.6851990052905,302.62017642542105,0.0,0.0,1.0,68.0
0.0,1071.9624411330074,297.7007053038253,0.0,0.0,1.0,68.0
0.0,1064.0224078547135,384.1720496860298,0.0,0.0,1.0,68.0
0.0,1071.4008518733422,279.3532529362674,0.0,0.0,1.0,68.0
0.0,1084.882415775925,297.9570216226432,0.0,0.0,1.0,68.0
0.0,1074.8052660824956,323.14946544518216,0.0,0.0,1.0,68.0
0.0,1067.4333423032126,310.3339124296356,0.0,0.0,1.0,68.0
0.0,1041.1062639853299,365.8078547574571,0.0,0.0,1.0,68.0
0.0,1044.437541480287,324.7972890291635,0.0,0.0,1.0,68.0
0.0,1051.052484466058,306.91934487357935,0.0,0.0,1.0,68.0
0.0,1083.057838268529,383.09574255172924,0.0,0.0,1.0,68.0
0.0,1078.4243755004559,388.0649154698531,0.0,0.0,1.0,68.0
0.0,1061.7676621376709,380.02483376413466,0.0,0.0,1.0,68.0
0.0,1133.6112066808041,360.712377021247,0.0,0.0,1.0,68.0
0.0,1104.1605187518585,380.79882296721007,0.0,0.0,1.0,68.0
0.0,1062.1787017344632,295.9649449101371,0.0,0.0,1.0,68.0
0.0,1073.8049009775873,307.466010436935,0.0,0.0,1.0,68.0
0.0,1096.0553394734475,424.7154599150376,0.0,0.0,1.0,68.0
0.0,1074.912046814367,289.90526774160253,0.0,0.0,1.0,68.0
0.0,1072.3846433939225,311.78998667215683,0.0,0.0,1.0,68.0
0.0,1082.3770790654048,308.79194262729993,0.0,0.0,1.0,68.0
0.0,1066.826289303227,299.32760188289194,0.0,0.0,1.0,68.0
0.0,1079.1881855333927,300.93971601727003,0.0,0.0,1.0,68.0
0.0,1056.3084372575672,311.3017778320891,0.0,0.0,1.0,68.0
0.0,1066.4659793415335,328.98882495120256,0.0,0.0,1.0,68.0
0.0,1118.9718803686105,308.94846480715455,0.0,0.0,1.0,68.0
0.0,1049.4473655496026,318.5062592365455,0.0,0.0,1.0,68.0
0.0,1118.0040283032527,325.0290219484848,0.0,0.0,1.0,68.0
0.0,1067.0384681270848,359.06253116751327,0.0,0.0,1.0,68.0
0.0,1050.31497447613,376.9831567322085,0.0,0.0,1.0,68.0
0.0,1071.4797570906803,300.5318390245777,0.0,0.0,1.0,68.0
0.0,1063.572860459059,326.40381316630214,0.0,0.0,1.0,68.0
0.0,1116.2181100780863,346.6290824210107,0.0,0.0,1.0,68.0
0.0,1059.9151152852373,314.5925581959457,0.0,0.0,1.0,68.0
0.0,1049.6907525987585,306.20706966718353,0.0,0.0,1.0,68.0
0.0,1126.8872040955325,575.2926541651366,0.0,0.0,1.0,69.0
0.0,1137.4197385531115,577.3754465483594,0.0,0.0,1.0,69.0
0.0,1125.1910291376257,578.2174939021861,0.0,0.0,1.0,69.0
0.0,1141.6587247164675,563.4513781690969,0.0,0.0,1.0,69.0
0.0,1137.5538941562982,597.2083023443708,0.0,0.0,1.0,69.0
0.0,1096.4914726548063,586.8260485258206,0.0,0.0,1.0,69.0
0.0,1071.0062719695898,554.2052262896548,0.0,0.0,1.0,69.0
0.0,1128.1168088129334,605.0661712963636,0.0,0.0,1.0,69.0
0.0,1131.6685464528323,564.2687307347978,0.0,0.0,1.0,69.0
0.0,1120.6323956956835,580.53656539347,0.0,0.0,1.0,69.0
0.0,1120.5717018306718,581.3684651267079,0.0,0.0,1.0,69.0
0.0,1093.9767828393606,563.5626258459888,0.0,0.0,1.0,69.0
0.0,1150.4183100990608,598.6418738509071,0.0,0.0,1.0,69.0
0.0,1092.8914867742228,598.0538205067573,0.0,0.0,1.0,69.0
0.0,1118.3427687459293,602.169626373372,0.0,0.0,1.0,69.0
0.0,1135.6402104157519,595.80382209762,0.0,0.0,1.0,69.0
0.0,1115.050155645677,569.0756587034948,0.0,0.0,1.0,69.0
0.0,1117.1296035786045,583.1941910353876,0.0,0.0,1.0,69.0
0.0,1129.799824205476,561.9386619818049,0.0,0.0,1.0,69.0
0.0,1113.0977615773727,592.5647294707878,0.0,0.0,1.0,69.0
0.0,1067.793303486665,519.5926194792842,0.0,0.0,1.0,69.0
0.0,1114.6163706665343,607.968600796172,0.0,0.0,1.0,69.0
0.0,1134.6028144759007,590.8215491458836,0.0,0.0,1.0,69.0
0.0,1091.5387682435326,568.7910127489845,0.0,0.0,1.0,69.0
0.0,1114.2332685063998,601.1126531780533,0.0,0.0,1.0,69.0
0.0,1130.97625196923,583.395782397439,0.0,0.0,1.0,69.0
0.0,1135.1028391960813,577.1324732285211,0.0,0.0,1.0,69.0
0.0,1137.405827083167,581.8349765627672,0.0,0.0,1.0,69.0
0.0,1154.19331627176,587.5921852461938,0.0,0.0,1.0,69.0
0.0,1136.8831082542997,584.3596772100184,0.0,0.0,1.0,69.0
0.0,1109.1429042377663,550.023709871442,0.0,0.0,1.0,69.0
0.0,1116.5952082810613,580.2587317385467,0.0,0.0,1.0,69.0
0.0,1125.2323287912523,594.4264547469188,0.0,0.0,1.0,69.0
0.0,1083.7818881533644,540.274347911608,0.0,0.0,1.0,69.0
0.0,1118.549821738225,576.3950411950361,0.0,0.0,1.0,69.0
0.0,1116.2640592092016,560.9551800399952,0.0,0.0,1.0,69.0
0.0,1051.2601608846167,629.3083224723407,0.0,0.0,1.0,69.0
0.0,1088.0385381902975,582.5428681656763,0.0,0.0,1.0,69.0
0.0,1098.23656506618,557.6184619583973,0.0,0.0,1.0,69.0
0.0,1091.4304007520436,541.3006886637525,0.0,0.0,1.0,69.0
0.0,1112.3413721202683,600.3175240574194,0.0,0.0,1.0,69.0
0.0,1121.1173363256012,562.2676279351099,0.0,0.0,1.0,69.0
0.0,1122.022614776923,581.239093473338,0.0,0.0,1.0,69.0
0.0,1145.0488318095272,571.2453392307966,0.0,0.0,1.0,69.0
0.0,1149.2090552354193,598.7962187746211,0.0,0.0,1.0,69.0
0.0,1119.2439690857213,584.3055833413798,0.0,0.0,1.0,69.0
0.0,1126.2990417182232,580.5387956528916,0.0,0.0,1.0,69.0
0.0,1052.50228727481,591.3266926191261,0.0,0.0,1.0,69.0
0.0,1089.9983274976316,584.778546581842,0.0,0.0,1.0,69.0
0.0,1082.006013634818,609.313134995281,0.0,0.0,1.0,69.0
0.0,1121.6659577838795,635.5357719678987,0.0,0.0,1.0,69.0
0.0,1118.5479128287702,640.2703105522444,0.0,0.0,1.0,69.0
0.0,1119.5301470126265,608.8717391572195,0.0,0.0,1.0,69.0
0.0,1121.4315288140779,644.580284865769,0.0,0.0,1.0,69.0
0.0,1089.3433251100346,643.5918577573711,0.0,0.0,1.0,69.0
0.0,1116.6626955846095,611.3603380008392,0.0,0.0,1.0,69.0
0.0,1104.3647951144899,614.0896354657602,0.0,0.0,1.0,69.0
0.0,1107.8430325249687,634.7789236159097,0.0,0.0,1.0,69.0
0.0,1082.2034067349414,672.0071867438937,0.0,0.0,1.0,69.0
0.0,1093.675676876524,644.0201430168622,0.0,0.0,1.0,69.0
0.0,1111.0043043588907,645.6803748114421,0.0,0.0,1.0,69.0
0.0,1029.1975811639031,634.1702335644009,0.0,0.0,1.0,69.0
0.0,1119.6856421451726,634.3558035516512,0.0,0.0,1.0,69.0
0.0,1063.875691826845,586.6110455103085,0.0,0.0,1.0,69.0
0.0,1119.4819882266097,603.6616282686559,0.0,0.0,1.0,69.0
0.0,1125.5981872435555,648.0527742324425,0.0,0.0,1.0,69.0
0.0,1061.120585533407,625.3049054295229,0.0,0.0,1.0,69.0
0.0,1113.4324480398568,625.1314754296532,0.0,0.0,1.0,69.0
0.0,1122.1533830356175,636.6851745937529,0.0,0.0,1.0,69.0
0.0,1118.1865132089702,633.109480282892,0.0,0.0,1.0,69.0
0.0,1113.9139079628826,624.2321069092864,0.0,0.0,1.0,69.0
0.0,1054.5181869272838,601.0303044188017,0.0,0.0,1.0,69.0
0.0,1106.4304696315357,629.5742270625467,0.0,0.0,1.0,69.0
0.0,1076.6720466981355,635.1610252620399,0.0,0.0,1.0,69.0
0.0,1075.767147821874,639.2433415988244,0.0,0.0,1.0,69.0
0.0,1136.8369034194989,643.862202325121,0.0,0.0,1.0,69.0
0.0,1102.7788064543406,628.4637481872667,0.0,0.0,1.0,69.0
0.0,1124.1842208617995,624.7789283734551,0.0,0.0,1.0,69.0
0.0,1104.4217959235611,642.9398426094745,0.0,0.0,1.0,69.0
0.0,1118.457417220397,620.8206616454725,0.0,0.0,1.0,69.0
0.0,1116.9505279952887,642.108407708758,0.0,0.0,1.0,69.0
0.0,989.0170273366743,631.5966775778049,0.0,0.0,1.0,69.0
0.0,983.5278867931952,643.64134382575,0.0,0.0,1.0,69.0
0.0,1013.0527064632047,643.0280116864124,0.0,0.0,1.0,69.0
0.0,1001.5968632860836,635.6085640287783,0.0,0.0,1.0,69.0
0.0,982.7569923655428,638.2228195964121,0.0,0.0,1.0,69.0
0.0,987.6376710678269,653.8018742457934,0.0,0.0,1.0,69.0
0.0,1036.874602282202,576.8417451889268,0.0,0.0,1.0,69.0
0.0,973.6304627944523,614.6414116280857,0.0,0.0,1.0,69.0
0.0,993.7346089664366,659.589081985632,0.0,0.0,1.0,69.0
0.0,994.5789153723922,644.3157526795053,0.0,0.0,1.0,69.0
0.0,985.4961614012263,655.6314678682782,0.0,0.0,1.0,69.0
0.0,1032.3150330372782,627.8589646372416,0.0,0.0,1.0,69.0
0.0,998.7485867277082,625.4650295937736,0.0,0.0,1.0,69.0
0.0,1000.2280324070384,601.5887736510908,0.0,0.0,1.0,69.0
0.0,1006.7704773933938,602.0435474499104,0.0,0.0,1.0,69.0
0.0,1024.6982357931706,612.8546901823167,0.0,0.0,1.0,69.0
0.0,1001.8363017518777,624.2356101834748,0.0,0.0,1.0,69.0
0.0,1044.5279132333421,577.0044007683568,0.0,0.0,1.0,69.0
0.0,989.7657770126175,632.3232774519292,0.0,0.0,1.0,69.0
0.0,1010.4228434399583,632.5478566330332,0.0,0.0,1.0,69.0
0.0,1017.6244169708393,565.0199922909512,0.0,0.0,1.0,69.0
0.0,976.7255706389028,629.2561154212776,0.0,0.0,1.0,69.0
0.0,1008.230224046983,627.8956813084587,0.0,0.0,1.0,69.0
0.0,1011.7613599500169,649.123844667281,0.0,0.0,1.0,69.0
0.0,997.921080051513,617.9380452935843,0.0,0.0,1.0,69.0
0.0,985.1904815662797,639.2382602470718,0.0,0.0,1.0,69.0
0.0,985.3796023747491,639.4023962241399,0.0,0.0,1.0,69.0
0.0,1049.7909140204165,613.8584213968384,0.0,0.0,1.0,69.0
0.0,993.1502392350881,637.1058311125967,0.0,0.0,1.0,69.0
0.0,1051.4835246431844,654.7436179055671,0.0,0.0,1.0,69.0
0.0,983.6064725728056,633.9866412663532,0.0,0.0,1.0,69.0
0.0,1012.4560424824253,640.6034227803884,0.0,0.0,1.0,69.0
0.0,985.7668144015047,631.9125222670284,0.0,0.0,1.0,69.0
0.0,984.0733856319939,635.2930624433252,0.0,0.0,1.0,69.0
0.0,1012.286060020434,635.7867580953982,0.0,0.0,1.0,69.0
0.0,974.4594282669364,634.4242901756659,0.0,0.0,1.0,69.0
0.0,977.9834394120971,640.0882196987541,0.0,0.0,1.0,69.0
0.0,1010.8274569416062,620.8667544010377,0.0,0.0,1.0,69.0
0.0,976.5131428937434,620.0054023988546,0.0,0.0,1.0,69.0
0.0,997.0865249339577,628.1661196069945,0.0,0.0,1.0,69.0
0.0,999.9165494237018,603.7200125825073,0.0,0.0,1.0,69.0
0.0,989.9348507098284,610.9689061517631,0.0,0.0,1.0,69.0
0.0,1013.9731580262956,576.3018482354435,0.0,0.0,1.0,69.0
0.0,1005.9045463438401,635.4183551790843,0.0,0.0,1.0,69.0
0.0,994.7964080705792,651.6480195954252,0.0,0.0,1.0,69.0
0.0,1029.4884903296365,617.0310878352218,0.0,0.0,1.0,69.0
0.0,984.9444663411523,583.7975851924698,0.0,0.0,1.0,69.0
0.0,964.0534256528881,573.8331645589769,0.0,0.0,1.0,69.0
0.0,965.1922347931077,560.6194444309745,0.0,0.0,1.0,69.0
0.0,996.6723247172595,600.0477699835787,0.0,0.0,1.0,69.0
0.0,999.3497348633582,556.6388620281882,0.0,0.0,1.0,69.0
0.0,994.2327326893596,552.7824969240887,0.0,0.0,1.0,69.0
0.0,987.1105017739242,588.8703230737829,0.0,0.0,1.0,69.0
0.0,975.9346253325998,585.6506142301018,0.0,0.0,1.0,69.0
0.0,965.233372269618,579.4465069339333,0.0,0.0,1.0,69.0
0.0,962.9643674747176,578.6583139745753,0.0,0.0,1.0,69.0
0.0,1001.6865614277158,593.2987740836397,0.0,0.0,1.0,69.0
0.0,981.6962853156642,586.3609183431604,0.0,0.0,1.0,69.0
0.0,964.9812186519066,594.455907728089,0.0,0.0,1.0,69.0
0.0,948.4772214991799,576.6228410464375,0.0,0.0,1.0,69.0
0.0,967.5122366498163,575.8989815986824,0.0,0.0,1.0,69.0
0.0,974.316680470537,574.9107703053116,0.0,0.0,1.0,69.0
0.0,977.0256871996376,580.8165699499755,0.0,0.0,1.0,69.0
0.0,971.5870073972778,593.2762394737024,0.0,0.0,1.0,69.0
0.0,1005.1362521341612,551.3071899416168,0.0,0.0,1.0,69.0
0.0,986.6440297426188,599.5017170466294,0.0,0.0,1.0,69.0
0.0,961.1292721516643,596.2351192236799,0.0,0.0,1.0,69.0
0.0,981.8346023200397,594.6218534009258,0.0,0.0,1.0,69.0
0.0,973.1031615943443,586.1758416532289,0.0,0.0,1.0,69.0
0.0,986.3908718173734,596.670043191479,0.0,0.0,1.0,69.0
0.0,960.667499842451,571.9094899330562,0.0,0.0,1.0,69.0
0.0,975.5655798009338,593.4488507649348,0.0,0.0,1.0,69.0
0.0,973.4325005155101,588.4627703474332,0.0,0.0,1.0,69.0
0.0,995.2825222308647,614.5011710248343,0.0,0.0,1.0,69.0
0.0,968.090867008345,571.9946114993445,0.0,0.0,1.0,69.0
0.0,976.1895256783414,593.7100176059098,0.0,0.0,1.0,69.0
0.0,997.25357866077,537.1272044643229,0.0,0.0,1.0,69.0
0.0,1011.6450922987842,510.3423286708594,0.0,0.0,1.0,69.0
0.0,1016.2501987712662,541.6171087219484,0.0,0.0,1.0,69.0
0.0,1006.0200267240448,525.4825545641256,0.0,0.0,1.0,69.0
0.0,1036.5740966951953,508.7623423075131,0.0,0.0,1.0,69.0
0.0,982.1378276482446,520.4007107581231,0.0,0.0,1.0,69.0
0.0,1005.7417423750621,514.6818833535804,0.0,0.0,1.0,69.0
0.0,1030.1625885963113,550.4802951516876,0.0,0.0,1.0,69.0
0.0,1015.8274545036552,533.5375434166783,0.0,0.0,1.0,69.0
0.0,1015.7105213289669,549.4235393134525,0.0,0.0,1.0,69.0
0.0,1010.8949116509375,569.8782193238221,0.0,0.0,1.0,69.0
0.0,983.6539996282654,525.7249393688389,0.0,0.0,1.0,69.0
0.0,1025.3025794973287,528.2820893642051,0.0,0.0,1.0,69.0
0.0,975.9496642674067,538.8739550716994,0.0,0.0,1.0,69.0
0.0,1007.7705222831037,556.192149316616,0.0,0.0,1.0,69.0
0.0,976.7788424354308,530.2301802698098,0.0,0.0,1.0,69.0
0.0,1022.8670378173742,522.6300871734045,0.0,0.0,1.0,69.0
0.0,1026.6657627241398,565.122214827052,0.0,0.0,1.0,69.0
0.0,998.4537814831292,537.1932468335444,0.0,0.0,1.0,69.0
0.0,985.6841939268311,529.6739655617805,0.0,0.0,1.0,69.0
0.0,1014.8120311172406,529.6028482537836,0.0,0.0,1.0,69.0
0.0,1001.5798761645478,541.5443854421235,0.0,0.0,1.0,69.0
0.0,988.3767248333916,531.036593714412,0.0,0.0,1.0,69.0
0.0,976.7363793470167,523.4522862489302,0.0,0.0,1.0,69.0
0.0,975.5896513226194,540.0574798374078,0.0,0.0,1.0,69.0
0.0,1004.0457868071703,541.1611442281176,0.0,0.0,1.0,69.0
0.0,983.2534951607145,583.9179406953633,0.0,0.0,1.0,69.0
0.0,991.1623381731092,531.4006535590127,0.0,0.0,1.0,69.0
0.0,1051.411983714651,516.2169473431766,0.0,0.0,1.0,69.0
0.0,997.5865927159089,530.388499558378,0.0,0.0,1.0,69.0
0.0,1001.3889283466619,519.7649319390218,0.0,0.0,1.0,69.0
0.0,1037.801823358238,499.8459415494658,0.0,0.0,1.0,69.0
0.0,1014.3750773114384,560.5948134279504,0.0,0.0,1.0,69.0
0.0,991.3189584179022,552.2073630622444,0.0,0.0,1.0,69.0
0.0,1020.3302087160259,527.5216771825869,0.0,0.0,1.0,69.0
0.0,1005.8587420964245,543.4010805947196,0.0,0.0,1.0,69.0
0.0,1038.5012529178707,506.7300043368466,0.0,0.0,1.0,69.0
0.0,1051.4999817402509,493.0117244957787,0.0,0.0,1.0,69.0
0.0,1034.0117172395026,493.3007456868588,0.0,0.0,1.0,69.0
0.0,1040.3252236332341,514.7625696188948,0.0,0.0,1.0,69.0
0.0,1067.9847596905843,517.8292544618398,0.0,0.0,1.0,69.0
0.0,1057.468548270278,537.2415889800359,0.0,0.0,1.0,69.0
0.0,1068.8960893628332,518.4419866848732,0.0,0.0,1.0,69.0
0.0,1053.713344678803,520.0892855212244,0.0,0.0,1.0,69.0
0.0,1025.7787970556637,517.720690707813,0.0,0.0,1.0,69.0
0.0,1046.2410552518118,487.9899906839721,0.0,0.0,1.0,69.0
0.0,1027.9872280697118,547.864040481833,0.0,0.0,1.0,69.0
0.0,1040.7530746220623,510.61687227528796,0.0,0.0,1.0,69.0
0.0,1055.8263720781924,502.40317614215746,0.0,0.0,1.0,69.0
0.0,1020.2111308092822,505.9436649755619,0.0,0.0,1.0,69.0
0.0,1054.0570966753053,528.2973420671406,0.0,0.0,1.0,69.0
0.0,1074.633321355892,531.0547930026512,0.0,0.0,1.0,69.0
0.0,1042.5877007850436,488.98812002604177,0.0,0.0,1.0,69.0
0.0,1035.5798734674672,549.9653192365929,0.0,0.0,1.0,69.0
0.0,1042.5210063535178,503.0130064175055,0.0,0.0,1.0,69.0
0.0,1049.3330384848746,520.5069015878544,0.0,0.0,1.0,69.0
0.0,1028.7988797411613,531.7958684429109,0.0,0.0,1.0,69.0
0.0,1032.624462057553,537.2775069136292,0.0,0.0,1.0,69.0
0.0,1058.2555084286646,493.1302682542653,0.0,0.0,1.0,69.0
0.0,1040.5354841395379,514.0810065330024,0.0,0.0,1.0,69.0
0.0,1049.729949383082,523.5535699222205,0.0,0.0,1.0,69.0
0.0,1040.6331302802587,496.2726718779295,0.0,0.0,1.0,69.0
0.0,1046.9529220276609,512.3149888344947,0.0,0.0,1.0,69.0
0.0,1052.7952602123464,502.5790688608895,0.0,0.0,1.0,69.0
0.0,1064.2939562011406,492.5269271005063,0.0,0.0,1.0,69.0
0.0,1056.6642365624298,500.3690733103658,0.0,0.0,1.0,69.0
0.0,1024.6191423584137,505.1528881767558,0.0,0.0,1.0,69.0
0.0,1043.8105695828626,514.3656192253957,0.0,0.0,1.0,69.0
0.0,1056.726311758961,523.6883771476719,0.0,0.0,1.0,69.0
0.0,1060.3625469082863,514.8797090093803,0.0,0.0,1.0,69.0
0.0,1078.692603686624,494.36300256048344,0.0,0.0,1.0,69.0
0.0,1052.52483286306,506.0764729266298,0.0,0.0,1.0,69.0
0.0,1026.4638889184607,517.8744893304388,0.0,0.0,1.0,69.0
0.0,1091.5523408260801,522.321942880425,0.0,0.0,1.0,69.0
0.0,1104.7883668156,584.1986540920775,0.0,0.0,1.0,69.0
0.0,1121.1650393001232,531.5872084373477,0.0,0.0,1.0,69.0
0.0,1111.156003231516,537.3940717319306,0.0,0.0,1.0,69.0
0.0,1107.946574051513,567.6628177478915,0.0,0.0,1.0,69.0
0.0,1104.8083239460389,531.482128636253,0.0,0.0,1.0,69.0
0.0,1127.3179420351457,523.8305989975222,0.0,0.0,1.0,69.0
0.0,1097.3858200450727,535.7720873581045,0.0,0.0,1.0,69.0
0.0,1103.4055133036422,541.9721832005,0.0,0.0,1.0,69.0
0.0,1076.0342875480478,579.6861777887184,0.0,0.0,1.0,69.0
0.0,1110.8876027975607,527.6212855624451,0.0,0.0,1.0,69.0
0.0,1106.555724602666,526.9461116055561,0.0,0.0,1.0,69.0
0.0,1113.2814177570303,529.3821935231447,0.0,0.0,1.0,69.0
0.0,1124.389555737706,519.0609336272976,0.0,0.0,1.0,69.0
0.0,1114.624636095586,532.2695763772613,0.0,0.0,1.0,69.0
0.0,1108.0671032879504,511.55540879157365,0.0,0.0,1.0,69.0
0.0,1101.7725179632284,536.454499972702,0.0,0.0,1.0,69.0
0.0,1123.3015289249902,533.3318906004222,0.0,0.0,1.0,69.0
0.0,899.5307943945818,664.0057728210991,0.0,0.0,1.0,70.0
0.0,910.0051248767104,642.1995079885282,0.0,0.0,1.0,70.0
0.0,894.7564753693046,636.3095025511643,0.0,0.0,1.0,70.0
0.0,928.4632824900377,694.5862742197605,0.0,0.0,1.0,70.0
0.0,882.864392023303,652.9220988618858,0.0,0.0,1.0,70.0
0.0,882.2695981904999,669.4022023913442,0.0,0.0,1.0,70.0
0.0,892.3151502599526,654.1631442035023,0.0,0.0,1.0,70.0
0.0,915.1916273715537,658.2704073600758,0.0,0.0,1.0,70.0
0.0,898.3427480874639,658.9517465117315,0.0,0.0,1.0,70.0
0.0,947.2014506053779,692.6366626507397,0.0,0.0,1.0,70.0
0.0,868.0362396623327,678.602674320121,0.0,0.0,1.0,70.0
0.0,898.4174581709694,667.4380697270801,0.0,0.0,1.0,70.0
0.0,937.5298693129066,673.258291444788,0.0,0.0,1.0,70.0
0.0,918.5151078714393,648.792419906687,0.0,0.0,1.0,70.0
0.0,896.4273575100924,644.6765070431679,0.0,0.0,1.0,70.0
0.0,922.1336793537234,660.715584091474,0.0,0.0,1.0,70.0
0.0,921.2075072705666,647.3536437237913,0.0,0.0,1.0,70.0
0.0,895.231409682679,638.7321850165847,0.0,0.0,1.0,70.0
0.0,911.9703739892757,659.9796035261843,0.0,0.0,1.0,70.0
0.0,901.1456613270129,662.5619659645445,0.0,0.0,1.0,70.0
0.0,900.6752787567848,646.7064031293066,0.0,0.0,1.0,70.0
0.0,888.7432596818712,636.493169444406,0.0,0.0,1.0,70.0
0.0,902.3768152282332,639.4118960891751,0.0,0.0,1.0,70.0
0.0,900.55367444177,657.288369842001,0.0,0.0,1.0,70.0
0.0,854.7209554421647,721.5687678363365,0.0,0.0,1.0,70.0
0.0,907.8067138332231,622.221936778343,0.0,0.0,1.0,70.0
0.0,908.764373385105,649.038727355693,0.0,0.0,1.0,70.0
0.0,930.6411521775021,654.9184852871563,0.0,0.0,1.0,70.0
0.0,936.2856085095891,687.3541240719828,0.0,0.0,1.0,70.0
0.0,919.7470144791873,665.3744430240713,0.0,0.0,1.0,70.0
0.0,906.7517180997711,644.1302445274926,0.0,0.0,1.0,70.0
0.0,894.875020934895,635.1704315253251,0.0,0.0,1.0,70.0
0.0,944.8756734492081,683.2105717579198,0.0,0.0,1.0,70.0
0.0,943.102661387125,682.9423901179648,0.0,0.0,1.0,70.0
0.0,961.5218741872573,673.7633016175746,0.0,0.0,1.0,70.0
0.0,934.0567467856804,693.6306714332854,0.0,0.0,1.0,70.0
0.0,945.9963460897629,695.4195773011406,0.0,0.0,1.0,70.0
0.0,964.0306078076906,684.0444357892807,0.0,0.0,1.0,70.0
0.0,916.8874787943082,676.7552476656381,0.0,0.0,1.0,70.0
0.0,953.1642741965629,661.0604630566279,0.0,0.0,1.0,70.0
0.0,954.4814925515552,668.8948712540418,0.0,0.0,1.0,70.0
0.0,942.7701072727778,680.5410633824595,0.0,0.0,1.0,70.0
0.0,943.1273369466558,694.6109471943423,0.0,0.0,1.0,70.0
0.0,945.5676487247242,724.0148213838611,0.0,0.0,1.0,70.0
0.0,947.5086979705889,685.4691293666244,0.0,0.0,1.0,70.0
0.0,961.7111795665,687.7421070718831,0.0,0.0,1.0,70.0
0.0,979.609666389094,707.9757713026279,0.0,0.0,1.0,70.0
0.0,934.5330688610306,680.9131861819251,0.0,0.0,1.0,70.0
0.0,944.0288440748996,665.9385668166938,0.0,0.0,1.0,70.0
0.0,974.259500951272,704.3820965545829,0.0,0.0,1.0,70.0
0.0,953.444880227979,659.2911860196552,0.0,0.0,1.0,70.0
0.0,961.8475502423048,648.6130828788221,0.0,0.0,1.0,70.0
0.0,968.2199256052054,701.076254403556,0.0,0.0,1.0,70.0
0.0,972.3467632008592,663.7106380922005,0.0,0.0,1.0,70.0
0.0,951.2046709946403,684.6955812112512,0.0,0.0,1.0,70.0
0.0,953.5431629301124,667.3612320505158,0.0,0.0,1.0,70.0
0.0,955.5258242400232,676.4518644050586,0.0,0.0,1.0,70.0
0.0,958.6874653470027,692.4382129917008,0.0,0.0,1.0,70.0
0.0,949.4274459818307,677.7230700383002,0.0,0.0,1.0,70.0
0.0,955.2833565653991,692.7177382717869,0.0,0.0,1.0,70.0
0.0,978.6118775622731,676.2549744194102,0.0,0.0,1.0,70.0
0.0,878.6196326536315,677.8556478763317,0.0,0.0,1.0,70.0
0.0,936.3215653627099,660.6491975760546,0.0,0.0,1.0,70.0
0.0,946.1267376417263,653.4404595894273,0.0,0.0,1.0,70.0
0.0,936.4827392898583,663.922590575171,0.0,0.0,1.0,70.0
0.0,937.7844618521672,686.2412243766339,0.0,0.0,1.0,70.0
0.0,930.9798970003258,689.4225026756371,0.0,0.0,1.0,70.0
0.0,935.9938253922251,697.9825755878487,0.0,0.0,1.0,70.0
0.0,963.449055413043,703.4867649903094,0.0,0.0,1.0,70.0
0.0,915.3882165135738,671.9681311669237,0.0,0.0,1.0,70.0
0.0,946.6926444592823,666.5212782067906,0.0,0.0,1.0,70.0
0.0,929.1585622039929,649.3218296537411,0.0,0.0,1.0,70.0
0.0,975.1814107631308,701.4532226446636,0.0,0.0,1.0,70.0
0.0,930.654578758214,679.8474752289362,0.0,0.0,1.0,70.0
0.0,933.5881401051902,677.8047820515669,0.0,0.0,1.0,70.0
0.0,964.3392485352106,679.6950317559745,0.0,0.0,1.0,70.0
0.0,965.1089048936688,639.3321146482695,0.0,0.0,1.0,70.0
0.0,955.124069825974,669.9098918685845,0.0,0.0,1.0,70.0
0.0,932.8821005613804,675.0054325188967,0.0,0.0,1.0,70.0
0.0,955.5261396992996,677.288472456765,0.0,0.0,1.0,70.0
0.0,966.4843578863879,703.9155359670322,0.0,0.0,1.0,70.0
0.0,957.9090696307144,711.6467426511767,0.0,0.0,1.0,70.0
0.0,914.5641361551579,712.5576645696046,0.0,0.0,1.0,70.0
0.0,952.9672610541775,703.7597691969663,0.0,0.0,1.0,70.0
0.0,991.0820938825523,723.8461912615758,0.0,0.0,1.0,70.0
0.0,952.8751270474831,713.7325022659543,0.0,0.0,1.0,70.0
0.0,992.5418576412117,730.1691656800108,0.0,0.0,1.0,70.0
0.0,936.284880757853,727.2813329965411,0.0,0.0,1.0,70.0
0.0,936.2311047020771,715.8022097125458,0.0,0.0,1.0,70.0
0.0,969.1649225974493,722.552053248924,0.0,0.0,1.0,70.0
0.0,975.0879330592447,736.8756173369079,0.0,0.0,1.0,70.0
0.0,971.3995095811174,722.3632178097077,0.0,0.0,1.0,70.0
0.0,962.5985500581578,716.4648378135535,0.0,0.0,1.0,70.0
0.0,964.4636049196788,707.6079354031499,0.0,0.0,1.0,70.0
0.0,964.689647643052,681.9351538087908,0.0,0.0,1.0,70.0
0.0,947.3523607894263,709.0928232022166,0.0,0.0,1.0,70.0
0.0,974.3303767084358,736.6256847111699,0.0,0.0,1.0,70.0
0.0,949.6174490232675,717.3318849555208,0.0,0.0,1.0,70.0
0.0,960.0698849571681,704.3362766489672,0.0,0.0,1.0,70.0
0.0,959.2360013729876,737.701051132839,0.0,0.0,1.0,70.0
0.0,954.7495838695818,724.7945469005022,0.0,0.0,1.0,70.0
0.0,954.3301236259913,741.8855210704974,0.0,0.0,1.0,70.0
0.0,913.4203854105654,738.6190089344636,0.0,0.0,1.0,70.0
0.0,1002.139853878396,725.4061762347487,0.0,0.0,1.0,70.0
0.0,942.7325455510518,721.9346472908637,0.0,0.0,1.0,70.0
0.0,977.5227254196175,694.5934523110577,0.0,0.0,1.0,70.0
0.0,945.2991959580163,737.5739832397585,0.0,0.0,1.0,70.0
0.0,974.4822402169598,736.5795722346188,0.0,0.0,1.0,70.0
0.0,952.1564432806849,778.3157466071916,0.0,0.0,1.0,70.0
0.0,951.0357975539991,749.1931566346943,0.0,0.0,1.0,70.0
0.0,989.290359349593,732.8140149427318,0.0,0.0,1.0,70.0
0.0,953.9397946210242,730.7716419459562,0.0,0.0,1.0,70.0
0.0,955.6199749879074,747.7638443398505,0.0,0.0,1.0,70.0
0.0,980.4069191939534,763.7470475155183,0.0,0.0,1.0,70.0
0.0,947.5934233771086,717.7803913573212,0.0,0.0,1.0,70.0
0.0,952.2197616924295,713.2015739756675,0.0,0.0,1.0,70.0
0.0,953.495001172379,748.3641077893972,0.0,0.0,1.0,70.0
0.0,973.0847768093959,723.6117264132445,0.0,0.0,1.0,70.0
0.0,949.431650069248,714.0481489489839,0.0,0.0,1.0,70.0
0.0,977.2271923116809,729.0888790458698,0.0,0.0,1.0,70.0
0.0,977.2817689826115,736.5068764612893,0.0,0.0,1.0,70.0
0.0,987.6014300152892,698.4299193259449,0.0,0.0,1.0,70.0
0.0,910.8340653465125,761.6312393150274,0.0,0.0,1.0,70.0
0.0,902.3499493784207,774.5986148942156,0.0,0.0,1.0,70.0
0.0,914.1497837152256,784.7854371590274,0.0,0.0,1.0,70.0
0.0,973.775090829844,776.3325764315705,0.0,0.0,1.0,70.0
0.0,945.6281239941604,786.9617331095274,0.0,0.0,1.0,70.0
0.0,926.6547813548232,794.4130219536164,0.0,0.0,1.0,70.0
0.0,973.7152941647223,751.1959701320079,0.0,0.0,1.0,70.0
0.0,966.1297576633265,747.8160202883805,0.0,0.0,1.0,70.0
0.0,936.2750458113442,781.730172460102,0.0,0.0,1.0,70.0
0.0,940.8365841976256,809.1052465696507,0.0,0.0,1.0,70.0
0.0,936.8419254849127,786.8329437862944,0.0,0.0,1.0,70.0
0.0,966.6853094063235,763.4156020435812,0.0,0.0,1.0,70.0
0.0,960.7248314665899,746.4850142372379,0.0,0.0,1.0,70.0
0.0,949.0420254333217,768.7850642233257,0.0,0.0,1.0,70.0
0.0,985.150402870127,766.282667632333,0.0,0.0,1.0,70.0
0.0,941.2198933031168,775.6238499551059,0.0,0.0,1.0,70.0
0.0,954.3700712425643,763.7560400406041,0.0,0.0,1.0,70.0
0.0,953.6613629218296,786.4489849019751,0.0,0.0,1.0,70.0
0.0,945.1118767876164,767.4594683708692,0.0,0.0,1.0,70.0
0.0,921.5876902975033,749.8563240045378,0.0,0.0,1.0,70.0
0.0,943.8316972338794,770.2619058048313,0.0,0.0,1.0,70.0
0.0,946.7973731199049,779.3960878766766,0.0,0.0,1.0,70.0
0.0,933.8399433341592,754.4377425274947,0.0,0.0,1.0,70.0
0.0,960.8490441328936,761.1392650155758,0.0,0.0,1.0,70.0
0.0,959.1421908597426,766.7244088152584,0.0,0.0,1.0,70.0
0.0,941.4738601048189,711.6133262517505,0.0,0.0,1.0,70.0
0.0,947.8185567727342,768.528723651139,0.0,0.0,1.0,70.0
0.0,934.910470613861,763.1547073983429,0.0,0.0,1.0,70.0
0.0,954.8279922830311,737.8773471574223,0.0,0.0,1.0,70.0
0.0,956.400512131173,747.8536726240168,0.0,0.0,1.0,70.0
0.0,956.2105403688502,786.9394137340187,0.0,0.0,1.0,70.0
0.0,910.2273197105455,769.4441952421971,0.0,0.0,1.0,70.0
0.0,913.3029852755162,783.8964740821316,0.0,0.0,1.0,70.0
0.0,901.0409214454698,812.6914784971914,0.0,0.0,1.0,70.0
0.0,887.514943815997,773.6531612858839,0.0,0.0,1.0,70.0
0.0,868.4894858980269,750.167684321571,0.0,0.0,1.0,70.0
0.0,907.8259121474307,827.4776363971141,0.0,0.0,1.0,70.0
0.0,919.9241057124168,782.9369089856082,0.0,0.0,1.0,70.0
0.0,939.4818435906509,754.3860290351586,0.0,0.0,1.0,70.0
0.0,914.3609346777157,808.299824044826,0.0,0.0,1.0,70.0
0.0,903.289989156046,787.6307281513964,0.0,0.0,1.0,70.0
0.0,920.8437288241462,794.6169917149887,0.0,0.0,1.0,70.0
0.0,891.7468931102235,772.2155471675023,0.0,0.0,1.0,70.0
0.0,879.3980667644523,800.4708053593631,0.0,0.0,1.0,70.0
0.0,922.5890259162247,753.5384730995406,0.0,0.0,1.0,70.0
0.0,863.5753404109837,760.7068495542635,0.0,0.0,1.0,70.0
0.0,903.137937332121,793.0220021275923,0.0,0.0,1.0,70.0
0.0,907.2742399866747,781.9738092604985,0.0,0.0,1.0,70.0
0.0,882.8884543421232,771.5419939530748,0.0,0.0,1.0,70.0
0.0,901.669564645435,785.25176658184,0.0,0.0,1.0,70.0
0.0,901.8266002637843,805.5385724813095,0.0,0.0,1.0,70.0
0.0,879.2085370415621,814.8532642845089,0.0,0.0,1.0,70.0
0.0,893.5632282396714,793.7150167818336,0.0,0.0,1.0,70.0
0.0,905.6065264530394,797.889837391831,0.0,0.0,1.0,70.0
0.0,875.5539731322538,756.1708152620563,0.0,0.0,1.0,70.0
0.0,893.5270287525682,818.5550490167197,0.0,0.0,1.0,70.0
0.0,909.7653095346773,801.2873081139733,0.0,0.0,1.0,70.0
0.0,885.0031501235612,778.3214834880855,0.0,0.0,1.0,70.0
0.0,888.705534925291,820.5145807991962,0.0,0.0,1.0,70.0
0.0,866.1239937797336,761.8678827140043,0.0,0.0,1.0,70.0
0.0,837.6425904466582,769.9983573294853,0.0,0.0,1.0,70.0
0.0,851.5755534405153,767.9174012371695,0.0,0.0,1.0,70.0
0.0,867.6096652795909,742.1106812890635,0.0,0.0,1.0,70.0
0.0,859.8916055637105,773.0037072579798,0.0,0.0,1.0,70.0
0.0,852.5136621596375,764.324385303908,0.0,0.0,1.0,70.0
0.0,864.812015527576,779.0739819226619,0.0,0.0,1.0,70.0
0.0,865.9854023236512,758.1402082479253,0.0,0.0,1.0,70.0
0.0,842.3397041418134,761.0798023029383,0.0,0.0,1.0,70.0
0.0,850.4244081319994,783.8301344133174,0.0,0.0,1.0,70.0
0.0,905.8069857725891,729.8118750138224,0.0,0.0,1.0,70.0
0.0,847.8947012693393,753.8078337713587,0.0,0.0,1.0,70.0
0.0,834.151204475369,799.0279355730459,0.0,0.0,1.0,70.0
0.0,864.8256145716964,778.6646975441158,0.0,0.0,1.0,70.0
0.0,903.9185834371219,777.5943120057323,0.0,0.0,1.0,70.0
0.0,864.5786352869022,789.919721566549,0.0,0.0,1.0,70.0
0.0,841.9558658604615,753.3447888781448,0.0,0.0,1.0,70.0
0.0,883.7243400239108,737.2973153794501,0.0,0.0,1.0,70.0
0.0,896.1449968348588,751.5250228596869,0.0,0.0,1.0,70.0
0.0,850.7162944016404,701.1460677766145,0.0,0.0,1.0,70.0
0.0,835.3319818406103,715.9966702238321,0.0,0.0,1.0,70.0
0.0,814.0327902778045,742.79155083858,0.0,0.0,1.0,70.0
0.0,853.035583850879,691.0576276569523,0.0,0.0,1.0,70.0
0.0,894.2895470108542,720.1796630363046,0.0,0.0,1.0,70.0
0.0,864.1187049293189,718.6678475136787,0.0,0.0,1.0,70.0
0.0,861.920091768468,751.8275714881593,0.0,0.0,1.0,70.0
0.0,849.6241862364391,723.8057612554526,0.0,0.0,1.0,70.0
0.0,825.3402617453517,731.4405467359347,0.0,0.0,1.0,70.0
0.0,837.0845220850629,689.4000475618882,0.0,0.0,1.0,70.0
0.0,821.3630743077829,755.7263492654811,0.0,0.0,1.0,70.0
0.0,836.6761187960224,707.1432320012141,0.0,0.0,1.0,70.0
0.0,848.2961991692732,716.2490045023969,0.0,0.0,1.0,70.0
0.0,837.1244860298734,720.2992068050216,0.0,0.0,1.0,70.0
0.0,856.7543545331646,702.9844950331521,0.0,0.0,1.0,70.0
0.0,850.1871406047735,716.6371407058682,0.0,0.0,1.0,70.0
0.0,815.2917696246091,717.0544866096589,0.0,0.0,1.0,70.0
0.0,830.2581774870896,732.4174302330553,0.0,0.0,1.0,70.0
0.0,829.8542934534976,718.050765142968,0.0,0.0,1.0,70.0
0.0,855.1873533912276,764.350321852231,0.0,0.0,1.0,70.0
0.0,863.0053383230766,663.6943139172558,0.0,0.0,1.0,70.0
0.0,832.8990892002121,720.6601335124815,0.0,0.0,1.0,70.0
0.0,833.911378468079,711.2237216967465,0.0,0.0,1.0,70.0
0.0,846.5498882270203,719.3477492878542,0.0,0.0,1.0,70.0
0.0,848.313421786022,706.056782411898,0.0,0.0,1.0,70.0
0.0,851.7579522641472,722.7590596913496,0.0,0.0,1.0,70.0
0.0,838.2944857420011,744.4145711173328,0.0,0.0,1.0,70.0
0.0,848.5772842041197,719.0117408311644,0.0,0.0,1.0,70.0
0.0,836.7174701579438,711.0111893684152,0.0,0.0,1.0,70.0
0.0,822.4505920446513,711.0630233083762,0.0,0.0,1.0,70.0
0.0,822.7694945581952,704.8409993090845,0.0,0.0,1.0,70.0
0.0,816.2400796109823,706.9795218649901,0.0,0.0,1.0,70.0
0.0,846.7906364695486,672.8988380693197,0.0,0.0,1.0,70.0
0.0,850.7470306046389,674.5488768146595,0.0,0.0,1.0,70.0
0.0,839.6159855037763,666.5409063587654,0.0,0.0,1.0,70.0
0.0,871.8605639693269,658.3240254979717,0.0,0.0,1.0,70.0
0.0,837.8948068529185,683.0642740272533,0.0,0.0,1.0,70.0
0.0,857.5549582833432,708.6595867515321,0.0,0.0,1.0,70.0
0.0,816.7480976080337,720.3275094140295,0.0,0.0,1.0,70.0
0.0,893.958110480914,683.8420111886494,0.0,0.0,1.0,70.0
0.0,853.5731661134009,676.3021971437952,0.0,0.0,1.0,70.0
0.0,872.3249763348531,674.1637738261775,0.0,0.0,1.0,70.0
0.0,842.1126224546751,696.543590729324,0.0,0.0,1.0,70.0
0.0,887.0091485783923,640.5435744325018,0.0,0.0,1.0,70.0
0.0,855.9270449961627,678.17536270354,0.0,0.0,1.0,70.0
0.0,846.4969756624091,691.9256513313649,0.0,0.0,1.0,70.0
0.0,861.3425721086919,685.0644267243847,0.0,0.0,1.0,70.0
0.0,853.5786300638497,662.5379282459653,0.0,0.0,1.0,70.0
0.0,828.4543993646444,653.650859377278,0.0,0.0,1.0,70.0
0.0,851.4808193435915,652.5479034130192,0.0,0.0,1.0,70.0
0.0,850.6832404785528,675.0098093621741,0.0,0.0,1.0,70.0
0.0,841.581622111748,682.8753352362642,0.0,0.0,1.0,70.0
0.0,839.273487931297,673.2435724790307,0.0,0.0,1.0,70.0
0.0,844.2493331695637,659.3466011207952,0.0,0.0,1.0,70.0
0.0,849.7265223664494,678.5789710123486,0.0,0.0,1.0,70.0
0.0,860.5163689669512,685.0767213641391,0.0,0.0,1.0,70.0
0.0,866.2370000604651,671.7234586047216,0.0,0.0,1.0,70.0
0.0,833.8323819629741,667.6540744582799,0.0,0.0,1.0,70.0
0.0,839.7015538407854,656.2690232687123,0.0,0.0,1.0,70.0
0.0,855.4943547728799,637.8271954097318,0.0,0.0,1.0,70.0
0.0,872.0552033769659,660.2869924351915,0.0,0.0,1.0,70.0
0.0,850.5282045405193,668.2476152609102,0.0,0.0,1.0,70.0
0.0,881.8005630813,659.561949692652,0.0,0.0,1.0,70.0
0.0,859.2265770985196,660.2958656444789,0.0,0.0,1.0,70.0
0.0,862.0208411459307,701.7483998566158,0.0,0.0,1.0,70.0
0.0,829.6139937270827,662.4573944072827,0.0,0.0,1.0,70.0
0.0,847.1229623044096,680.6693229056991,0.0,0.0,1.0,70.0
0.0,672.5859823992896,1015.5628575245605,0.0,0.0,1.0,71.0
0.0,631.7271951608591,1042.8902508503074,0.0,0.0,1.0,71.0
0.0,703.1199412684341,1010.7670881516933,0.0,0.0,1.0,71.0
0.0,647.4058385992591,1019.8104086923149,0.0,0.0,1.0,71.0
0.0,695.7782666153514,1008.3621117761841,0.0,0.0,1.0,71.0
0.0,689.8602117907888,1036.3321389358207,0.0,0.0,1.0,71.0
0.0,674.1380882883414,1027.296762024679,0.0,0.0,1.0,71.0
0.0,719.4196887647954,1011.4838117334534,0.0,0.0,1.0,71.0
0.0,685.7005995077066,995.2586974364303,0.0,0.0,1.0,71.0
0.0,690.2605786389909,991.7117778103589,0.0,0.0,1.0,71.0
0.0,680.1800160542193,1011.4319377386373,0.0,0.0,1.0,71.0
0.0,685.7801205648527,1049.9784072063958,0.0,0.0,1.0,71.0
0.0,663.2424777206379,1037.4606947605807,0.0,0.0,1.0,71.0
0.0,640.1201294585721,1082.0725388270848,0.0,0.0,1.0,71.0
0.0,663.1152066919672,1063.8732842217355,0.0,0.0,1.0,71.0
0.0,603.9624532844455,1047.7075105832973,0.0,0.0,1.0,71.0
0.0,656.6918590491637,1040.8134974636487,0.0,0.0,1.0,71.0
0.0,711.9920656504514,1054.3730535454783,0.0,0.0,1.0,71.0
0.0,649.0145779507989,1078.3150262928857,0.0,0.0,1.0,71.0
0.0,660.2381020166008,1064.7014693004398,0.0,0.0,1.0,71.0
0.0,654.7297415272512,1068.192985219739,0.0,0.0,1.0,71.0
0.0,643.7419935460312,1094.4504532178235,0.0,0.0,1.0,71.0
0.0,663.5131943882493,1103.1375826072413,0.0,0.0,1.0,71.0
0.0,603.4202242722877,1037.6109710879446,0.0,0.0,1.0,71.0
0.0,698.8142775372289,1099.5887900616412,0.0,0.0,1.0,71.0
0.0,651.4173768139729,1071.8111317193461,0.0,0.0,1.0,71.0
0.0,664.5771095316495,1089.615453736807,0.0,0.0,1.0,71.0
0.0,639.0886897554765,1072.0074525142122,0.0,0.0,1.0,71.0
0.0,680.8475160929297,1061.0946431389461,0.0,0.0,1.0,71.0
0.0,644.7977767425605,1029.9212702043314,0.0,0.0,1.0,71.0
0.0,664.6348359018082,1053.5445907429257,0.0,0.0,1.0,71.0
0.0,628.3565598492714,1030.9490866313872,0.0,0.0,1.0,71.0
0.0,689.1566246708526,1076.4380374244274,0.0,0.0,1.0,71.0
0.0,609.2408750110133,1068.910624618708,0.0,0.0,1.0,71.0
0.0,603.8953856611663,1083.4491213490642,0.0,0.0,1.0,71.0
0.0,623.5860102437821,1089.854976816162,0.0,0.0,1.0,71.0
0.0,623.5690440217768,1084.3022031409937,0.0,0.0,1.0,71.0
0.0,617.4298099758053,1020.1814104088662,0.0,0.0,1.0,71.0
0.0,616.7196374638313,1101.1975992253574,0.0,0.0,1.0,71.0
0.0,627.4010734061562,1088.05847434393,0.0,0.0,1.0,71.0
0.0,625.7614083575863,1087.0993684692367,0.0,0.0,1.0,71.0
0.0,616.321810379719,1085.5135270456349,0.0,0.0,1.0,71.0
0.0,609.1836394941961,1112.9049914164552,0.0,0.0,1.0,71.0
0.0,636.3811229517592,1114.4114907765256,0.0,0.0,1.0,71.0
0.0,607.5187599619733,1099.019927405794,0.0,0.0,1.0,71.0
0.0,642.7046465417775,1071.272343623668,0.0,0.0,1.0,71.0
0.0,637.0348971035783,1118.502708638503,0.0,0.0,1.0,71.0
0.0,666.4464511544004,1087.8086349871824,0.0,0.0,1.0,71.0
0.0,620.2092040939417,1036.4764698784988,0.0,0.0,1.0,71.0
0.0,606.0632200045716,1100.7774854853583,0.0,0.0,1.0,71.0
0.0,625.2786100083799,1087.6569043530626,0.0,0.0,1.0,71.0
0.0,612.7148384554876,1074.6194492518248,0.0,0.0,1.0,71.0
0.0,630.3682022282187,1080.6872808563885,0.0,0.0,1.0,71.0
0.0,631.1518638241428,1090.1861265243988,0.0,0.0,1.0,71.0
0.0,616.5362998791938,1114.3801252207318,0.0,0.0,1.0,71.0
0.0,639.8875273682972,1107.7023259818643,0.0,0.0,1.0,71.0
0.0,610.0174272384515,1089.5867185259794,0.0,0.0,1.0,71.0
0.0,671.7754313850924,1063.3734427581185,0.0,0.0,1.0,71.0
0.0,634.7885850816278,1053.407271326295,0.0,0.0,1.0,71.0
0.0,577.7102501624565,1092.252538304669,0.0,0.0,1.0,71.0
0.0,591.4343729943337,1101.093286704864,0.0,0.0,1.0,71.0
0.0,589.1564498459504,1074.1159058005314,0.0,0.0,1.0,71.0
0.0,560.7431495499616,1079.430529419904,0.0,0.0,1.0,71.0
0.0,574.1196735803392,1071.9934981585443,0.0,0.0,1.0,71.0
0.0,566.8501732793657,1087.8336021522023,0.0,0.0,1.0,71.0
0.0,586.5491446311698,1052.7240114237998,0.0,0.0,1.0,71.0
0.0,567.7043685214244,1024.845848598206,0.0,0.0,1.0,71.0
0.0,585.5163737131043,1069.704673382692,0.0,0.0,1.0,71.0
0.0,560.9590800599567,1064.2268243251483,0.0,0.0,1.0,71.0
0.0,580.585800988975,1077.4149540362432,0.0,0.0,1.0,71.0
0.0,594.180011624424,1075.9879593929231,0.0,0.0,1.0,71.0
0.0,584.5415191726258,1087.2289946435503,0.0,0.0,1.0,71.0
0.0,555.367597314586,1087.469206226403,0.0,0.0,1.0,71.0
0.0,538.5119682911036,1050.5424400952575,0.0,0.0,1.0,71.0
0.0,551.9122818891501,1064.4928029381035,0.0,0.0,1.0,71.0
0.0,561.9467075637817,1069.3655937622098,0.0,0.0,1.0,71.0
0.0,563.8258182453906,1083.9123495977083,0.0,0.0,1.0,71.0
0.0,541.4209341244109,1054.3109050346193,0.0,0.0,1.0,71.0
0.0,589.2920662254865,1102.6448935945,0.0,0.0,1.0,71.0
0.0,572.5573728602017,1063.2279422652468,0.0,0.0,1.0,71.0
0.0,569.5842533821497,1070.01088646189,0.0,0.0,1.0,71.0
0.0,615.5761500824715,1092.188533710601,0.0,0.0,1.0,71.0
0.0,580.4779729657535,1059.1657480344006,0.0,0.0,1.0,71.0
0.0,551.3458192460585,1072.7162774273447,0.0,0.0,1.0,71.0
0.0,555.0752167947244,1039.1331342326703,0.0,0.0,1.0,71.0
0.0,574.5870887807778,1078.8892465505023,0.0,0.0,1.0,71.0
0.0,549.0294660137138,1061.0190801381482,0.0,0.0,1.0,71.0
0.0,579.25272173761,1076.4870054518924,0.0,0.0,1.0,71.0
0.0,586.5809206183044,1098.6751888503,0.0,0.0,1.0,71.0
0.0,572.6770489400451,1073.891404836943,0.0,0.0,1.0,71.0
0.0,552.9264725769226,1089.1100799336205,0.0,0.0,1.0,71.0
0.0,547.9218956650939,1053.150623657045,0.0,0.0,1.0,71.0
0.0,620.7948421072374,1078.9635443222246,0.0,0.0,1.0,71.0
0.0,596.0168539543965,1074.4498999177354,0.0,0.0,1.0,71.0
0.0,576.3175031659403,1063.730375354974,0.0,0.0,1.0,71.0
0.0,580.6344345642635,1077.2978936082477,0.0,0.0,1.0,71.0
0.0,574.245081096783,1085.151656149908,0.0,0.0,1.0,71.0
0.0,563.9842001203685,1065.3597653744578,0.0,0.0,1.0,71.0
0.0,561.9924265603961,1014.8099172002799,0.0,0.0,1.0,71.0
0.0,556.2485165629146,1035.307601618515,0.0,0.0,1.0,71.0
0.0,562.8923260771846,1007.3058924063967,0.0,0.0,1.0,71.0
0.0,547.5781944034854,1030.9030008101636,0.0,0.0,1.0,71.0
0.0,530.964979118563,1034.6930473621796,0.0,0.0,1.0,71.0
0.0,544.9770082818427,1023.2939958609004,0.0,0.0,1.0,71.0
0.0,587.7548531051307,1054.955255329728,0.0,0.0,1.0,71.0
0.0,542.9568667236522,1036.3182942789408,0.0,0.0,1.0,71.0
0.0,549.5519856673536,1036.0585993088575,0.0,0.0,1.0,71.0
0.0,546.1597391105133,1026.430782228027,0.0,0.0,1.0,71.0
0.0,532.4510976229822,1018.9999561125719,0.0,0.0,1.0,71.0
0.0,540.0784830902999,987.0338356155971,0.0,0.0,1.0,71.0
0.0,555.8528334898019,1035.8927898816441,0.0,0.0,1.0,71.0
0.0,541.5195122798782,1023.2835636901436,0.0,0.0,1.0,71.0
0.0,537.7180975188755,1013.8053706883875,0.0,0.0,1.0,71.0
0.0,548.7872146371915,1027.7623968250136,0.0,0.0,1.0,71.0
0.0,543.6000479599711,1001.5074283028744,0.0,0.0,1.0,71.0
0.0,521.3379075182593,1038.6347656102084,0.0,0.0,1.0,71.0
0.0,601.6418340040696,1062.412986445429,0.0,0.0,1.0,71.0
0.0,555.235949569412,1065.757999208698,0.0,0.0,1.0,71.0
0.0,553.8553520407986,1051.4735749094916,0.0,0.0,1.0,71.0
0.0,584.6738433018363,1025.2713996007037,0.0,0.0,1.0,71.0
0.0,559.4770883126907,1022.1758997720576,0.0,0.0,1.0,71.0
0.0,519.4430323450817,1025.6013564413897,0.0,0.0,1.0,71.0
0.0,508.0130220438368,1027.2939950933346,0.0,0.0,1.0,71.0
0.0,579.1629475215777,1049.5518442675448,0.0,0.0,1.0,71.0
0.0,555.0937404776,1035.8504281751216,0.0,0.0,1.0,71.0
0.0,549.0656174327896,1030.7078380740645,0.0,0.0,1.0,71.0
0.0,564.489375122527,1005.3484597968213,0.0,0.0,1.0,71.0
0.0,551.4588907250225,969.6111194740643,0.0,0.0,1.0,71.0
0.0,592.9462845723438,978.256874764872,0.0,0.0,1.0,71.0
0.0,579.7845947543683,970.0023470670458,0.0,0.0,1.0,71.0
0.0,609.4553799783973,1003.3243818094697,0.0,0.0,1.0,71.0
0.0,548.563506791156,988.5366101760033,0.0,0.0,1.0,71.0
0.0,605.8940255872708,998.834363739008,0.0,0.0,1.0,71.0
0.0,567.8053143276593,983.2794975132629,0.0,0.0,1.0,71.0
0.0,537.5362359959349,960.1831559348016,0.0,0.0,1.0,71.0
0.0,571.9620717971859,973.4586322182304,0.0,0.0,1.0,71.0
0.0,548.6855463175034,982.1484010260583,0.0,0.0,1.0,71.0
0.0,558.6859087001721,986.7687962515201,0.0,0.0,1.0,71.0
0.0,554.2147345165085,956.0242472427922,0.0,0.0,1.0,71.0
0.0,529.2347112458051,958.2309484765192,0.0,0.0,1.0,71.0
0.0,579.3531540363965,992.6525834561803,0.0,0.0,1.0,71.0
0.0,581.4599644967345,965.3085315962871,0.0,0.0,1.0,71.0
0.0,551.8634244814934,962.7521719505198,0.0,0.0,1.0,71.0
0.0,557.2490848821897,977.3649446071668,0.0,0.0,1.0,71.0
0.0,559.7892303363087,978.6058946183289,0.0,0.0,1.0,71.0
0.0,634.1775633067004,937.3626663078858,0.0,0.0,1.0,71.0
0.0,589.132982316079,970.3186982285247,0.0,0.0,1.0,71.0
0.0,596.4374679765895,957.522475804823,0.0,0.0,1.0,71.0
0.0,617.35715606452,947.6269676348575,0.0,0.0,1.0,71.0
0.0,606.8175657561944,956.3808896733667,0.0,0.0,1.0,71.0
0.0,590.3050874504347,963.943880338209,0.0,0.0,1.0,71.0
0.0,601.7670971718646,935.0901705961132,0.0,0.0,1.0,71.0
0.0,582.0169988879018,942.3200796566634,0.0,0.0,1.0,71.0
0.0,610.1906584702795,991.0535591564935,0.0,0.0,1.0,71.0
0.0,587.7476410160548,956.9203780803955,0.0,0.0,1.0,71.0
0.0,621.7683812964283,926.2867736554749,0.0,0.0,1.0,71.0
0.0,604.803639871654,957.2739442136008,0.0,0.0,1.0,71.0
0.0,616.0520992819406,954.3078034771734,0.0,0.0,1.0,71.0
0.0,628.4234872530353,950.491705969911,0.0,0.0,1.0,71.0
0.0,608.5470825580376,963.9490517402319,0.0,0.0,1.0,71.0
0.0,586.3613309748443,934.1265922359539,0.0,0.0,1.0,71.0
0.0,611.3715755379812,964.3094301527058,0.0,0.0,1.0,71.0
0.0,612.3003765678081,932.768914756808,0.0,0.0,1.0,71.0
0.0,605.7716124922836,956.0270342577323,0.0,0.0,1.0,71.0
0.0,614.6062396990023,963.715115959194,0.0,0.0,1.0,71.0
0.0,627.8554186235083,954.2441588798988,0.0,0.0,1.0,71.0
0.0,578.5646475802002,987.3469630898412,0.0,0.0,1.0,71.0
0.0,600.6126763799534,956.9903038345387,0.0,0.0,1.0,71.0
0.0,604.7340518989631,995.7130045897857,0.0,0.0,1.0,71.0
0.0,612.2560171055568,941.3918304771823,0.0,0.0,1.0,71.0
0.0,613.648211193273,966.3698947555517,0.0,0.0,1.0,71.0
0.0,611.7752842401064,949.0482822681133,0.0,0.0,1.0,71.0
0.0,604.4042636047739,949.0434743946489,0.0,0.0,1.0,71.0
0.0,592.8514458413265,951.5533698986701,0.0,0.0,1.0,71.0
0.0,626.2900419787288,962.3629346698981,0.0,0.0,1.0,71.0
0.0,611.9292000907005,974.2131952017126,0.0,0.0,1.0,71.0
0.0,641.9623199945395,962.1944952138692,0.0,0.0,1.0,71.0
0.0,661.5515816179168,994.1913764455112,0.0,0.0,1.0,71.0
0.0,650.2032866091656,937.0051552797358,0.0,0.0,1.0,71.0
0.0,641.8081633122251,973.6963122438206,0.0,0.0,1.0,71.0
0.0,618.1437373702979,951.6923397601504,0.0,0.0,1.0,71.0
0.0,627.6301468297245,1020.9122117092775,0.0,0.0,1.0,71.0
0.0,640.0206878106364,1002.7385532036938,0.0,0.0,1.0,71.0
0.0,617.0513759451801,978.5208603695523,0.0,0.0,1.0,71.0
0.0,640.0519033336486,964.8257565825161,0.0,0.0,1.0,71.0
0.0,654.7165714634898,949.0970995582165,0.0,0.0,1.0,71.0
0.0,633.6503197958837,951.3987356602152,0.0,0.0,1.0,71.0
0.0,637.7540531665563,941.244812393762,0.0,0.0,1.0,71.0
0.0,636.1942711358329,970.7111587264717,0.0,0.0,1.0,71.0
0.0,654.6125497334069,951.5682980680022,0.0,0.0,1.0,71.0
0.0,608.5312218180388,940.2422778109876,0.0,0.0,1.0,71.0
0.0,654.1249990015112,981.3859377087679,0.0,0.0,1.0,71.0
0.0,662.6369948286961,976.9194882899019,0.0,0.0,1.0,71.0
0.0,664.2683532500771,981.6767188284011,0.0,0.0,1.0,71.0
0.0,656.909508475007,981.9313990452242,0.0,0.0,1.0,71.0
0.0,659.4985688243828,960.0156053965043,0.0,0.0,1.0,71.0
0.0,663.8379912603446,960.79593599279,0.0,0.0,1.0,71.0
0.0,651.5457449887926,964.2246366116833,0.0,0.0,1.0,71.0
0.0,658.083368983036,941.1628153212541,0.0,0.0,1.0,71.0
0.0,674.50580965381,975.7008458035316,0.0,0.0,1.0,71.0
0.0,667.823405404753,962.9384706511087,0.0,0.0,1.0,71.0
0.0,669.8000974121383,960.9572822658351,0.0,0.0,1.0,71.0
0.0,650.537521230513,960.3551527229038,0.0,0.0,1.0,71.0
0.0,642.0951790165523,975.0978687750285,0.0,0.0,1.0,71.0
0.0,674.9682976357303,976.7387683401221,0.0,0.0,1.0,71.0
0.0,644.5280581483889,955.47595340925,0.0,0.0,1.0,71.0
0.0,630.6447911652485,971.1942031740082,0.0,0.0,1.0,71.0
0.0,376.2496061576203,1117.2369245103569,0.0,0.0,1.0,72.0
0.0,440.5700883294228,1152.3364429789694,0.0,0.0,1.0,72.0
0.0,388.85993680601814,1105.7621451794098,0.0,0.0,1.0,72.0
0.0,385.90738574004627,1123.6075020211156,0.0,0.0,1.0,72.0
0.0,417.8585590887035,1147.4350337261035,0.0,0.0,1.0,72.0
0.0,359.729587461248,1116.6800127398556,0.0,0.0,1.0,72.0
0.0,388.51283790414413,1130.1907869479096,0.0,0.0,1.0,72.0
0.0,385.9622968397289,1121.0067893098098,0.0,0.0,1.0,72.0
0.0,382.90761658448264,1143.5753644725796,0.0,0.0,1.0,72.0
0.0,362.718590989944,1080.8149202401682,0.0,0.0,1.0,72.0
0.0,381.52871599239506,1121.2637466363863,0.0,0.0,1.0,72.0
0.0,365.4898130486945,1122.4369037984006,0.0,0.0,1.0,72.0
0.0,362.7550171644591,1127.5883414782243,0.0,0.0,1.0,72.0
0.0,361.83494859322764,1121.9667947580751,0.0,0.0,1.0,72.0
0.0,386.5174141798998,1140.6552210100222,0.0,0.0,1.0,72.0
0.0,380.7631432076664,1111.3278091966959,0.0,0.0,1.0,72.0
0.0,401.9019579680414,1122.0177064838863,0.0,0.0,1.0,72.0
0.0,372.8350672452041,1104.7272636573712,0.0,0.0,1.0,72.0
0.0,393.88112442244073,1132.692657912441,0.0,0.0,1.0,72.0
0.0,385.78391523313917,1104.7455524436764,0.0,0.0,1.0,72.0
0.0,369.9968865591111,1122.7558158573434,0.0,0.0,1.0,72.0
0.0,395.10179265233955,1081.7531613220617,0.0,0.0,1.0,72.0
0.0,343.26391617652644,1106.2765958827085,0.0,0.0,1.0,72.0
0.0,348.0702871445312,1086.5753166361792,0.0,0.0,1.0,72.0
0.0,350.1507174002493,1091.768663967182,0.0,0.0,1.0,72.0
0.0,344.90927829428756,1073.3571236875655,0.0,0.0,1.0,72.0
0.0,385.056385786286,1071.7763535501172,0.0,0.0,1.0,72.0
0.0,360.12872685057573,1072.4323316169994,0.0,0.0,1.0,72.0
0.0,361.1488643386706,1077.0718402656094,0.0,0.0,1.0,72.0
0.0,341.46370522351776,1052.8253213625421,0.0,0.0,1.0,72.0
0.0,332.9232182456276,1107.4328418714617,0.0,0.0,1.0,72.0
0.0,352.51611268211536,1110.2660188722202,0.0,0.0,1.0,72.0
0.0,369.44055490444134,1088.0332221855906,0.0,0.0,1.0,72.0
0.0,356.39664354163847,1091.9697819838348,0.0,0.0,1.0,72.0
0.0,359.91243422664365,1076.828491905243,0.0,0.0,1.0,72.0
0.0,376.1138666245756,1060.801961867061,0.0,0.0,1.0,72.0
0.0,364.0799776074073,1034.525361867666,0.0,0.0,1.0,72.0
0.0,421.69584828162783,1042.3304651063872,0.0,0.0,1.0,72.0
0.0,381.4251266968099,1022.2854592944323,0.0,0.0,1.0,72.0
0.0,371.63943173707366,1091.8229211598955,0.0,0.0,1.0,72.0
0.0,392.95519125487976,1090.220718698853,0.0,0.0,1.0,72.0
0.0,369.32939453610015,1017.2198808634294,0.0,0.0,1.0,72.0
0.0,379.8225617533258,1056.77363336887,0.0,0.0,1.0,72.0
0.0,365.86469724654216,1030.4514311778075,0.0,0.0,1.0,72.0
0.0,369.1432674071816,1033.2446834631019,0.0,0.0,1.0,72.0
0.0,376.4246722093792,1018.9663187605952,0.0,0.0,1.0,72.0
0.0,377.9802676522645,1022.6500088934486,0.0,0.0,1.0,72.0
0.0,376.4705779477715,1049.584369763651,0.0,0.0,1.0,72.0
0.0,396.8270793545489,1041.1633222064993,0.0,0.0,1.0,72.0
0.0,373.55970003653124,1056.1809812699416,0.0,0.0,1.0,72.0
0.0,384.8666934537523,1040.4390357193606,0.0,0.0,1.0,72.0
0.0,358.6803168621268,1041.1482852762351,0.0,0.0,1.0,72.0
0.0,360.71889958831844,1029.907596110067,0.0,0.0,1.0,72.0
0.0,391.98843449342576,1035.7643931917246,0.0,0.0,1.0,72.0
0.0,370.72293023939983,1047.5206397723196,0.0,0.0,1.0,72.0
0.0,387.0243708106764,1035.3117243460392,0.0,0.0,1.0,72.0
0.0,368.0744299409007,1057.5830796411383,0.0,0.0,1.0,72.0
0.0,384.6465877438068,1039.7053749876313,0.0,0.0,1.0,72.0
0.0,420.33252449865336,1075.3869701698713,0.0,0.0,1.0,72.0
0.0,414.4306271329199,1026.7733980043672,0.0,0.0,1.0,72.0
0.0,410.0761339490896,1023.535403908736,0.0,0.0,1.0,72.0
0.0,409.37130307325583,1005.4585153345984,0.0,0.0,1.0,72.0
0.0,407.6646386117509,1020.0145494058124,0.0,0.0,1.0,72.0
0.0,416.77153647384966,1058.4213481436195,0.0,0.0,1.0,72.0
0.0,416.42903476471133,1028.7899147178273,0.0,0.0,1.0,72.0
0.0,392.9783996446522,1081.3334330806688,0.0,0.0,1.0,72.0
0.0,423.1454528620973,1026.8881839175283,0.0,0.0,1.0,72.0
0.0,399.81964759656785,1003.9841999103332,0.0,0.0,1.0,72.0
0.0,389.51835506611656,1005.3605658479482,0.0,0.0,1.0,72.0
0.0,410.3174666269979,1079.484913051972,0.0,0.0,1.0,72.0
0.0,401.67022231305964,1079.1488472242686,0.0,0.0,1.0,72.0
0.0,426.17559537145326,1001.7353456478586,0.0,0.0,1.0,72.0
0.0,408.5116181369126,1019.0080155891792,0.0,0.0,1.0,72.0
0.0,365.8690968608835,1035.9529349821169,0.0,0.0,1.0,72.0
0.0,435.6559754937339,1041.7285029170152,0.0,0.0,1.0,72.0
0.0,442.6866664707402,1033.9061910726168,0.0,0.0,1.0,72.0
0.0,448.1636563421946,1011.1142260396446,0.0,0.0,1.0,72.0
0.0,411.4071712885884,1042.4332230617892,0.0,0.0,1.0,72.0
0.0,390.9812374131511,1017.0055055669686,0.0,0.0,1.0,72.0
0.0,414.6797752815985,1027.9430890503522,0.0,0.0,1.0,72.0
0.0,399.50608624597817,1022.9354784813304,0.0,0.0,1.0,72.0
0.0,432.29420877210146,1016.8308590911352,0.0,0.0,1.0,72.0
0.0,412.1382946359813,1009.5341439099275,0.0,0.0,1.0,72.0
0.0,404.61159564284935,1027.5513114241257,0.0,0.0,1.0,72.0
0.0,431.2663928289294,1029.876666332732,0.0,0.0,1.0,72.0
0.0,448.6104817621399,1056.7130781882365,0.0,0.0,1.0,72.0
0.0,412.3736853981343,1034.16088058572,0.0,0.0,1.0,72.0
0.0,419.3082087172306,1031.7385672111955,0.0,0.0,1.0,72.0
0.0,396.9948913445469,1031.8037387148115,0.0,0.0,1.0,72.0
0.0,401.35437153921043,1028.451389506995,0.0,0.0,1.0,72.0
0.0,436.6259948730651,998.9227489098262,0.0,0.0,1.0,72.0
0.0,417.3941662238326,1010.2626668422035,0.0,0.0,1.0,72.0
0.0,407.8265762281942,1031.3328698341702,0.0,0.0,1.0,72.0
0.0,410.46934969453923,1038.3334269227457,0.0,0.0,1.0,72.0
0.0,477.07022580094736,1025.1204261933362,0.0,0.0,1.0,72.0
0.0,471.31210427132964,1019.3785841764657,0.0,0.0,1.0,72.0
0.0,443.06586016361325,1039.3888524966474,0.0,0.0,1.0,72.0
0.0,455.5710149535814,1027.6192745180133,0.0,0.0,1.0,72.0
0.0,425.778027304495,1057.8064084813882,0.0,0.0,1.0,72.0
0.0,484.44386099168923,1034.489684624586,0.0,0.0,1.0,72.0
0.0,477.10581487911077,1026.006050642391,0.0,0.0,1.0,72.0
0.0,472.6156898348888,1046.9389149180097,0.0,0.0,1.0,72.0
0.0,447.76534885148885,1029.1883493573837,0.0,0.0,1.0,72.0
0.0,481.21011179443053,1035.2936412381364,0.0,0.0,1.0,72.0
0.0,466.7514446935065,1060.7467971244046,0.0,0.0,1.0,72.0
0.0,497.7474161455989,1043.9048555265472,0.0,0.0,1.0,72.0
0.0,468.9356386018528,1052.2548850706658,0.0,0.0,1.0,72.0
0.0,458.56811780533144,1042.7447642881243,0.0,0.0,1.0,72.0
0.0,489.3873690998262,1055.8958442637718,0.0,0.0,1.0,72.0
0.0,452.70951832793526,1059.2610551926145,0.0,0.0,1.0,72.0
0.0,453.45380599255736,1056.0564553758413,0.0,0.0,1.0,72.0
0.0,423.51366910068305,1036.1918484830258,0.0,0.0,1.0,72.0
0.0,463.8359118247431,1040.8178012557337,0.0,0.0,1.0,72.0
0.0,468.44257755640047,1023.714852358496,0.0,0.0,1.0,72.0
0.0,459.7284362659018,1046.783561572452,0.0,0.0,1.0,72.0
0.0,482.63444803465995,1079.1997393497431,0.0,0.0,1.0,72.0
0.0,439.3366925789835,1051.1274320040657,0.0,0.0,1.0,72.0
0.0,452.1393673223806,1063.0267674559177,0.0,0.0,1.0,72.0
0.0,450.5004790190883,1032.494696804658,0.0,0.0,1.0,72.0
0.0,458.29196624420297,1042.6800332703542,0.0,0.0,1.0,72.0
0.0,457.98802390580295,1039.3512613968032,0.0,0.0,1.0,72.0
0.0,467.2891520047142,1031.2784452384294,0.0,0.0,1.0,72.0
0.0,474.6291350542401,1052.4334540701261,0.0,0.0,1.0,72.0
0.0,457.1049469548941,1019.6116851260131,0.0,0.0,1.0,72.0
0.0,455.40006828056994,1116.0080730649706,0.0,0.0,1.0,72.0
0.0,481.19084699454584,1138.5462101277776,0.0,0.0,1.0,72.0
0.0,450.83801842000025,1124.0670460799624,0.0,0.0,1.0,72.0
0.0,467.3087370358544,1122.6049225700485,0.0,0.0,1.0,72.0
0.0,453.52387712876885,1106.7157547836787,0.0,0.0,1.0,72.0
0.0,455.8527194260332,1119.225066305828,0.0,0.0,1.0,72.0
0.0,442.32618169968555,1120.597954785524,0.0,0.0,1.0,72.0
0.0,427.2118102503464,1101.9230222123401,0.0,0.0,1.0,72.0
0.0,454.08014711061924,1099.2300590400582,0.0,0.0,1.0,72.0
0.0,478.53889596428644,1141.83070193102,0.0,0.0,1.0,72.0
0.0,475.43134536454954,1110.5558026067647,0.0,0.0,1.0,72.0
0.0,500.10168700079976,1138.8968782619904,0.0,0.0,1.0,72.0
0.0,458.5485081877366,1117.8567547316743,0.0,0.0,1.0,72.0
0.0,449.71918654937303,1096.110611888058,0.0,0.0,1.0,72.0
0.0,464.38799397705316,1059.159737583704,0.0,0.0,1.0,72.0
0.0,458.09766017065976,1132.4057140454006,0.0,0.0,1.0,72.0
0.0,495.8742634361056,1113.6394096543445,0.0,0.0,1.0,72.0
0.0,451.0060252582896,1113.9711009730236,0.0,0.0,1.0,72.0
0.0,453.4783254436302,1144.5518547375368,0.0,0.0,1.0,72.0
0.0,461.1464208935656,1127.589883939057,0.0,0.0,1.0,72.0
0.0,424.5225961321253,1144.6363706072889,0.0,0.0,1.0,72.0
0.0,475.07448957997235,1111.7193026626792,0.0,0.0,1.0,72.0
0.0,472.43385362177014,1112.192266643226,0.0,0.0,1.0,72.0
0.0,458.3412332248804,1111.3751347714078,0.0,0.0,1.0,72.0
0.0,480.5254290236585,1122.0617688230827,0.0,0.0,1.0,72.0
0.0,470.56051824139126,1126.5159400762536,0.0,0.0,1.0,72.0
0.0,464.0127253232986,1113.958184924551,0.0,0.0,1.0,72.0
0.0,468.9802733144859,1095.2993781163773,0.0,0.0,1.0,72.0
0.0,472.6146264536135,1101.361167199324,0.0,0.0,1.0,72.0
0.0,472.7064729013948,1108.1210697596289,0.0,0.0,1.0,72.0
0.0,468.35639270778256,1144.6038560091006,0.0,0.0,1.0,72.0
0.0,465.10772421786305,1135.0028024358744,0.0,0.0,1.0,72.0
0.0,449.7817958289397,1119.4948258148634,0.0,0.0,1.0,72.0
0.0,473.63718722535305,1148.2351982302175,0.0,0.0,1.0,72.0
0.0,443.4985515470853,1102.976252656289,0.0,0.0,1.0,72.0
0.0,434.1188317660178,1129.2408286260443,0.0,0.0,1.0,72.0
0.0,429.9432780067218,1141.5577581313805,0.0,0.0,1.0,72.0
0.0,403.5755662883364,1139.0267838474533,0.0,0.0,1.0,72.0
0.0,426.72318664624754,1152.8095354036755,0.0,0.0,1.0,72.0
0.0,416.44859291764624,1128.1272995879776,0.0,0.0,1.0,72.0
0.0,402.43834190163625,1162.861222729393,0.0,0.0,1.0,72.0
0.0,413.39033707214276,1136.9280464309008,0.0,0.0,1.0,72.0
0.0,424.54888178138253,1142.559213029228,0.0,0.0,1.0,72.0
0.0,420.0873041208333,1142.246801281222,0.0,0.0,1.0,72.0
0.0,428.7975641244652,1141.41157306379,0.0,0.0,1.0,72.0
0.0,397.4104813607996,1124.5285426478185,0.0,0.0,1.0,72.0
0.0,414.12578971786456,1136.1918406485775,0.0,0.0,1.0,72.0
0.0,428.78049278572234,1152.8656685324986,0.0,0.0,1.0,72.0
0.0,426.3412276082954,1147.3419939161995,0.0,0.0,1.0,72.0
0.0,383.80535317594445,1127.732133239805,0.0,0.0,1.0,72.0
0.0,429.3664028136159,1138.971501260913,0.0,0.0,1.0,72.0
0.0,452.1071284932432,1148.3449167726994,0.0,0.0,1.0,72.0
0.0,445.3376864528518,1147.075089778661,0.0,0.0,1.0,72.0
0.0,427.9758941182272,1124.2280055859428,0.0,0.0,1.0,72.0
0.0,471.7903341657827,1117.0458846756314,0.0,0.0,1.0,72.0
0.0,442.9131249401353,1141.0610124219465,0.0,0.0,1.0,72.0
0.0,416.30696480584675,1146.1600614415338,0.0,0.0,1.0,72.0
0.0,427.42790727323904,1121.3087042408124,0.0,0.0,1.0,72.0
0.0,418.61790546150087,1164.2085159827138,0.0,0.0,1.0,72.0
0.0,424.7399725820321,1175.0410521514941,0.0,0.0,1.0,72.0
0.0,412.26542286898984,1153.9274389169286,0.0,0.0,1.0,72.0
0.0,437.22518323191616,1146.6227168463693,0.0,0.0,1.0,72.0
0.0,422.5874242259488,1165.9092462386616,0.0,0.0,1.0,72.0
0.0,452.874379400718,1122.6041361142006,0.0,0.0,1.0,72.0
0.0,423.08975862724833,1129.2608341813302,0.0,0.0,1.0,72.0
0.0,417.0750841631168,1158.785279861294,0.0,0.0,1.0,72.0
0.0,442.2046137145867,1164.7748184275151,0.0,0.0,1.0,72.0
0.0,441.2287990816885,1158.5222644686933,0.0,0.0,1.0,72.0
0.0,424.51443578029557,1153.7091205269971,0.0,0.0,1.0,72.0
0.0,436.7512151649137,1137.6041707607428,0.0,0.0,1.0,72.0
0.0,424.07036829298113,1160.0128434633216,0.0,0.0,1.0,72.0
0.0,394.7674043701729,1138.4556196633098,0.0,0.0,1.0,72.0
0.0,415.93446158517463,1144.970360757763,0.0,0.0,1.0,72.0
0.0,435.473001192423,1135.3186745486541,0.0,0.0,1.0,72.0
0.0,424.71895843334073,1137.7175941098717,0.0,0.0,1.0,72.0
0.0,423.42638594275286,1125.2598100797145,0.0,0.0,1.0,72.0
0.0,415.12662814344344,1133.112287591207,0.0,0.0,1.0,72.0
0.0,407.0845707267267,1136.5117195095863,0.0,0.0,1.0,72.0
0.0,-630.0005149103579,966.6827573755177,0.0,0.0,1.0,73.0
0.0,-650.2231132689301,917.5985842205432,0.0,0.0,1.0,73.0
0.0,-634.1389636573537,912.6452083722734,0.0,0.0,1.0,73.0
0.0,-671.4630838319796,922.8008055187229,0.0,0.0,1.0,73.0
0.0,-672.6173194991861,923.0809433380173,0.0,0.0,1.0,73.0
0.0,-648.2160542379174,928.8361233402634,0.0,0.0,1.0,73.0
0.0,-669.3307515833915,919.0677567936491,0.0,0.0,1.0,73.0
0.0,-655.5116579389706,903.2864769385628,0.0,0.0,1.0,73.0
0.0,-672.0941502504166,893.185270412861,0.0,0.0,1.0,73.0
0.0,-645.5766790224807,908.5513796641812,0.0,0.0,1.0,73.0
0.0,-619.8477329857702,917.4720634405676,0.0,0.0,1.0,73.0
0.0,-631.7834298835666,920.5079994171901,0.0,0.0,1.0,73.0
0.0,-624.4430115981788,936.9988471537572,0.0,0.0,1.0,73.0
0.0,-659.2145924116841,939.9404602932768,0.0,0.0,1.0,73.0
0.0,-660.5235318849487,910.271421616847,0.0,0.0,1.0,73.0
0.0,-648.1577654693249,913.0753052362616,0.0,0.0,1.0,73.0
0.0,-668.1168159500166,932.3234001895194,0.0,0.0,1.0,73.0
0.0,-645.6612959834922,994.017774238549,0.0,0.0,1.0,73.0
0.0,-634.1097856213278,972.8328600672703,0.0,0.0,1.0,73.0
0.0,-610.6899881064709,949.1370942681838,0.0,0.0,1.0,73.0
0.0,-654.6658165587722,910.861060364211,0.0,0.0,1.0,73.0
0.0,-654.0880436834574,923.5950118072797,0.0,0.0,1.0,73.0
0.0,-642.8725663552045,931.850463121817,0.0,0.0,1.0,73.0
0.0,-658.4416837163509,894.753469331733,0.0,0.0,1.0,73.0
0.0,-626.4008841490759,928.9317207785807,0.0,0.0,1.0,73.0
0.0,-668.751111021253,915.9042459010498,0.0,0.0,1.0,73.0
0.0,-637.2656644518637,915.615515396928,0.0,0.0,1.0,73.0
0.0,-659.231112005692,903.5425020125804,0.0,0.0,1.0,73.0
0.0,-636.3111971098872,898.2321086234733,0.0,0.0,1.0,73.0
0.0,-639.7266234812672,933.3816770219114,0.0,0.0,1.0,73.0
0.0,-603.4792666998476,880.0344134310167,0.0,0.0,1.0,73.0
0.0,-593.5166080793047,876.5480707864499,0.0,0.0,1.0,73.0
0.0,-579.4246003827532,906.3000751224054,0.0,0.0,1.0,73.0
0.0,-609.9852035983081,932.4163903370527,0.0,0.0,1.0,73.0
0.0,-617.5573229202543,885.1276346161949,0.0,0.0,1.0,73.0
0.0,-570.9978574679619,912.9203229019358,0.0,0.0,1.0,73.0
0.0,-608.8774647921927,906.4770642774665,0.0,0.0,1.0,73.0
0.0,-591.7940818254962,901.5864235719841,0.0,0.0,1.0,73.0
0.0,-602.8178168930789,910.2443034386765,0.0,0.0,1.0,73.0
0.0,-613.3025243144441,905.037417843218,0.0,0.0,1.0,73.0
0.0,-610.7851846193854,906.7859687365517,0.0,0.0,1.0,73.0
0.0,-589.5268499631158,872.8051732890713,0.0,0.0,1.0,73.0
0.0,-609.2785824790958,893.3889877110937,0.0,0.0,1.0,73.0
0.0,-611.6390120820594,880.0022282610321,0.0,0.0,1.0,73.0
0.0,-578.7703103436347,899.4929593440665,0.0,0.0,1.0,73.0
0.0,-598.718312666213,928.1918356772148,0.0,0.0,1.0,73.0
0.0,-562.0194946703341,951.5356612449746,0.0,0.0,1.0,73.0
0.0,-584.7088315812722,904.6629572796919,0.0,0.0,1.0,73.0
0.0,-585.414425464222,909.1727515580878,0.0,0.0,1.0,73.0
0.0,-593.320099092439,899.2077190439541,0.0,0.0,1.0,73.0
0.0,-614.2291097276218,912.8621335883081,0.0,0.0,1.0,73.0
0.0,-547.3299244628781,914.8210663597697,0.0,0.0,1.0,73.0
0.0,-588.7068575606176,898.2665919104388,0.0,0.0,1.0,73.0
0.0,-603.4891285937977,895.0647167779584,0.0,0.0,1.0,73.0
0.0,-580.7271608983428,882.5806173429528,0.0,0.0,1.0,73.0
0.0,-590.6630556258926,897.4361332417302,0.0,0.0,1.0,73.0
0.0,-623.252405352153,902.9896884034861,0.0,0.0,1.0,73.0
0.0,-608.5301572476666,917.8475290342903,0.0,0.0,1.0,73.0
0.0,-598.405846594805,908.3551909951575,0.0,0.0,1.0,73.0
0.0,-606.0781049507164,940.0201806195441,0.0,0.0,1.0,73.0
0.0,-594.6443352431988,897.4841955036463,0.0,0.0,1.0,73.0
0.0,-610.8085057247741,911.8010767320952,0.0,0.0,1.0,73.0
0.0,-609.621544072017,892.6633352719109,0.0,0.0,1.0,73.0
0.0,-586.1334230711823,897.9182329005534,0.0,0.0,1.0,73.0
0.0,-599.7946473030003,954.0050164525828,0.0,0.0,1.0,73.0
0.0,-574.5021567466908,882.7012303331703,0.0,0.0,1.0,73.0
0.0,-528.3194731102935,989.6703482070307,0.0,0.0,1.0,73.0
0.0,-536.6198164911103,985.7087757310092,0.0,0.0,1.0,73.0
0.0,-499.2885822692573,983.7163208101447,0.0,0.0,1.0,73.0
0.0,-546.0793122046687,975.5208134128816,0.0,0.0,1.0,73.0
0.0,-525.2028835482237,962.3838189139451,0.0,0.0,1.0,73.0
0.0,-574.2599434398008,920.0915790446684,0.0,0.0,1.0,73.0
0.0,-508.9657927157991,987.089077571171,0.0,0.0,1.0,73.0
0.0,-496.1071621249479,985.8708907603122,0.0,0.0,1.0,73.0
0.0,-512.5781976519287,971.8616045240515,0.0,0.0,1.0,73.0
0.0,-539.8489733965603,1028.0645814020822,0.0,0.0,1.0,73.0
0.0,-588.2175759098411,1015.0544322125588,0.0,0.0,1.0,73.0
0.0,-563.6912010387333,1045.0919371018476,0.0,0.0,1.0,73.0
0.0,-554.6161443151296,1036.0066569781693,0.0,0.0,1.0,73.0
0.0,-563.2446891961831,1055.1041043856403,0.0,0.0,1.0,73.0
0.0,-583.3763669161046,1044.312379480628,0.0,0.0,1.0,73.0
0.0,-572.6475099288195,1023.9603935051837,0.0,0.0,1.0,73.0
0.0,-562.2297266544293,1025.2995077369574,0.0,0.0,1.0,73.0
0.0,-554.654708117937,997.793647611803,0.0,0.0,1.0,73.0
0.0,-530.9473800128912,1010.4937083764744,0.0,0.0,1.0,73.0
0.0,-553.7085231295084,1049.4676506335422,0.0,0.0,1.0,73.0
0.0,-549.4299639551961,1054.1574545636595,0.0,0.0,1.0,73.0
0.0,-559.0030066968559,1032.4576247789082,0.0,0.0,1.0,73.0
0.0,-528.998497167643,1044.6691110820498,0.0,0.0,1.0,73.0
0.0,-547.8233159613377,1025.7795764298426,0.0,0.0,1.0,73.0
0.0,-536.4145866634,1037.8512330511653,0.0,0.0,1.0,73.0
0.0,-533.7687515001704,1013.1556201426365,0.0,0.0,1.0,73.0
0.0,-552.3644212898893,1024.7258683738064,0.0,0.0,1.0,73.0
0.0,-535.3173142422407,1060.605479675065,0.0,0.0,1.0,73.0
0.0,-538.8559727719488,1060.325833981588,0.0,0.0,1.0,73.0
0.0,-549.0287206005786,1035.5332819469568,0.0,0.0,1.0,73.0
0.0,-557.5410023661752,1046.1314269779664,0.0,0.0,1.0,73.0
0.0,-595.9498188572087,1058.0031111682365,0.0,0.0,1.0,73.0
0.0,-634.3599168286339,1065.986948577407,0.0,0.0,1.0,73.0
0.0,-589.8984114927717,1051.8996100811478,0.0,0.0,1.0,73.0
0.0,-616.2766537855157,1050.439127981701,0.0,0.0,1.0,73.0
0.0,-602.6981590119655,1073.150070160697,0.0,0.0,1.0,73.0
0.0,-578.5936715497542,1062.5425293019398,0.0,0.0,1.0,73.0
0.0,-596.0471627042737,1074.028310065305,0.0,0.0,1.0,73.0
0.0,-588.3596279698343,1041.1437065531818,0.0,0.0,1.0,73.0
0.0,-597.5614280391815,1044.8360300025074,0.0,0.0,1.0,73.0
0.0,-613.0504600283307,1049.5651880319265,0.0,0.0,1.0,73.0
0.0,-557.9801130555795,1046.5427783286846,0.0,0.0,1.0,73.0
0.0,-619.3603111982414,1047.475326822429,0.0,0.0,1.0,73.0
0.0,-624.5599281580562,1046.661844839773,0.0,0.0,1.0,73.0
0.0,-594.7975874987999,1067.4652167169793,0.0,0.0,1.0,73.0
0.0,-591.5973168678336,1052.4977796324301,0.0,0.0,1.0,73.0
0.0,-601.7990174946207,1058.746399941701,0.0,0.0,1.0,73.0
0.0,-621.6558110714831,1043.4115544403471,0.0,0.0,1.0,73.0
0.0,-595.9165874753007,1047.9205578842689,0.0,0.0,1.0,73.0
0.0,-595.9877795837439,1052.5578917723328,0.0,0.0,1.0,73.0
0.0,-595.7723021209204,1034.4047421819414,0.0,0.0,1.0,73.0
0.0,-586.877746477604,1044.0564769834577,0.0,0.0,1.0,73.0
0.0,-586.5361228860535,1071.646540787197,0.0,0.0,1.0,73.0
0.0,-651.6397885867651,1056.156445390896,0.0,0.0,1.0,73.0
0.0,-620.0583946039219,1033.2931667271068,0.0,0.0,1.0,73.0
0.0,-632.4818066753771,1068.1960861887578,0.0,0.0,1.0,73.0
0.0,-636.4629455912665,1050.4856311114318,0.0,0.0,1.0,73.0
0.0,-593.9857392284637,1048.8473048125807,0.0,0.0,1.0,73.0
0.0,-640.8501166761298,1063.6305718194153,0.0,0.0,1.0,73.0
0.0,-609.5346354265494,1062.1203406280997,0.0,0.0,1.0,73.0
0.0,-587.4627375776624,1050.9125566047387,0.0,0.0,1.0,73.0
0.0,-612.1164267986865,1074.2708089625348,0.0,0.0,1.0,73.0
0.0,-613.5312454789017,1058.5337184972718,0.0,0.0,1.0,73.0
0.0,-609.9022661899754,1055.986079283853,0.0,0.0,1.0,73.0
0.0,-625.2467661706128,1038.018079214567,0.0,0.0,1.0,73.0
0.0,-623.7013745443944,969.9993850950632,0.0,0.0,1.0,73.0
0.0,-625.3256851115169,1036.262625388852,0.0,0.0,1.0,73.0
0.0,-660.7459417529412,1037.920415979519,0.0,0.0,1.0,73.0
0.0,-661.69126055775,1001.1764843051869,0.0,0.0,1.0,73.0
0.0,-648.484517593445,1013.2176631418793,0.0,0.0,1.0,73.0
0.0,-586.5700932260655,979.9767196355224,0.0,0.0,1.0,73.0
0.0,-673.2864919966323,1023.3768035962794,0.0,0.0,1.0,73.0
0.0,-648.1240324653601,999.1046488979196,0.0,0.0,1.0,73.0
0.0,-660.8172290788395,1018.0856774371041,0.0,0.0,1.0,73.0
0.0,-642.5864000130522,1005.8504580953527,0.0,0.0,1.0,73.0
0.0,-642.1978921963441,1040.7410117821028,0.0,0.0,1.0,73.0
0.0,-646.1432676026496,1018.9391509100883,0.0,0.0,1.0,73.0
0.0,-684.2550922235089,1051.2575654846628,0.0,0.0,1.0,73.0
0.0,-666.2047769609013,1034.9205915045313,0.0,0.0,1.0,73.0
0.0,-628.5872895938596,1029.2460042794019,0.0,0.0,1.0,73.0
0.0,-649.7183432921232,1065.2267752945363,0.0,0.0,1.0,73.0
0.0,-691.8777198321424,1048.4183017264145,0.0,0.0,1.0,73.0
0.0,-658.4062554104911,1000.5554586857907,0.0,0.0,1.0,73.0
0.0,-674.7643861334235,1036.6043229949205,0.0,0.0,1.0,73.0
0.0,-671.0425870052912,1053.7735579578875,0.0,0.0,1.0,73.0
0.0,-645.683740861478,1043.9474025052414,0.0,0.0,1.0,73.0
0.0,-648.4358015010979,1042.2839258079662,0.0,0.0,1.0,73.0
0.0,-664.947616796516,1038.6746381746143,0.0,0.0,1.0,73.0
0.0,-634.8756270199324,1047.6420366530829,0.0,0.0,1.0,73.0
0.0,-661.8792485537506,1042.4338222736483,0.0,0.0,1.0,73.0
0.0,-647.4919586799638,1033.0771700102491,0.0,0.0,1.0,73.0
0.0,-632.9619397129392,1030.9862767226064,0.0,0.0,1.0,73.0
0.0,-668.6184993157199,1009.2309532358613,0.0,0.0,1.0,73.0
0.0,-659.4984062524414,1016.5888800158123,0.0,0.0,1.0,73.0
0.0,-613.3271656000819,1007.8073989771078,0.0,0.0,1.0,73.0
0.0,-598.3021202967072,1030.3939638611546,0.0,0.0,1.0,73.0
0.0,-651.6014205657202,1017.8598834304239,0.0,0.0,1.0,73.0
0.0,-679.7143623243184,1047.2387742270835,0.0,0.0,1.0,73.0
0.0,-670.9656932694836,1028.7096389276703,0.0,0.0,1.0,73.0
0.0,-670.8582121789744,1028.0517431979342,0.0,0.0,1.0,73.0
0.0,-647.2954200789164,1034.5030880245677,0.0,0.0,1.0,73.0
0.0,-664.4656959551561,980.0752719904076,0.0,0.0,1.0,73.0
0.0,-674.0471259719286,1069.0533495294085,0.0,0.0,1.0,73.0
0.0,-642.1604623394952,1038.3595404016942,0.0,0.0,1.0,73.0
0.0,-678.7819076621498,1031.2094284928894,0.0,0.0,1.0,73.0
0.0,-652.0744850312693,996.5525692880533,0.0,0.0,1.0,73.0
0.0,-639.6543862297514,1034.2207647030373,0.0,0.0,1.0,73.0
0.0,-671.2093994033669,1025.491566308789,0.0,0.0,1.0,73.0
0.0,-657.1618239254276,1028.170323748228,0.0,0.0,1.0,73.0
0.0,-677.6218494362305,993.6387108950285,0.0,0.0,1.0,73.0
0.0,-675.6730541649407,986.9604449143549,0.0,0.0,1.0,73.0
0.0,-686.5758955026062,973.3576976860504,0.0,0.0,1.0,73.0
0.0,-648.0380508970151,965.5420342322163,0.0,0.0,1.0,73.0
0.0,-687.1048694359209,987.1328726323354,0.0,0.0,1.0,73.0
0.0,-628.5214960191564,984.5114718923805,0.0,0.0,1.0,73.0
0.0,-667.9852262903895,977.796310745106,0.0,0.0,1.0,73.0
0.0,-657.7348980873103,922.9302203005072,0.0,0.0,1.0,73.0
0.0,-678.2688186042977,990.332708600331,0.0,0.0,1.0,73.0
0.0,-676.1756010772435,987.1504434476146,0.0,0.0,1.0,73.0
0.0,-621.461693295813,946.0652570704856,0.0,0.0,1.0,73.0
0.0,-686.6050115895115,959.2975892410191,0.0,0.0,1.0,73.0
0.0,-687.696952675101,993.0302252589418,0.0,0.0,1.0,73.0
0.0,-671.8751124851349,1000.3944450480476,0.0,0.0,1.0,73.0
0.0,-696.5887917838343,964.5529958434431,0.0,0.0,1.0,73.0
0.0,-672.30144242753,984.0225063808484,0.0,0.0,1.0,73.0
0.0,-665.5156820096742,966.6506866131367,0.0,0.0,1.0,73.0
0.0,-684.4858594833481,972.8907315961824,0.0,0.0,1.0,73.0
0.0,-680.9597535143226,978.2832042117102,0.0,0.0,1.0,73.0
0.0,-679.9178500800817,947.5704846401632,0.0,0.0,1.0,73.0
0.0,-674.9750493740971,969.757423296353,0.0,0.0,1.0,73.0
0.0,-675.0727737705132,969.2104748410284,0.0,0.0,1.0,73.0
0.0,-687.2928717975902,963.1034224364939,0.0,0.0,1.0,73.0
0.0,-627.9223910751124,1001.4075578052721,0.0,0.0,1.0,73.0
0.0,-686.5675492485817,992.969961212083,0.0,0.0,1.0,73.0
0.0,-689.6786384089442,951.4937423498586,0.0,0.0,1.0,73.0
0.0,-686.2355690820367,983.4019092006001,0.0,0.0,1.0,73.0
0.0,-663.1421708433065,952.7462587374193,0.0,0.0,1.0,73.0
0.0,-672.1074296728389,1010.2022976881412,0.0,0.0,1.0,73.0
0.0,-662.245408522014,974.1502802813566,0.0,0.0,1.0,73.0
0.0,-760.0610948665505,930.6429389727841,0.0,0.0,1.0,74.0
0.0,-712.2843137924241,910.7181997500797,0.0,0.0,1.0,74.0
0.0,-717.674799812196,922.9634961459133,0.0,0.0,1.0,74.0
0.0,-702.7263197568841,881.5782927593536,0.0,0.0,1.0,74.0
0.0,-721.9454673221604,946.1653121662875,0.0,0.0,1.0,74.0
0.0,-728.8016078784422,932.6156945764246,0.0,0.0,1.0,74.0
0.0,-735.7579329424611,890.649560924664,0.0,0.0,1.0,74.0
0.0,-761.2849843562801,883.410474892607,0.0,0.0,1.0,74.0
0.0,-725.6716552630006,925.9397127062348,0.0,0.0,1.0,74.0
0.0,-710.4527341864172,953.3345006299123,0.0,0.0,1.0,74.0
0.0,-709.9534639323562,918.541104475557,0.0,0.0,1.0,74.0
0.0,-711.9469232134967,916.645752181088,0.0,0.0,1.0,74.0
0.0,-723.1307046554438,905.3299014702106,0.0,0.0,1.0,74.0
0.0,-685.191951771523,932.4699189118483,0.0,0.0,1.0,74.0
0.0,-723.833824869319,922.6559304035,0.0,0.0,1.0,74.0
0.0,-718.9953636122616,927.0397349451869,0.0,0.0,1.0,74.0
0.0,-736.3404848496322,862.9171878315301,0.0,0.0,1.0,74.0
0.0,-709.8265505050447,909.8952969643524,0.0,0.0,1.0,74.0
0.0,-716.2929240691305,914.0593926067754,0.0,0.0,1.0,74.0
0.0,-713.5719272611598,912.3408129512782,0.0,0.0,1.0,74.0
0.0,-683.2652675393296,892.1853968536316,0.0,0.0,1.0,74.0
0.0,-718.5382014142319,896.9533988846033,0.0,0.0,1.0,74.0
0.0,-718.2915547935228,914.1822100049249,0.0,0.0,1.0,74.0
0.0,-739.1319499995907,935.3620752351858,0.0,0.0,1.0,74.0
0.0,-757.0055442973367,871.4605098259344,0.0,0.0,1.0,74.0
0.0,-702.1003086005773,931.097082657694,0.0,0.0,1.0,74.0
0.0,-809.1901589609566,901.8765978898568,0.0,0.0,1.0,74.0
0.0,-707.1697717231759,944.7544258254679,0.0,0.0,1.0,74.0
0.0,-768.9196744832506,968.5042539577912,0.0,0.0,1.0,74.0
0.0,-730.6782775055209,941.7673294423239,0.0,0.0,1.0,74.0
0.0,-849.9941617686186,959.9016802390897,0.0,0.0,1.0,74.0
0.0,-849.8591474223919,903.8177626538536,0.0,0.0,1.0,74.0
0.0,-820.6249414969873,954.3735313340098,0.0,0.0,1.0,74.0
0.0,-785.3505834761953,973.885475138984,0.0,0.0,1.0,74.0
0.0,-832.8551540313812,945.6784553349744,0.0,0.0,1.0,74.0
0.0,-804.4526201769868,969.1120543226034,0.0,0.0,1.0,74.0
0.0,-853.2954209938533,960.3811774157848,0.0,0.0,1.0,74.0
0.0,-740.7445338269534,940.1444854656788,0.0,0.0,1.0,74.0
0.0,-820.8607975959968,989.1270716487325,0.0,0.0,1.0,74.0
0.0,-757.4036698299127,965.0582777889235,0.0,0.0,1.0,74.0
0.0,-814.180483758323,946.832346703794,0.0,0.0,1.0,74.0
0.0,-824.9477390216525,964.9419856215454,0.0,0.0,1.0,74.0
0.0,-820.4017273110852,960.6497923347765,0.0,0.0,1.0,74.0
0.0,-810.5847993996059,959.1411643386609,0.0,0.0,1.0,74.0
0.0,-771.873222618753,907.750136648011,0.0,0.0,1.0,74.0
0.0,-777.6112762079495,955.625193782817,0.0,0.0,1.0,74.0
0.0,-821.0928908394918,983.0748104371378,0.0,0.0,1.0,74.0
0.0,-797.5092326934322,965.0150417567947,0.0,0.0,1.0,74.0
0.0,-796.1462945582722,954.9668250529539,0.0,0.0,1.0,74.0
0.0,-788.3962276958482,960.0235040727316,0.0,0.0,1.0,74.0
0.0,-825.4891017087292,958.995136449782,0.0,0.0,1.0,74.0
0.0,-827.1939022818552,976.5145051330874,0.0,0.0,1.0,74.0
0.0,-817.4371265105968,956.2186929708728,0.0,0.0,1.0,74.0
0.0,-804.1446281950334,960.4387629883918,0.0,0.0,1.0,74.0
0.0,-826.5537036819949,949.5281171748557,0.0,0.0,1.0,74.0
0.0,-802.3689990886909,963.4270336036006,0.0,0.0,1.0,74.0
0.0,-823.8024515324432,982.8726179930886,0.0,0.0,1.0,74.0
0.0,-820.6712999831869,934.997220635184,0.0,0.0,1.0,74.0
0.0,-788.99273517653,941.51683224011,0.0,0.0,1.0,74.0
0.0,-743.6370837652759,926.9289621968255,0.0,0.0,1.0,74.0
0.0,-820.1225338103471,971.5275668238328,0.0,0.0,1.0,74.0
0.0,-790.3997095519837,937.8983327089127,0.0,0.0,1.0,74.0
0.0,-839.4087340558016,926.22824303058,0.0,0.0,1.0,74.0
0.0,-787.444988154579,930.0797239901544,0.0,0.0,1.0,74.0
0.0,-824.8280419914591,962.3521126336154,0.0,0.0,1.0,74.0
0.0,-864.2847282092125,912.3042638169318,0.0,0.0,1.0,74.0
0.0,-864.0543185222402,950.7708553263319,0.0,0.0,1.0,74.0
0.0,-847.3179905627089,931.0375472402029,0.0,0.0,1.0,74.0
0.0,-879.407642319548,938.3696348828353,0.0,0.0,1.0,74.0
0.0,-797.0326112479406,865.0026771665644,0.0,0.0,1.0,74.0
0.0,-870.8108511370165,907.0150778583011,0.0,0.0,1.0,74.0
0.0,-850.6712832374718,910.8649157944446,0.0,0.0,1.0,74.0
0.0,-846.7225260808125,917.6819734248038,0.0,0.0,1.0,74.0
0.0,-860.9968540380589,960.1203503063148,0.0,0.0,1.0,74.0
0.0,-845.9957986510016,936.5316182780734,0.0,0.0,1.0,74.0
0.0,-801.2836475685435,889.6587165951096,0.0,0.0,1.0,74.0
0.0,-829.5747735575147,882.7050318630263,0.0,0.0,1.0,74.0
0.0,-854.7907438451294,881.5986006532366,0.0,0.0,1.0,74.0
0.0,-848.8456197895547,909.1231919678958,0.0,0.0,1.0,74.0
0.0,-852.1562961531026,925.9462610798591,0.0,0.0,1.0,74.0
0.0,-856.5468145469748,930.5438220750325,0.0,0.0,1.0,74.0
0.0,-858.849443462324,903.1234022397721,0.0,0.0,1.0,74.0
0.0,-866.3147022165681,945.1887157554061,0.0,0.0,1.0,74.0
0.0,-838.1354249344919,934.8846657979775,0.0,0.0,1.0,74.0
0.0,-868.3895779519848,925.1314538032066,0.0,0.0,1.0,74.0
0.0,-838.2277735715986,926.7661001703573,0.0,0.0,1.0,74.0
0.0,-833.7666821531359,962.1687050215942,0.0,0.0,1.0,74.0
0.0,-881.8711957084923,952.8922589741906,0.0,0.0,1.0,74.0
0.0,-856.0285154375003,928.5716757909222,0.0,0.0,1.0,74.0
0.0,-871.1246590066892,905.5408767746258,0.0,0.0,1.0,74.0
0.0,-851.3838138548998,927.199046352443,0.0,0.0,1.0,74.0
0.0,-862.7123002091605,942.7287843858126,0.0,0.0,1.0,74.0
0.0,-877.2961550935935,930.4815510156704,0.0,0.0,1.0,74.0
0.0,-855.4775979882332,933.7423175539366,0.0,0.0,1.0,74.0
0.0,-865.7977223486097,920.146295704516,0.0,0.0,1.0,74.0
0.0,-849.5748292273735,872.4933331812226,0.0,0.0,1.0,74.0
0.0,-857.7649833151445,849.2042168169055,0.0,0.0,1.0,74.0
0.0,-857.6351873995479,863.0028931832935,0.0,0.0,1.0,74.0
0.0,-863.0107754444409,841.9466379761425,0.0,0.0,1.0,74.0
0.0,-879.0026553417483,891.201127587994,0.0,0.0,1.0,74.0
0.0,-859.940672284958,921.7254608128019,0.0,0.0,1.0,74.0
0.0,-860.1868751026884,874.2874477017231,0.0,0.0,1.0,74.0
0.0,-860.0462467268062,842.5229882598705,0.0,0.0,1.0,74.0
0.0,-880.0540756398755,902.63722862327,0.0,0.0,1.0,74.0
0.0,-866.1111344501307,870.4731756876108,0.0,0.0,1.0,74.0
0.0,-861.9754325440495,856.281152402451,0.0,0.0,1.0,74.0
0.0,-838.6833602528889,859.1389796203543,0.0,0.0,1.0,74.0
0.0,-840.8077808186619,867.9272620482129,0.0,0.0,1.0,74.0
0.0,-870.3115766338444,899.4755356577907,0.0,0.0,1.0,74.0
0.0,-863.7807576009409,881.1483508923038,0.0,0.0,1.0,74.0
0.0,-844.1388587151802,848.1198381312479,0.0,0.0,1.0,74.0
0.0,-846.8904278614821,863.8319395807721,0.0,0.0,1.0,74.0
0.0,-862.6284426535055,862.7472898473156,0.0,0.0,1.0,74.0
0.0,-848.0993490695172,851.8792940511157,0.0,0.0,1.0,74.0
0.0,-858.1421689443215,855.457166582084,0.0,0.0,1.0,74.0
0.0,-822.9812797743034,832.2898907961267,0.0,0.0,1.0,74.0
0.0,-819.14563506639,835.0591220420265,0.0,0.0,1.0,74.0
0.0,-842.5771314438344,829.4185122687732,0.0,0.0,1.0,74.0
0.0,-803.8992649626633,815.1501435493001,0.0,0.0,1.0,74.0
0.0,-829.8584149292396,840.6754067542411,0.0,0.0,1.0,74.0
0.0,-812.8019205245008,863.0102833105075,0.0,0.0,1.0,74.0
0.0,-813.0058586908932,859.601414203642,0.0,0.0,1.0,74.0
0.0,-824.3247936909155,824.9892609041681,0.0,0.0,1.0,74.0
0.0,-819.7706331095046,837.686536358412,0.0,0.0,1.0,74.0
0.0,-858.2926482081159,878.9305074544354,0.0,0.0,1.0,74.0
0.0,-830.6725113081134,836.5497966095518,0.0,0.0,1.0,74.0
0.0,-840.1808209214863,841.6355917290612,0.0,0.0,1.0,74.0
0.0,-833.2550548779252,839.1664106404514,0.0,0.0,1.0,74.0
0.0,-786.9557568501766,835.4665818528638,0.0,0.0,1.0,74.0
0.0,-820.3767754482965,856.91204662152,0.0,0.0,1.0,74.0
0.0,-828.7629833186596,834.6939189596897,0.0,0.0,1.0,74.0
0.0,-818.7398630698289,826.5342296272165,0.0,0.0,1.0,74.0
0.0,-847.1814131221678,827.088846700904,0.0,0.0,1.0,74.0
0.0,-828.2683581135617,837.8970450435809,0.0,0.0,1.0,74.0
0.0,-826.0652821677018,816.6154619307795,0.0,0.0,1.0,74.0
0.0,-837.8356976873524,837.8331143642349,0.0,0.0,1.0,74.0
0.0,-791.0643544683738,884.1302624695518,0.0,0.0,1.0,74.0
0.0,-781.7653503326968,818.2054540418076,0.0,0.0,1.0,74.0
0.0,-803.0277946540704,852.4694022853687,0.0,0.0,1.0,74.0
0.0,-752.1070438963687,834.6662139256214,0.0,0.0,1.0,74.0
0.0,-764.4585049353643,833.866544608296,0.0,0.0,1.0,74.0
0.0,-766.4356365350026,827.0441301555029,0.0,0.0,1.0,74.0
0.0,-733.1223015707213,822.3712729718522,0.0,0.0,1.0,74.0
0.0,-780.350146308962,820.0441468834865,0.0,0.0,1.0,74.0
0.0,-760.3450295868553,817.919773520814,0.0,0.0,1.0,74.0
0.0,-774.5093099918264,828.6289587522133,0.0,0.0,1.0,74.0
0.0,-771.8004429225748,836.4634337348339,0.0,0.0,1.0,74.0
0.0,-758.3979705313661,820.6878247053228,0.0,0.0,1.0,74.0
0.0,-758.3085798291556,855.7221875288546,0.0,0.0,1.0,74.0
0.0,-776.4454938834589,822.4075584347429,0.0,0.0,1.0,74.0
0.0,-761.9132061267222,820.2789127334022,0.0,0.0,1.0,74.0
0.0,-771.8615621778798,845.4283682164914,0.0,0.0,1.0,74.0
0.0,-755.8941157440211,826.557013538792,0.0,0.0,1.0,74.0
0.0,-736.8043215047671,853.3961015060986,0.0,0.0,1.0,74.0
0.0,-755.822635752875,826.4129649397646,0.0,0.0,1.0,74.0
0.0,-781.9478795440209,834.2869428960798,0.0,0.0,1.0,74.0
0.0,-765.1186851803925,819.5953295947957,0.0,0.0,1.0,74.0
0.0,-823.4701744590216,860.5626818023243,0.0,0.0,1.0,74.0
0.0,-745.2233169478386,817.4507548978227,0.0,0.0,1.0,74.0
0.0,-746.0956723790038,826.7285072331442,0.0,0.0,1.0,74.0
0.0,-778.9895271465174,809.065678422553,0.0,0.0,1.0,74.0
0.0,-798.2196297293506,835.0651869092876,0.0,0.0,1.0,74.0
0.0,-772.7113456229608,831.5766992927697,0.0,0.0,1.0,74.0
0.0,-749.148054263761,868.5392430628203,0.0,0.0,1.0,74.0
0.0,-712.7666165915025,863.5851310378675,0.0,0.0,1.0,74.0
0.0,-738.1764575543558,859.9280520505527,0.0,0.0,1.0,74.0
0.0,-730.5118941706268,880.6406712564103,0.0,0.0,1.0,74.0
0.0,-696.5365229811213,850.1938768636883,0.0,0.0,1.0,74.0
0.0,-735.5781526986195,877.1418601002842,0.0,0.0,1.0,74.0
0.0,-730.8398232645886,851.0216931382156,0.0,0.0,1.0,74.0
0.0,-730.0303377722033,875.1242888065258,0.0,0.0,1.0,74.0
0.0,-750.0793552395356,872.6251858941105,0.0,0.0,1.0,74.0
0.0,-725.9487715081661,889.2316890414791,0.0,0.0,1.0,74.0
0.0,-743.9997036341758,846.9308115123995,0.0,0.0,1.0,74.0
0.0,-763.1043957411166,848.7746877657883,0.0,0.0,1.0,74.0
0.0,-719.0092655445401,845.9724461630203,0.0,0.0,1.0,74.0
0.0,-736.4525121940557,877.3266556146482,0.0,0.0,1.0,74.0
0.0,-713.1849576645271,853.6660914608574,0.0,0.0,1.0,74.0
0.0,-738.8253748771924,851.7682309803586,0.0,0.0,1.0,74.0
0.0,-800.4076630671406,860.6587852456769,0.0,0.0,1.0,74.0
0.0,-737.2003113478028,847.520187021546,0.0,0.0,1.0,74.0
0.0,-730.9732058953022,866.4246001934671,0.0,0.0,1.0,74.0
0.0,-717.9825992034794,861.4435796387229,0.0,0.0,1.0,74.0
0.0,-753.4386628927801,868.4029188970248,0.0,0.0,1.0,74.0
0.0,-725.4855575310521,835.6995923368395,0.0,0.0,1.0,74.0
0.0,-734.867311186014,850.7144202845298,0.0,0.0,1.0,74.0
0.0,-728.5401051999738,858.0071414806544,0.0,0.0,1.0,74.0
0.0,-719.8655520558523,856.4373987498984,0.0,0.0,1.0,74.0
0.0,-759.7823445654121,818.7417061086721,0.0,0.0,1.0,74.0
0.0,-730.0880031362476,839.519332526771,0.0,0.0,1.0,74.0
0.0,-731.0775448634915,869.893716243917,0.0,0.0,1.0,74.0
0.0,-737.7351329155109,857.7277020580937,0.0,0.0,1.0,74.0
0.0,-689.631059613692,871.3287306688494,0.0,0.0,1.0,74.0
0.0,-723.715358257862,865.2083611897401,0.0,0.0,1.0,74.0
0.0,-1096.024162609693,445.4196816792587,0.0,0.0,1.0,75.0
0.0,-1111.333437936456,362.6696988518538,0.0,0.0,1.0,75.0
0.0,-1103.0369933338288,407.1990160467326,0.0,0.0,1.0,75.0
0.0,-1051.2250668005706,441.5200728380212,0.0,0.0,1.0,75.0
0.0,-1086.8597363498307,417.5770126907439,0.0,0.0,1.0,75.0
0.0,-1073.8039888723704,419.16996563872,0.0,0.0,1.0,75.0
0.0,-1116.87954814916,414.9664251726108,0.0,0.0,1.0,75.0
0.0,-1094.1947567095885,429.4541010685041,0.0,0.0,1.0,75.0
0.0,-1061.8301872822867,434.9770950666755,0.0,0.0,1.0,75.0
0.0,-1066.4559726699865,427.7229389785066,0.0,0.0,1.0,75.0
0.0,-1097.3320549911748,415.76480634101017,0.0,0.0,1.0,75.0
0.0,-1068.332489460337,414.3341564859909,0.0,0.0,1.0,75.0
0.0,-1072.8763436055058,419.5704901975246,0.0,0.0,1.0,75.0
0.0,-1067.2976742211881,421.51018394881,0.0,0.0,1.0,75.0
0.0,-1090.410965977005,417.0206340626703,0.0,0.0,1.0,75.0
0.0,-1074.59101978015,423.6193764649297,0.0,0.0,1.0,75.0
0.0,-1069.1323719721277,421.3397184033556,0.0,0.0,1.0,75.0
0.0,-1103.9792024231467,425.0013463858795,0.0,0.0,1.0,75.0
0.0,-1077.2943993833185,432.93461735681694,0.0,0.0,1.0,75.0
0.0,-1070.5139619738793,423.03785790573806,0.0,0.0,1.0,75.0
0.0,-1063.407028704387,432.62854358304776,0.0,0.0,1.0,75.0
0.0,-1075.8268316654637,426.9241829400696,0.0,0.0,1.0,75.0
0.0,-1066.5368692666102,418.09166965025565,0.0,0.0,1.0,75.0
0.0,-1127.6884604183347,416.5027661749823,0.0,0.0,1.0,75.0
0.0,-1077.898851554131,422.4449074977515,0.0,0.0,1.0,75.0
0.0,-1068.724952388283,431.5695373150836,0.0,0.0,1.0,75.0
0.0,-1033.907871791361,406.5887667422828,0.0,0.0,1.0,75.0
0.0,-1074.8641047933734,421.155545157927,0.0,0.0,1.0,75.0
0.0,-1077.025671242436,434.13741617843084,0.0,0.0,1.0,75.0
0.0,-1087.6262129136783,461.6923517717287,0.0,0.0,1.0,75.0
0.0,-1131.020012346034,408.61400518111896,0.0,0.0,1.0,75.0
0.0,-1046.5515755644044,419.7458346651042,0.0,0.0,1.0,75.0
0.0,-1117.5064690300494,365.8184873208338,0.0,0.0,1.0,75.0
0.0,-1064.2871671551277,434.2139764895019,0.0,0.0,1.0,75.0
0.0,-1106.9408757579092,408.4369291391472,0.0,0.0,1.0,75.0
0.0,-1137.7946263658816,412.0844828997813,0.0,0.0,1.0,75.0
0.0,-1130.7624036339091,384.884368878076,0.0,0.0,1.0,75.0
0.0,-1076.6072591654936,409.7068251594924,0.0,0.0,1.0,75.0
0.0,-1120.6200900352342,379.7458795366938,0.0,0.0,1.0,75.0
0.0,-1110.004191676198,418.6048903935216,0.0,0.0,1.0,75.0
0.0,-1119.3872982679557,383.1333750928568,0.0,0.0,1.0,75.0
0.0,-1085.200867316471,374.17196607214873,0.0,0.0,1.0,75.0
0.0,-1069.1563211526463,329.52697065341476,0.0,0.0,1.0,75.0
0.0,-1125.3116981656162,387.587555087081,0.0,0.0,1.0,75.0
0.0,-1122.3780502143034,379.33929089638673,0.0,0.0,1.0,75.0
0.0,-1124.1649502164403,405.5699554419373,0.0,0.0,1.0,75.0
0.0,-1122.9322566604667,384.22147973493975,0.0,0.0,1.0,75.0
0.0,-1122.6593752689132,359.30123279291684,0.0,0.0,1.0,75.0
0.0,-1133.97363723193,377.2937892568384,0.0,0.0,1.0,75.0
0.0,-1101.393688555569,392.03118920131146,0.0,0.0,1.0,75.0
0.0,-1112.8602333343397,366.54786248571577,0.0,0.0,1.0,75.0
0.0,-1121.5984004856405,381.2452213180063,0.0,0.0,1.0,75.0
0.0,-1122.9449853071792,392.53328149535946,0.0,0.0,1.0,75.0
0.0,-1089.5444051069728,402.99379761907585,0.0,0.0,1.0,75.0
0.0,-1103.6385577776257,384.8518029835311,0.0,0.0,1.0,75.0
0.0,-1130.6610303327382,375.7359351167504,0.0,0.0,1.0,75.0
0.0,-1117.974284258233,344.56809324389155,0.0,0.0,1.0,75.0
0.0,-1111.3844039001247,336.949529493575,0.0,0.0,1.0,75.0
0.0,-1123.1730033377187,326.9393359454325,0.0,0.0,1.0,75.0
0.0,-1102.839441159645,329.57973101479934,0.0,0.0,1.0,75.0
0.0,-1139.020147126003,312.74309315805954,0.0,0.0,1.0,75.0
0.0,-1146.9622568787252,364.9271501062308,0.0,0.0,1.0,75.0
0.0,-1143.8604294805355,320.6436393767208,0.0,0.0,1.0,75.0
0.0,-1114.558995621686,327.13941194500035,0.0,0.0,1.0,75.0
0.0,-1129.2108480763254,345.8574416947315,0.0,0.0,1.0,75.0
0.0,-1132.188958516737,310.3653554316429,0.0,0.0,1.0,75.0
0.0,-1153.397054056601,325.401159572079,0.0,0.0,1.0,75.0
0.0,-1138.8087927060121,359.6614920940099,0.0,0.0,1.0,75.0
0.0,-1135.657618402981,337.4736265768636,0.0,0.0,1.0,75.0
0.0,-1120.1736974129979,339.73505947960984,0.0,0.0,1.0,75.0
0.0,-1146.1045433837207,312.1274970902109,0.0,0.0,1.0,75.0
0.0,-1142.6296677393736,362.2103750768083,0.0,0.0,1.0,75.0
0.0,-1141.3393429665675,333.27864666040546,0.0,0.0,1.0,75.0
0.0,-1122.6052404325847,332.71456729133934,0.0,0.0,1.0,75.0
0.0,-1113.7490099467832,368.1256681709697,0.0,0.0,1.0,75.0
0.0,-1109.0747744622486,334.80174349735444,0.0,0.0,1.0,75.0
0.0,-1134.5381079994804,309.84393964162405,0.0,0.0,1.0,75.0
0.0,-1145.0946340596086,348.4558159152184,0.0,0.0,1.0,75.0
0.0,-1126.1145658395371,346.8318169343179,0.0,0.0,1.0,75.0
0.0,-1156.5617599093605,349.66112627626944,0.0,0.0,1.0,75.0
0.0,-1115.857245295262,333.89969055014717,0.0,0.0,1.0,75.0
0.0,-1138.9417990210673,353.7050070330722,0.0,0.0,1.0,75.0
0.0,-1106.5454229472027,335.33222127719273,0.0,0.0,1.0,75.0
0.0,-1138.077256347705,323.98863929863455,0.0,0.0,1.0,75.0
0.0,-1121.0695919226778,355.00253141736334,0.0,0.0,1.0,75.0
0.0,-1123.7128245159092,348.78454638418,0.0,0.0,1.0,75.0
0.0,-1097.8754559697027,297.58426527638426,0.0,0.0,1.0,75.0
0.0,-1091.7340990140922,260.86261001388857,0.0,0.0,1.0,75.0
0.0,-1047.9962584398083,291.0461275455523,0.0,0.0,1.0,75.0
0.0,-1094.5071620156364,297.47276604203034,0.0,0.0,1.0,75.0
0.0,-1104.8073017222343,302.7259721211076,0.0,0.0,1.0,75.0
0.0,-1074.814100198533,300.4303395125362,0.0,0.0,1.0,75.0
0.0,-1094.8186507039852,267.63051965861496,0.0,0.0,1.0,75.0
0.0,-1104.529336176968,350.9640444835254,0.0,0.0,1.0,75.0
0.0,-1116.3408819250858,279.82133442020995,0.0,0.0,1.0,75.0
0.0,-1125.7925909020094,312.7543583265674,0.0,0.0,1.0,75.0
0.0,-1111.9004552910837,284.4225049424317,0.0,0.0,1.0,75.0
0.0,-1110.1535629360133,323.92070190089566,0.0,0.0,1.0,75.0
0.0,-1086.6387440627173,279.3653525114571,0.0,0.0,1.0,75.0
0.0,-1141.17378343197,299.0072906915959,0.0,0.0,1.0,75.0
0.0,-1096.5286871439887,300.573167711186,0.0,0.0,1.0,75.0
0.0,-1119.3250859503873,282.92266751879833,0.0,0.0,1.0,75.0
0.0,-1113.0149585686904,311.6663351314278,0.0,0.0,1.0,75.0
0.0,-1086.5270104863912,284.86135107653854,0.0,0.0,1.0,75.0
0.0,-1094.958519494645,303.6674953678348,0.0,0.0,1.0,75.0
0.0,-1094.9313100247814,292.4777456737397,0.0,0.0,1.0,75.0
0.0,-1089.7733051901557,302.9087871134034,0.0,0.0,1.0,75.0
0.0,-1079.395068775948,248.85712136426082,0.0,0.0,1.0,75.0
0.0,-1100.0277490203212,319.2604523694149,0.0,0.0,1.0,75.0
0.0,-1100.084128017386,304.9550427254537,0.0,0.0,1.0,75.0
0.0,-1105.0977000041755,300.84227537041124,0.0,0.0,1.0,75.0
0.0,-1098.9751083558776,286.7256681274928,0.0,0.0,1.0,75.0
0.0,-1096.4825200182242,305.5749455401526,0.0,0.0,1.0,75.0
0.0,-1091.4759807237276,274.389537499811,0.0,0.0,1.0,75.0
0.0,-1058.815327454001,327.1678741546382,0.0,0.0,1.0,75.0
0.0,-1078.0975571089807,294.08004699043204,0.0,0.0,1.0,75.0
0.0,-1095.8812216293015,266.9209516054857,0.0,0.0,1.0,75.0
0.0,-1093.0226512309387,341.7104982282808,0.0,0.0,1.0,75.0
0.0,-1062.0789545209227,255.99269630242839,0.0,0.0,1.0,75.0
0.0,-1085.6357810146192,272.0802695404509,0.0,0.0,1.0,75.0
0.0,-1088.6597855619634,286.264695430835,0.0,0.0,1.0,75.0
0.0,-1080.4851765226815,294.346687477944,0.0,0.0,1.0,75.0
0.0,-1091.3317356880905,295.1810326734244,0.0,0.0,1.0,75.0
0.0,-1055.8307117751276,270.9041174773124,0.0,0.0,1.0,75.0
0.0,-1065.8581370522477,322.4343145395633,0.0,0.0,1.0,75.0
0.0,-1042.5617214576112,268.5537259790142,0.0,0.0,1.0,75.0
0.0,-1030.5452883533446,263.5875515583905,0.0,0.0,1.0,75.0
0.0,-1015.0656751933743,285.2063712293948,0.0,0.0,1.0,75.0
0.0,-1044.3990938421946,296.4170187707541,0.0,0.0,1.0,75.0
0.0,-1053.7374817912275,297.395604550416,0.0,0.0,1.0,75.0
0.0,-1068.482875900275,302.3775576603,0.0,0.0,1.0,75.0
0.0,-1037.903257684705,281.6545634277643,0.0,0.0,1.0,75.0
0.0,-1033.5222064795819,269.598360714122,0.0,0.0,1.0,75.0
0.0,-1048.657654118865,270.6009350412487,0.0,0.0,1.0,75.0
0.0,-1023.4593012156399,287.72019811389873,0.0,0.0,1.0,75.0
0.0,-1075.539748000194,293.1699485174822,0.0,0.0,1.0,75.0
0.0,-1051.0611576399622,296.228870352033,0.0,0.0,1.0,75.0
0.0,-989.7532843324316,314.91592815745935,0.0,0.0,1.0,75.0
0.0,-987.2229966208699,297.3469396142991,0.0,0.0,1.0,75.0
0.0,-992.429809036189,303.91024598191484,0.0,0.0,1.0,75.0
0.0,-989.742043163898,315.9519426599513,0.0,0.0,1.0,75.0
0.0,-1002.1722306571071,322.3304879565476,0.0,0.0,1.0,75.0
0.0,-1012.8023713315347,343.88013101200204,0.0,0.0,1.0,75.0
0.0,-988.0041093251027,302.1016889850571,0.0,0.0,1.0,75.0
0.0,-1004.4792957547847,336.597334883196,0.0,0.0,1.0,75.0
0.0,-992.8422523121405,349.47597264124215,0.0,0.0,1.0,75.0
0.0,-983.5736936070098,321.1726006818908,0.0,0.0,1.0,75.0
0.0,-1015.8768077461268,325.9606860099336,0.0,0.0,1.0,75.0
0.0,-1032.8091354481214,288.84667524739893,0.0,0.0,1.0,75.0
0.0,-1023.9554853743832,313.8686874590669,0.0,0.0,1.0,75.0
0.0,-994.7135768846238,312.90104401624103,0.0,0.0,1.0,75.0
0.0,-1022.8634408521254,321.6060545742905,0.0,0.0,1.0,75.0
0.0,-1010.737578811322,327.52523779099556,0.0,0.0,1.0,75.0
0.0,-994.1036409886767,302.1435893491398,0.0,0.0,1.0,75.0
0.0,-978.7863441002462,341.6178591878754,0.0,0.0,1.0,75.0
0.0,-992.6275476096157,317.33116210913886,0.0,0.0,1.0,75.0
0.0,-996.5307469380984,311.35172712112217,0.0,0.0,1.0,75.0
0.0,-1011.3864031490766,331.7862910715387,0.0,0.0,1.0,75.0
0.0,-972.8084113738455,294.37869112976045,0.0,0.0,1.0,75.0
0.0,-1005.2361877429983,323.4161115281613,0.0,0.0,1.0,75.0
0.0,-1007.0612193862473,324.20827022331196,0.0,0.0,1.0,75.0
0.0,-1045.1499953109546,369.8388577619653,0.0,0.0,1.0,75.0
0.0,-980.911907715578,316.03241014598507,0.0,0.0,1.0,75.0
0.0,-1017.3648669550498,329.4978617152076,0.0,0.0,1.0,75.0
0.0,-987.8267032920328,296.6026097077586,0.0,0.0,1.0,75.0
0.0,-978.4202198411123,294.05494741055486,0.0,0.0,1.0,75.0
0.0,-1024.736412502058,258.2806384248288,0.0,0.0,1.0,75.0
0.0,-996.7113569444605,314.5454177683612,0.0,0.0,1.0,75.0
0.0,-1001.0164055556561,327.2849956347568,0.0,0.0,1.0,75.0
0.0,-1010.3612464364376,311.4077534559933,0.0,0.0,1.0,75.0
0.0,-1008.6318908886253,386.1711067971796,0.0,0.0,1.0,75.0
0.0,-986.7219136683923,328.8635773413396,0.0,0.0,1.0,75.0
0.0,-1006.2513365187413,367.42178340201804,0.0,0.0,1.0,75.0
0.0,-967.9522945512016,357.39555326872573,0.0,0.0,1.0,75.0
0.0,-1049.25744363473,378.891370617715,0.0,0.0,1.0,75.0
0.0,-1009.7933554724975,370.45544907292424,0.0,0.0,1.0,75.0
0.0,-1010.7043460450598,374.0308469272027,0.0,0.0,1.0,75.0
0.0,-987.248006520442,366.2458451453299,0.0,0.0,1.0,75.0
0.0,-1021.1106898702085,393.15740160221867,0.0,0.0,1.0,75.0
0.0,-1016.5557018987902,363.06819187327073,0.0,0.0,1.0,75.0
0.0,-1034.0262990703363,376.2573879181141,0.0,0.0,1.0,75.0
0.0,-1003.1090834963625,410.7215526136972,0.0,0.0,1.0,75.0
0.0,-989.348442460599,386.3375034812377,0.0,0.0,1.0,75.0
0.0,-1031.2786242849697,427.4316380628252,0.0,0.0,1.0,75.0
0.0,-1041.3152192510852,410.7970067942399,0.0,0.0,1.0,75.0
0.0,-1038.0562392120148,402.61235546876696,0.0,0.0,1.0,75.0
0.0,-1015.434101175714,398.6112672249267,0.0,0.0,1.0,75.0
0.0,-988.5820217331964,387.2817869326125,0.0,0.0,1.0,75.0
0.0,-1034.7894441346143,399.72888035275923,0.0,0.0,1.0,75.0
0.0,-1026.1261500794715,407.7459814371625,0.0,0.0,1.0,75.0
0.0,-1031.9772035147553,409.2055423755655,0.0,0.0,1.0,75.0
0.0,-1019.926379141607,439.8284425198942,0.0,0.0,1.0,75.0
0.0,-1015.2474889007542,438.6720310923927,0.0,0.0,1.0,75.0
0.0,-1028.4757225401409,412.3304377953141,0.0,0.0,1.0,75.0
0.0,-1026.487196620951,419.1302169229707,0.0,0.0,1.0,75.0
0.0,-1042.3852664179367,445.8780108663691,0.0,0.0,1.0,75.0
0.0,-1035.8518497181244,404.4252486790763,0.0,0.0,1.0,75.0
0.0,-1053.5875980995079,409.91528915105414,0.0,0.0,1.0,75.0
0.0,-1074.4418692232748,411.04516746057175,0.0,0.0,1.0,75.0
0.0,-1036.4883725644952,436.5631792555441,0.0,0.0,1.0,75.0
0.0,-1018.894626622392,432.0884515158425,0.0,0.0,1.0,75.0
0.0,-1082.874062803971,429.30641794802,0.0,0.0,1.0,75.0
0.0,-1035.3776542309033,460.62070280777175,0.0,0.0,1.0,75.0
0.0,-990.2322362223465,413.58590668369516,0.0,0.0,1.0,75.0
0.0,-1025.0227329375628,413.6946078159958,0.0,0.0,1.0,75.0
0.0,-1021.2118584184354,427.74558396207703,0.0,0.0,1.0,75.0
0.0,-1021.4842668812366,411.54344840792146,0.0,0.0,1.0,75.0
0.0,-1013.6700672563882,417.73991814342935,0.0,0.0,1.0,75.0
0.0,-1022.3504508448921,415.2297443155853,0.0,0.0,1.0,75.0
0.0,-1023.3199637279617,415.20338860847414,0.0,0.0,1.0,75.0
0.0,-1056.2841023214442,422.73785468541223,0.0,0.0,1.0,75.0
0.0,-1024.1265041718598,402.48264930646064,0.0,0.0,1.0,75.0
0.0,-1020.8355516840879,431.6719695747465,0.0,0.0,1.0,75.0
0.0,-1029.2882271275196,413.39770713963526,0.0,0.0,1.0,75.0
0.0,-1017.9931648636525,424.83344947548517,0.0,0.0,1.0,75.0
0.0,-1026.6542814573413,432.652222188633,0.0,0.0,1.0,75.0
0.0,-1143.9027466583655,-33.41890928762177,0.0,0.0,1.0,76.0
0.0,-1176.3495715412853,-10.770694533793403,0.0,0.0,1.0,76.0
0.0,-1145.6262736114184,-60.29688164431377,0.0,0.0,1.0,76.0
0.0,-1170.132880507621,-19.479748833788108,0.0,0.0,1.0,76.0
0.0,-1158.845769249951,-11.31957546509625,0.0,0.0,1.0,76.0
0.0,-1162.795548715821,-5.848278102657559,0.0,0.0,1.0,76.0
0.0,-1175.9904745062552,-28.853567642934422,0.0,0.0,1.0,76.0
0.0,-1192.6476793821548,-20.97587780287472,0.0,0.0,1.0,76.0
0.0,-1148.9970412561831,-17.842840909672532,0.0,0.0,1.0,76.0
0.0,-1159.8607971737886,-28.041438807191298,0.0,0.0,1.0,76.0
0.0,-1174.2336452830318,-24.100639393888514,0.0,0.0,1.0,76.0
0.0,-1154.2420110131686,-6.6838705755278625,0.0,0.0,1.0,76.0
0.0,-1167.0655018381797,4.9607043223397795,0.0,0.0,1.0,76.0
0.0,-1170.3554291716455,-36.08836831109488,0.0,0.0,1.0,76.0
0.0,-1169.4143536195538,-28.255913297071174,0.0,0.0,1.0,76.0
0.0,-1172.4996793113098,-15.64456471614767,0.0,0.0,1.0,76.0
0.0,-1154.0793593163278,-54.0174347242305,0.0,0.0,1.0,76.0
0.0,-1142.6879552976632,-10.728791481602002,0.0,0.0,1.0,76.0
0.0,-1068.9758808137888,-53.47129488888754,0.0,0.0,1.0,76.0
0.0,-1072.9602411688777,-85.98443529912765,0.0,0.0,1.0,76.0
0.0,-1059.223415434141,-74.59130620919677,0.0,0.0,1.0,76.0
0.0,-1083.919656292596,-110.0012309662643,0.0,0.0,1.0,76.0
0.0,-1063.7144197667426,-91.27832622512574,0.0,0.0,1.0,76.0
0.0,-1114.7418733764364,-97.81018803240568,0.0,0.0,1.0,76.0
0.0,-1097.8611576929377,-96.23833947663161,0.0,0.0,1.0,76.0
0.0,-1118.8994034060024,-74.24552166375679,0.0,0.0,1.0,76.0
0.0,-1094.5431245335953,-75.34996420424409,0.0,0.0,1.0,76.0
0.0,-1082.9193632527756,-115.02104921028513,0.0,0.0,1.0,76.0
0.0,-1106.6304959078286,-119.12779441806674,0.0,0.0,1.0,76.0
0.0,-1086.4377267189855,-93.97562671350374,0.0,0.0,1.0,76.0
0.0,-1115.8904317982103,-64.38482831751685,0.0,0.0,1.0,76.0
0.0,-1071.7519218211307,-103.0656953848802,0.0,0.0,1.0,76.0
0.0,-1099.6368661505287,-100.50872871338629,0.0,0.0,1.0,76.0
0.0,-1097.9846706718874,-97.42592180028032,0.0,0.0,1.0,76.0
0.0,-1088.0206904237593,-95.51651728481716,0.0,0.0,1.0,76.0
0.0,-1077.4978894920705,-84.97254001281226,0.0,0.0,1.0,76.0
0.0,-1061.1986123347647,-93.11063067667101,0.0,0.0,1.0,76.0
0.0,-1058.4171077469414,-92.68577126397736,0.0,0.0,1.0,76.0
0.0,-1074.0233404192338,-69.43382804192515,0.0,0.0,1.0,76.0
0.0,-1048.880935840043,-84.99389084344602,0.0,0.0,1.0,76.0
0.0,-1035.5062596034913,-85.65141331013592,0.0,0.0,1.0,76.0
0.0,-1053.5192289596152,-31.17116807784555,0.0,0.0,1.0,76.0
0.0,-1059.0286661726511,-80.90201022058682,0.0,0.0,1.0,76.0
0.0,-1059.8659427429889,-36.09080352273895,0.0,0.0,1.0,76.0
0.0,-1009.5265982067065,-63.91863838292852,0.0,0.0,1.0,76.0
0.0,-1051.601151002203,-55.94980570961616,0.0,0.0,1.0,76.0
0.0,-1060.473555889254,-91.40214257200637,0.0,0.0,1.0,76.0
0.0,-1048.8320126904885,-76.64988553378635,0.0,0.0,1.0,76.0
0.0,-1031.352726057383,-60.161818149007104,0.0,0.0,1.0,76.0
0.0,-1038.8389536218772,-57.642713629150194,0.0,0.0,1.0,76.0
0.0,-1025.2122488374252,-68.31590674677477,0.0,0.0,1.0,76.0
0.0,-1038.929431212767,-73.81486123307923,0.0,0.0,1.0,76.0
0.0,-1026.7414218815277,-62.963586249899436,0.0,0.0,1.0,76.0
0.0,-1035.3077584764349,-53.232793251057956,0.0,0.0,1.0,76.0
0.0,-1050.2245976522204,-67.90247303307206,0.0,0.0,1.0,76.0
0.0,-1058.2624925704122,-35.19814574161887,0.0,0.0,1.0,76.0
0.0,-1082.886412884137,-78.62395042695653,0.0,0.0,1.0,76.0
0.0,-1027.474285739589,-63.189207602221586,0.0,0.0,1.0,76.0
0.0,-1071.4247994665793,-57.09176946630828,0.0,0.0,1.0,76.0
0.0,-1055.4902455685287,-64.06155626870463,0.0,0.0,1.0,76.0
0.0,-1046.1972703337226,-84.11907313106258,0.0,0.0,1.0,76.0
0.0,-1020.9544587206187,-53.36334961105467,0.0,0.0,1.0,76.0
0.0,-1039.5649135120898,-100.85596895382082,0.0,0.0,1.0,76.0
0.0,-1105.9762300218713,-78.03965475239511,0.0,0.0,1.0,76.0
0.0,-1042.3493750320845,-55.573123749567685,0.0,0.0,1.0,76.0
0.0,-1026.9151871907716,-46.10395273378845,0.0,0.0,1.0,76.0
0.0,-1093.6582707808125,-45.60346397247804,0.0,0.0,1.0,76.0
0.0,-1053.0821830293169,-46.39414264141692,0.0,0.0,1.0,76.0
0.0,-1090.2025419679023,-59.15507902604827,0.0,0.0,1.0,76.0
0.0,-1050.0577919198486,-59.00880783977277,0.0,0.0,1.0,76.0
0.0,-1038.5971254652081,-74.94267010584508,0.0,0.0,1.0,76.0
0.0,-1058.3484316522408,-82.46859038515299,0.0,0.0,1.0,76.0
0.0,-1039.3990230471463,18.132149379034217,0.0,0.0,1.0,76.0
0.0,-1040.8024504361777,-41.930187814882856,0.0,0.0,1.0,76.0
0.0,-1031.077067531423,-3.344884488879643,0.0,0.0,1.0,76.0
0.0,-1011.6570496786762,-4.446678390148463,0.0,0.0,1.0,76.0
0.0,-1051.3155075843972,-1.1814122939051686,0.0,0.0,1.0,76.0
0.0,-1034.3798677572506,-46.54245398929902,0.0,0.0,1.0,76.0
0.0,-1033.350123808213,-4.631219725162964,0.0,0.0,1.0,76.0
0.0,-1049.6902478893876,-61.678084478899564,0.0,0.0,1.0,76.0
0.0,-1070.733996358549,-14.508928349729104,0.0,0.0,1.0,76.0
0.0,-1036.9647990921187,3.808120385090433,0.0,0.0,1.0,76.0
0.0,-1019.8988072249692,-23.85751684158845,0.0,0.0,1.0,76.0
0.0,-1014.602269249357,-28.647888279322387,0.0,0.0,1.0,76.0
0.0,-1024.134291688967,-11.6995523063963,0.0,0.0,1.0,76.0
0.0,-1041.9303212419609,-37.5411889961681,0.0,0.0,1.0,76.0
0.0,-1035.1015658692802,17.880676239734385,0.0,0.0,1.0,76.0
0.0,-1007.0587818262768,-35.28737341887381,0.0,0.0,1.0,76.0
0.0,-1049.9931101863547,-19.207786510993174,0.0,0.0,1.0,76.0
0.0,-1019.1924083099091,-1.0959488891419369,0.0,0.0,1.0,76.0
0.0,-1029.0723933100428,-26.635923559068033,0.0,0.0,1.0,76.0
0.0,-1025.6053285767962,-11.97636082786471,0.0,0.0,1.0,76.0
0.0,-1039.4571126439805,3.2781572078226873,0.0,0.0,1.0,76.0
0.0,-1045.2313799021872,-29.031713327665102,0.0,0.0,1.0,76.0
0.0,-1059.8541657442786,25.89446760190117,0.0,0.0,1.0,76.0
0.0,-1056.6928825396003,35.41439910490067,0.0,0.0,1.0,76.0
0.0,-1088.405590791776,13.821298999648434,0.0,0.0,1.0,76.0
0.0,-1050.1245524666663,35.06731625225848,0.0,0.0,1.0,76.0
0.0,-1058.2264658063914,15.148325129809564,0.0,0.0,1.0,76.0
0.0,-1027.2092727364197,39.60776567700236,0.0,0.0,1.0,76.0
0.0,-1074.6810006128953,27.215073222370847,0.0,0.0,1.0,76.0
0.0,-1051.6546353070444,27.623268219055717,0.0,0.0,1.0,76.0
0.0,-1037.6782906943313,43.1736725775952,0.0,0.0,1.0,76.0
0.0,-1049.9266355745972,3.7587457657580217,0.0,0.0,1.0,76.0
0.0,-1059.9869111622224,52.90767380183911,0.0,0.0,1.0,76.0
0.0,-1047.6830427979137,22.193547771770227,0.0,0.0,1.0,76.0
0.0,-1099.7345612900804,8.984694033584674,0.0,0.0,1.0,76.0
0.0,-1055.8626176869996,14.32054676563098,0.0,0.0,1.0,76.0
0.0,-1085.4960324695994,28.750522239553675,0.0,0.0,1.0,76.0
0.0,-1052.6108837495105,33.53078769232843,0.0,0.0,1.0,76.0
0.0,-1087.9834653310454,25.09581432798018,0.0,0.0,1.0,76.0
0.0,-1035.7032981303619,38.83039783000845,0.0,0.0,1.0,76.0
0.0,-1066.7558568897523,37.65973044972088,0.0,0.0,1.0,76.0
0.0,-1043.0233574810356,3.594440057568818,0.0,0.0,1.0,76.0
0.0,-1049.5645242181954,50.30685898017964,0.0,0.0,1.0,76.0
0.0,-1041.4831415451447,34.150180961434216,0.0,0.0,1.0,76.0
0.0,-1030.5297135620094,61.780748044180655,0.0,0.0,1.0,76.0
0.0,-1074.2540192704291,21.036683964090344,0.0,0.0,1.0,76.0
0.0,-1059.2147424390391,21.26961209577121,0.0,0.0,1.0,76.0
0.0,-1089.8925727422256,13.212330156396547,0.0,0.0,1.0,76.0
0.0,-1075.5570946336861,11.316385817955961,0.0,0.0,1.0,76.0
0.0,-1052.4323176429368,8.843064330089192,0.0,0.0,1.0,76.0
0.0,-1075.1307327989036,51.513299399603966,0.0,0.0,1.0,76.0
0.0,-1056.3911523441102,55.680205751311405,0.0,0.0,1.0,76.0
0.0,-1032.0695366072146,41.00446652724145,0.0,0.0,1.0,76.0
0.0,-1091.5376078457464,27.631474916555817,0.0,0.0,1.0,76.0
0.0,-1052.0414438707407,18.194621339280502,0.0,0.0,1.0,76.0
0.0,-1069.5661184810976,25.184101319113097,0.0,0.0,1.0,76.0
0.0,-1041.2265851547306,21.75392828076383,0.0,0.0,1.0,76.0
0.0,-1108.8303864182344,30.61038528398194,0.0,0.0,1.0,76.0
0.0,-1079.5374147484154,33.985730513122235,0.0,0.0,1.0,76.0
0.0,-1132.311148680299,70.80254114530362,0.0,0.0,1.0,76.0
0.0,-1101.094528758999,66.84371270934048,0.0,0.0,1.0,76.0
0.0,-1103.440675069305,58.35490100355128,0.0,0.0,1.0,76.0
0.0,-1111.0178133122042,53.56608450235217,0.0,0.0,1.0,76.0
0.0,-1114.354131457165,47.43796212360303,0.0,0.0,1.0,76.0
0.0,-1117.327810308064,29.6259309637353,0.0,0.0,1.0,76.0
0.0,-1112.158577551804,59.804630761006365,0.0,0.0,1.0,76.0
0.0,-1104.2544117700872,35.239096187889345,0.0,0.0,1.0,76.0
0.0,-1074.5684877844303,43.31519542991123,0.0,0.0,1.0,76.0
0.0,-1123.3692920494702,50.6197606075375,0.0,0.0,1.0,76.0
0.0,-1120.2396499778317,35.43103507140222,0.0,0.0,1.0,76.0
0.0,-1091.2438809462678,54.035093668378295,0.0,0.0,1.0,76.0
0.0,-1108.464332392786,26.685962522461523,0.0,0.0,1.0,76.0
0.0,-1096.3307580209355,40.269637997379505,0.0,0.0,1.0,76.0
0.0,-1105.3351380502504,72.86297198684133,0.0,0.0,1.0,76.0
0.0,-1092.39879518155,64.95528102873482,0.0,0.0,1.0,76.0
0.0,-1106.076426458844,36.47536116204719,0.0,0.0,1.0,76.0
0.0,-1103.6269257519855,26.747721164490258,0.0,0.0,1.0,76.0
0.0,-1082.918812088807,37.04530910671269,0.0,0.0,1.0,76.0
0.0,-1110.0140855490251,5.516124230997093,0.0,0.0,1.0,76.0
0.0,-1139.0012457216535,22.797666523936414,0.0,0.0,1.0,76.0
0.0,-1143.0695189995172,16.54368885513759,0.0,0.0,1.0,76.0
0.0,-1158.779302030065,21.01717274904877,0.0,0.0,1.0,76.0
0.0,-1136.7151912381703,31.648827557076174,0.0,0.0,1.0,76.0
0.0,-1082.2709295948039,11.690426978164396,0.0,0.0,1.0,76.0
0.0,-1163.643572803964,20.021582288981335,0.0,0.0,1.0,76.0
0.0,-1125.0522795535671,49.51782148289249,0.0,0.0,1.0,76.0
0.0,-1157.8471543508829,-2.076054968442577,0.0,0.0,1.0,76.0
0.0,-1159.413838653261,51.66722356511741,0.0,0.0,1.0,76.0
0.0,-1149.8695578630322,33.28957678991196,0.0,0.0,1.0,76.0
0.0,-1144.8816185113956,2.2701404952899793,0.0,0.0,1.0,76.0
0.0,-1140.41815671412,45.1691322379329,0.0,0.0,1.0,76.0
0.0,-1151.1521228403844,21.712637629700794,0.0,0.0,1.0,76.0
0.0,-1161.2853547760267,-12.210805805659447,0.0,0.0,1.0,76.0
0.0,-1145.2686785925523,9.807945353010837,0.0,0.0,1.0,76.0
0.0,-1142.9685590464785,21.748658921900642,0.0,0.0,1.0,76.0
0.0,-1161.8880877471024,14.506122918915935,0.0,0.0,1.0,76.0
0.0,-1142.9292552362353,9.130357895650377,0.0,0.0,1.0,76.0
0.0,-1127.188391432324,2.0828331081934266,0.0,0.0,1.0,76.0
0.0,-1164.9378546040723,40.98532331169008,0.0,0.0,1.0,76.0
0.0,-1144.8348924584802,44.51408330792242,0.0,0.0,1.0,76.0
0.0,-1159.9827067998276,-6.776669394716464,0.0,0.0,1.0,76.0
0.0,-1149.4540867676242,32.441079919574804,0.0,0.0,1.0,76.0
0.0,-1165.9826440722975,9.816270870246171,0.0,0.0,1.0,76.0
0.0,-1131.3723114168572,22.86646589702832,0.0,0.0,1.0,76.0
0.0,-1198.8004194448392,66.52152968303517,0.0,0.0,1.0,76.0
0.0,-1151.2266978213158,6.358404088091675,0.0,0.0,1.0,76.0
0.0,-1142.701856635252,-3.3976051262018245,0.0,0.0,1.0,76.0
0.0,-1135.8334600320254,7.992595130831887,0.0,0.0,1.0,76.0
0.0,-1125.9618356323015,43.16613301994607,0.0,0.0,1.0,76.0
0.0,-1165.9811529518684,22.71101138095105,0.0,0.0,1.0,76.0
0.0,-1079.5874361561284,38.59514656379088,0.0,0.0,1.0,76.0
0.0,-1021.1519284138458,-154.9348201873829,0.0,0.0,1.0,77.0
0.0,-1032.7946128068534,-172.54949557819532,0.0,0.0,1.0,77.0
0.0,-1015.8946760251877,-146.17182135115422,0.0,0.0,1.0,77.0
0.0,-1024.3637383599664,-141.13489266955412,0.0,0.0,1.0,77.0
0.0,-1015.8681293398718,-161.2597850131899,0.0,0.0,1.0,77.0
0.0,-1062.0798450672037,-152.03991313391907,0.0,0.0,1.0,77.0
0.0,-995.702304240938,-130.70274919142025,0.0,0.0,1.0,77.0
0.0,-1017.6092200358582,-169.46068110608257,0.0,0.0,1.0,77.0
0.0,-1058.0936427098632,-188.68458498068276,0.0,0.0,1.0,77.0
0.0,-1025.7666920139238,-158.12288768534813,0.0,0.0,1.0,77.0
0.0,-1025.2715962393345,-153.00893310219976,0.0,0.0,1.0,77.0
0.0,-1029.6860747967116,-134.02491660189503,0.0,0.0,1.0,77.0
0.0,-1026.9359074257686,-164.45126605190626,0.0,0.0,1.0,77.0
0.0,-1013.3802117818414,-166.90221292442266,0.0,0.0,1.0,77.0
0.0,-1010.7729183249155,-148.69632897573683,0.0,0.0,1.0,77.0
0.0,-1028.8193230161185,-145.9436385514539,0.0,0.0,1.0,77.0
0.0,-1030.2827712864987,-149.66877627591816,0.0,0.0,1.0,77.0
0.0,-1018.8131965051721,-162.27971666002804,0.0,0.0,1.0,77.0
0.0,-1061.3919639402711,-156.09030021393346,0.0,0.0,1.0,77.0
0.0,-1032.0553864890114,-157.1275323944733,0.0,0.0,1.0,77.0
0.0,-1014.1456347386929,-175.0804760226374,0.0,0.0,1.0,77.0
0.0,-1048.132751176961,-150.24327825405908,0.0,0.0,1.0,77.0
0.0,-1035.0699723392727,-178.3841457272797,0.0,0.0,1.0,77.0
0.0,-1002.5308265952831,-126.40886709535425,0.0,0.0,1.0,77.0
0.0,-1022.0633936700754,-162.256465993637,0.0,0.0,1.0,77.0
0.0,-1036.716631250248,-138.38529344170843,0.0,0.0,1.0,77.0
0.0,-1045.7141907441685,-148.91625230281898,0.0,0.0,1.0,77.0
0.0,-1011.1187774912512,-137.67990503672877,0.0,0.0,1.0,77.0
0.0,-1061.3623940456162,-173.86363457411608,0.0,0.0,1.0,77.0
0.0,-1007.3149333326487,-147.93353350277152,0.0,0.0,1.0,77.0
0.0,-1025.9427779436849,-146.92856628753316,0.0,0.0,1.0,77.0
0.0,-1042.7043302058444,-152.9104293873529,0.0,0.0,1.0,77.0
0.0,-1024.1845187464207,-157.11269826237435,0.0,0.0,1.0,77.0
0.0,-1018.9037682119188,-173.94152967979994,0.0,0.0,1.0,77.0
0.0,-1022.4163286905207,-190.75699875393798,0.0,0.0,1.0,77.0
0.0,-1010.0922655459719,-190.3512198591775,0.0,0.0,1.0,77.0
0.0,-1013.8659069331263,-134.2698777854614,0.0,0.0,1.0,77.0
0.0,-1030.1481230073468,-172.5177712962718,0.0,0.0,1.0,77.0
0.0,-1077.8366118930085,-155.80234935331578,0.0,0.0,1.0,77.0
0.0,-1034.3153427117882,-182.62139804288313,0.0,0.0,1.0,77.0
0.0,-1034.930510877198,-176.106384195617,0.0,0.0,1.0,77.0
0.0,-1105.987052006257,-140.21045412892158,0.0,0.0,1.0,77.0
0.0,-1107.2300401732446,-131.61604205588583,0.0,0.0,1.0,77.0
0.0,-1085.4464520599452,-151.03225066261643,0.0,0.0,1.0,77.0
0.0,-1084.769329243564,-145.89212375901843,0.0,0.0,1.0,77.0
0.0,-1085.782005484615,-158.02487936874013,0.0,0.0,1.0,77.0
0.0,-1067.4870602447058,-136.4444305672198,0.0,0.0,1.0,77.0
0.0,-1074.1202464231208,-163.8218386615829,0.0,0.0,1.0,77.0
0.0,-1088.4009883521012,-152.79172250977945,0.0,0.0,1.0,77.0
0.0,-1063.9519142012598,-172.30964806377688,0.0,0.0,1.0,77.0
0.0,-1070.764135766126,-133.06185024528713,0.0,0.0,1.0,77.0
0.0,-1074.7337362564012,-157.6354572991022,0.0,0.0,1.0,77.0
0.0,-1096.0173868793834,-175.2626360604554,0.0,0.0,1.0,77.0
0.0,-1086.4455925624363,-144.49577561046544,0.0,0.0,1.0,77.0
0.0,-1091.014099563589,-162.5802778549737,0.0,0.0,1.0,77.0
0.0,-1088.9155557227161,-137.32844838321626,0.0,0.0,1.0,77.0
0.0,-1098.6028186698054,-198.72107219665827,0.0,0.0,1.0,77.0
0.0,-1051.2982914355882,-147.46977945082767,0.0,0.0,1.0,77.0
0.0,-1068.0701085901924,-140.89056709393753,0.0,0.0,1.0,77.0
0.0,-1075.7317396344658,-123.04075917139971,0.0,0.0,1.0,77.0
0.0,-1087.0369392637317,-155.685198018135,0.0,0.0,1.0,77.0
0.0,-1090.0825725485977,-153.2027922525681,0.0,0.0,1.0,77.0
0.0,-1088.6780275617325,-142.42136810030092,0.0,0.0,1.0,77.0
0.0,-1119.9867245333155,-176.31342610070328,0.0,0.0,1.0,77.0
0.0,-1119.690682997163,-230.3970908577312,0.0,0.0,1.0,77.0
0.0,-1069.886685393583,-202.67463497357403,0.0,0.0,1.0,77.0
0.0,-1085.2122927442629,-143.19804518849242,0.0,0.0,1.0,77.0
0.0,-1084.672491679437,-157.38749907613806,0.0,0.0,1.0,77.0
0.0,-1074.4507869814088,-144.83434030590934,0.0,0.0,1.0,77.0
0.0,-1058.7739640581713,-194.39206980944027,0.0,0.0,1.0,77.0
0.0,-1126.2587530036026,-194.45841940229047,0.0,0.0,1.0,77.0
0.0,-1136.5705204253609,-232.1715722282156,0.0,0.0,1.0,77.0
0.0,-1134.0922218252795,-182.53983553441594,0.0,0.0,1.0,77.0
0.0,-1147.3160834486955,-201.89963560495517,0.0,0.0,1.0,77.0
0.0,-1135.1044037577265,-170.87404438873932,0.0,0.0,1.0,77.0
0.0,-1121.9266294026033,-178.08129645162717,0.0,0.0,1.0,77.0
0.0,-1156.4114544856182,-185.23400691717552,0.0,0.0,1.0,77.0
0.0,-1139.1066573778198,-210.0452931043542,0.0,0.0,1.0,77.0
0.0,-1116.9768691205927,-179.05539985999712,0.0,0.0,1.0,77.0
0.0,-1141.6996443439803,-187.72919436736925,0.0,0.0,1.0,77.0
0.0,-1127.5308684951046,-201.16381861978016,0.0,0.0,1.0,77.0
0.0,-1149.920140359343,-195.191246272557,0.0,0.0,1.0,77.0
0.0,-1129.2672819524778,-186.47410285863361,0.0,0.0,1.0,77.0
0.0,-1156.3881508512309,-181.91381004194182,0.0,0.0,1.0,77.0
0.0,-1129.7053342293855,-189.43264116980345,0.0,0.0,1.0,77.0
0.0,-1066.9444093223658,-178.75824068050247,0.0,0.0,1.0,77.0
0.0,-1132.463960295706,-219.83753573309377,0.0,0.0,1.0,77.0
0.0,-1057.672981427172,-208.08359615119684,0.0,0.0,1.0,77.0
0.0,-1163.813289928949,-194.30023417900838,0.0,0.0,1.0,77.0
0.0,-1150.4071452897458,-212.975402888065,0.0,0.0,1.0,77.0
0.0,-1128.7786254698801,-245.84301167368562,0.0,0.0,1.0,77.0
0.0,-1131.0809949659667,-229.94400022450895,0.0,0.0,1.0,77.0
0.0,-1141.5347181959285,-233.66564491197732,0.0,0.0,1.0,77.0
0.0,-1141.3881204771142,-224.3039756052858,0.0,0.0,1.0,77.0
0.0,-1154.559496323464,-260.0775127862971,0.0,0.0,1.0,77.0
0.0,-1138.5874680573015,-235.18839252350267,0.0,0.0,1.0,77.0
0.0,-1151.812190406095,-226.87479959355437,0.0,0.0,1.0,77.0
0.0,-1113.7766802233116,-274.29808387636854,0.0,0.0,1.0,77.0
0.0,-1146.9825957207381,-215.57875449540575,0.0,0.0,1.0,77.0
0.0,-1142.913846931539,-261.5016947268491,0.0,0.0,1.0,77.0
0.0,-1135.337883354982,-209.32739630634524,0.0,0.0,1.0,77.0
0.0,-1124.1385525744824,-245.25345176386145,0.0,0.0,1.0,77.0
0.0,-1167.3210217411317,-230.37015102784744,0.0,0.0,1.0,77.0
0.0,-1096.0124445445333,-259.65908800097736,0.0,0.0,1.0,77.0
0.0,-1139.774830502842,-236.75981357083356,0.0,0.0,1.0,77.0
0.0,-1149.0074543378807,-245.29142617394837,0.0,0.0,1.0,77.0
0.0,-1137.6740689578708,-285.70292918525774,0.0,0.0,1.0,77.0
0.0,-1109.2156398889945,-296.4131728503162,0.0,0.0,1.0,77.0
0.0,-1088.083026536104,-315.476573914714,0.0,0.0,1.0,77.0
0.0,-1093.0829173977766,-295.07630976558585,0.0,0.0,1.0,77.0
0.0,-1077.828058580882,-286.51587617688483,0.0,0.0,1.0,77.0
0.0,-1095.7235564194661,-293.2471511453018,0.0,0.0,1.0,77.0
0.0,-1087.5389026494274,-308.1566904040949,0.0,0.0,1.0,77.0
0.0,-1079.666187764872,-264.69736895920914,0.0,0.0,1.0,77.0
0.0,-1107.504917993913,-304.4370680453583,0.0,0.0,1.0,77.0
0.0,-1095.95626479488,-286.64986902520695,0.0,0.0,1.0,77.0
0.0,-1107.7446807562867,-303.68296629024985,0.0,0.0,1.0,77.0
0.0,-1125.599097708006,-281.1961281117526,0.0,0.0,1.0,77.0
0.0,-1106.6240697837052,-305.2748753715548,0.0,0.0,1.0,77.0
0.0,-1124.0924961767644,-309.31463693533647,0.0,0.0,1.0,77.0
0.0,-1100.2409347658445,-318.07414347445115,0.0,0.0,1.0,77.0
0.0,-1040.157848681214,-283.87858602624806,0.0,0.0,1.0,77.0
0.0,-1123.11625795991,-278.33284966055453,0.0,0.0,1.0,77.0
0.0,-1111.3573799961646,-291.14949456935483,0.0,0.0,1.0,77.0
0.0,-1124.5816548284406,-289.8005805017924,0.0,0.0,1.0,77.0
0.0,-1102.5556711891206,-310.8983464348096,0.0,0.0,1.0,77.0
0.0,-1128.3498017685192,-273.65942977436384,0.0,0.0,1.0,77.0
0.0,-1106.1774203876046,-296.2511543132341,0.0,0.0,1.0,77.0
0.0,-1125.5284470975928,-300.43996636820566,0.0,0.0,1.0,77.0
0.0,-1114.4198023258216,-309.3812722092787,0.0,0.0,1.0,77.0
0.0,-1135.4343570446651,-295.4766451825558,0.0,0.0,1.0,77.0
0.0,-1113.9262601715038,-315.6479145961116,0.0,0.0,1.0,77.0
0.0,-1114.2952760284675,-311.5874433196384,0.0,0.0,1.0,77.0
0.0,-1081.331704000954,-258.53873404769274,0.0,0.0,1.0,77.0
0.0,-1101.767774963895,-304.2772525762414,0.0,0.0,1.0,77.0
0.0,-1108.9580081875702,-280.55915618921995,0.0,0.0,1.0,77.0
0.0,-1106.3420081663326,-281.0657980518149,0.0,0.0,1.0,77.0
0.0,-1098.3041683483532,-245.35731860226747,0.0,0.0,1.0,77.0
0.0,-1088.4541459643087,-309.19366155138755,0.0,0.0,1.0,77.0
0.0,-1139.4062168228977,-240.0045334319493,0.0,0.0,1.0,77.0
0.0,-1077.7912183751432,-297.7754120308291,0.0,0.0,1.0,77.0
0.0,-1102.4745336775854,-311.68848844444756,0.0,0.0,1.0,77.0
0.0,-1061.9933659425947,-303.81369601828715,0.0,0.0,1.0,77.0
0.0,-1020.2185939068422,-277.92447707543556,0.0,0.0,1.0,77.0
0.0,-1036.919004156764,-299.6747197352249,0.0,0.0,1.0,77.0
0.0,-1057.3522958698638,-314.24809366971294,0.0,0.0,1.0,77.0
0.0,-1059.9840206270767,-293.53038540927105,0.0,0.0,1.0,77.0
0.0,-1022.6886325814892,-312.2895073947577,0.0,0.0,1.0,77.0
0.0,-1035.2298186364885,-312.867467068367,0.0,0.0,1.0,77.0
0.0,-1041.664261156374,-294.46831243365386,0.0,0.0,1.0,77.0
0.0,-1042.5163236127892,-305.384326703738,0.0,0.0,1.0,77.0
0.0,-1016.1138759665657,-303.76023172104783,0.0,0.0,1.0,77.0
0.0,-1046.3695518771026,-295.7731230976899,0.0,0.0,1.0,77.0
0.0,-1064.0678126395765,-280.889751897789,0.0,0.0,1.0,77.0
0.0,-1016.2714837499761,-306.3962990229254,0.0,0.0,1.0,77.0
0.0,-1036.5502540775453,-304.3687376093967,0.0,0.0,1.0,77.0
0.0,-1054.1675353871972,-310.6038307057245,0.0,0.0,1.0,77.0
0.0,-1073.281457246933,-298.9193517235444,0.0,0.0,1.0,77.0
0.0,-1004.9624511476452,-275.8083585824702,0.0,0.0,1.0,77.0
0.0,-963.7811283609003,-223.42135515170185,0.0,0.0,1.0,77.0
0.0,-1032.1039023582464,-243.06430928985674,0.0,0.0,1.0,77.0
0.0,-991.0678792845517,-262.2677401158969,0.0,0.0,1.0,77.0
0.0,-977.8527616903368,-248.53825963929125,0.0,0.0,1.0,77.0
0.0,-1015.3634534588418,-265.6111416398519,0.0,0.0,1.0,77.0
0.0,-995.3676828692294,-264.68027491974885,0.0,0.0,1.0,77.0
0.0,-1032.2619474819203,-274.24026013197886,0.0,0.0,1.0,77.0
0.0,-1014.9922426398111,-279.2643212075668,0.0,0.0,1.0,77.0
0.0,-978.553928782737,-274.67640789807,0.0,0.0,1.0,77.0
0.0,-1028.2982570662343,-211.34618500277134,0.0,0.0,1.0,77.0
0.0,-1014.5503646598584,-254.64085106165476,0.0,0.0,1.0,77.0
0.0,-1028.873938187724,-252.6683465403355,0.0,0.0,1.0,77.0
0.0,-1003.3776606636438,-256.0664197859576,0.0,0.0,1.0,77.0
0.0,-1020.7716552479255,-257.86216174385436,0.0,0.0,1.0,77.0
0.0,-994.0499028641407,-258.03397889553867,0.0,0.0,1.0,77.0
0.0,-1017.5040959947416,-247.73033315413932,0.0,0.0,1.0,77.0
0.0,-994.8084117407468,-292.8046005163226,0.0,0.0,1.0,77.0
0.0,-1005.8848555874315,-262.855204625831,0.0,0.0,1.0,77.0
0.0,-1006.2933297276645,-276.3456166552701,0.0,0.0,1.0,77.0
0.0,-1062.5149733635262,-253.34372241837218,0.0,0.0,1.0,77.0
0.0,-982.2004463799539,-265.9607166906303,0.0,0.0,1.0,77.0
0.0,-997.4354715542329,-267.5490745885945,0.0,0.0,1.0,77.0
0.0,-1005.3300133839257,-254.33406489792128,0.0,0.0,1.0,77.0
0.0,-1004.8221456783474,-248.40790180766635,0.0,0.0,1.0,77.0
0.0,-1017.4247443511906,-242.52319439864937,0.0,0.0,1.0,77.0
0.0,-1025.556442795888,-207.22151550879926,0.0,0.0,1.0,77.0
0.0,-977.6935011976673,-242.60160446847703,0.0,0.0,1.0,77.0
0.0,-978.3326837462563,-223.60322459144163,0.0,0.0,1.0,77.0
0.0,-964.6817205581386,-200.80592145603805,0.0,0.0,1.0,77.0
0.0,-971.1336491461891,-207.50267447708438,0.0,0.0,1.0,77.0
0.0,-982.3546768861089,-197.74766201971215,0.0,0.0,1.0,77.0
0.0,-975.7578565052695,-189.86740374114788,0.0,0.0,1.0,77.0
0.0,-1007.9267415869094,-195.34132101997557,0.0,0.0,1.0,77.0
0.0,-1000.5080483525819,-206.77780956597394,0.0,0.0,1.0,77.0
0.0,-1034.067086443474,-169.61691876754594,0.0,0.0,1.0,77.0
0.0,-1032.3067010109792,-178.86568254646045,0.0,0.0,1.0,77.0
0.0,-983.5594369064531,-719.0874971521687,0.0,0.0,1.0,78.0
0.0,-943.8920327971529,-695.3533904203215,0.0,0.0,1.0,78.0
0.0,-987.31352095744,-702.4279522314378,0.0,0.0,1.0,78.0
0.0,-969.3150442228648,-730.2868798490484,0.0,0.0,1.0,78.0
0.0,-1000.1563421058186,-720.962150080235,0.0,0.0,1.0,78.0
0.0,-982.7085701611733,-711.4790050157246,0.0,0.0,1.0,78.0
0.0,-930.6727689556224,-701.6027638547508,0.0,0.0,1.0,78.0
0.0,-989.268550132053,-682.5384051544743,0.0,0.0,1.0,78.0
0.0,-971.2201946059446,-718.2715334596083,0.0,0.0,1.0,78.0
0.0,-950.4843499959733,-698.7341708961359,0.0,0.0,1.0,78.0
0.0,-985.4194909741126,-733.6351348157058,0.0,0.0,1.0,78.0
0.0,-960.5703093228105,-715.2457623326223,0.0,0.0,1.0,78.0
0.0,-966.8752622838017,-725.7240068217243,0.0,0.0,1.0,78.0
0.0,-968.1738237666497,-715.717197702346,0.0,0.0,1.0,78.0
0.0,-953.8252105299426,-730.7310151108923,0.0,0.0,1.0,78.0
0.0,-972.5808966338327,-725.6379588970882,0.0,0.0,1.0,78.0
0.0,-963.0716017458649,-727.4077002510952,0.0,0.0,1.0,78.0
0.0,-972.5648427943822,-724.0125130659072,0.0,0.0,1.0,78.0
0.0,-994.5053410374601,-729.7462149087505,0.0,0.0,1.0,78.0
0.0,-981.978104510939,-714.8801754015161,0.0,0.0,1.0,78.0
0.0,-971.1115521552958,-702.041614234306,0.0,0.0,1.0,78.0
0.0,-957.757568730996,-728.748486257044,0.0,0.0,1.0,78.0
0.0,-992.6410110421054,-724.1852695947259,0.0,0.0,1.0,78.0
0.0,-1035.2297648922809,-715.542442793452,0.0,0.0,1.0,78.0
0.0,-960.7753509906936,-726.4803762818474,0.0,0.0,1.0,78.0
0.0,-966.0039104648841,-728.0184577278125,0.0,0.0,1.0,78.0
0.0,-977.1950847109833,-715.4105723706609,0.0,0.0,1.0,78.0
0.0,-982.8545086562829,-708.7453256445365,0.0,0.0,1.0,78.0
0.0,-972.053844246855,-727.5205300188254,0.0,0.0,1.0,78.0
0.0,-968.3593958032391,-721.6821731658973,0.0,0.0,1.0,78.0
0.0,-1010.4687329378537,-729.3342562234672,0.0,0.0,1.0,78.0
0.0,-962.0548396319444,-731.391858181815,0.0,0.0,1.0,78.0
0.0,-970.4365089752545,-717.6466255958794,0.0,0.0,1.0,78.0
0.0,-981.6231558674032,-699.758520302534,0.0,0.0,1.0,78.0
0.0,-1000.24655115406,-751.0810732134132,0.0,0.0,1.0,78.0
0.0,-971.9273994602335,-723.5534705803511,0.0,0.0,1.0,78.0
0.0,-983.2850067699774,-714.0682413734359,0.0,0.0,1.0,78.0
0.0,-957.2699659966296,-628.7186144516171,0.0,0.0,1.0,78.0
0.0,-957.7112563349593,-725.7383387864606,0.0,0.0,1.0,78.0
0.0,-965.6116094245897,-677.2749045776214,0.0,0.0,1.0,78.0
0.0,-977.1618947812091,-712.4757528622542,0.0,0.0,1.0,78.0
0.0,-982.5220506805938,-711.8715359774028,0.0,0.0,1.0,78.0
0.0,-939.0076682566317,-700.3928369088384,0.0,0.0,1.0,78.0
0.0,-970.3069263862893,-698.2652488290491,0.0,0.0,1.0,78.0
0.0,-906.7384039362746,-681.0916629351537,0.0,0.0,1.0,78.0
0.0,-945.4940601539429,-710.878123213321,0.0,0.0,1.0,78.0
0.0,-905.9927733787761,-687.7455928828613,0.0,0.0,1.0,78.0
0.0,-920.7048081751402,-719.8876127779132,0.0,0.0,1.0,78.0
0.0,-921.605031325738,-694.1313813345128,0.0,0.0,1.0,78.0
0.0,-949.0202669762593,-684.5644179532135,0.0,0.0,1.0,78.0
0.0,-940.3036061962857,-709.3380001709185,0.0,0.0,1.0,78.0
0.0,-956.9733379708802,-634.6165931639712,0.0,0.0,1.0,78.0
0.0,-940.4262505497485,-691.8108288219164,0.0,0.0,1.0,78.0
0.0,-928.9008866626526,-674.3188979967433,0.0,0.0,1.0,78.0
0.0,-910.3445468553604,-693.3924205418081,0.0,0.0,1.0,78.0
0.0,-971.7402168365466,-644.8632915322951,0.0,0.0,1.0,78.0
0.0,-942.571440178302,-712.7380543681038,0.0,0.0,1.0,78.0
0.0,-980.368592489915,-625.0577414298498,0.0,0.0,1.0,78.0
0.0,-930.9873090796813,-667.1542285593181,0.0,0.0,1.0,78.0
0.0,-923.6456424202064,-687.0477852300828,0.0,0.0,1.0,78.0
0.0,-888.8831673292511,-737.7599888479815,0.0,0.0,1.0,78.0
0.0,-905.9178393852363,-723.548952250492,0.0,0.0,1.0,78.0
0.0,-915.0309200698442,-712.9325808387175,0.0,0.0,1.0,78.0
0.0,-922.8099884625503,-691.3297305985186,0.0,0.0,1.0,78.0
0.0,-914.3644188834625,-688.6404975872031,0.0,0.0,1.0,78.0
0.0,-956.4944685041219,-639.7212101260085,0.0,0.0,1.0,78.0
0.0,-944.3907471779132,-703.8676104392135,0.0,0.0,1.0,78.0
0.0,-935.8786870923029,-677.0716576406642,0.0,0.0,1.0,78.0
0.0,-912.2551466497166,-687.8048742651031,0.0,0.0,1.0,78.0
0.0,-910.8096605801376,-684.587603523141,0.0,0.0,1.0,78.0
0.0,-942.9354270290218,-716.4881623365351,0.0,0.0,1.0,78.0
0.0,-960.5071758422588,-686.0130363738166,0.0,0.0,1.0,78.0
0.0,-922.5240117318157,-675.1555659450933,0.0,0.0,1.0,78.0
0.0,-902.6746815841472,-717.1828004411775,0.0,0.0,1.0,78.0
0.0,-940.0712562671704,-707.3872053753225,0.0,0.0,1.0,78.0
0.0,-993.5131370258268,-596.0687209018057,0.0,0.0,1.0,78.0
0.0,-975.223443427139,-569.8641815697875,0.0,0.0,1.0,78.0
0.0,-948.1690884695091,-649.6722546447767,0.0,0.0,1.0,78.0
0.0,-1006.957175963074,-617.8401870639061,0.0,0.0,1.0,78.0
0.0,-983.65905810207,-591.2964002239465,0.0,0.0,1.0,78.0
0.0,-1005.9890356507008,-575.946774015225,0.0,0.0,1.0,78.0
0.0,-1006.3120630324097,-606.1703640623889,0.0,0.0,1.0,78.0
0.0,-998.2259629192731,-632.6433965078091,0.0,0.0,1.0,78.0
0.0,-1009.2486157995688,-603.8959771076599,0.0,0.0,1.0,78.0
0.0,-1005.0141808094625,-574.806278821834,0.0,0.0,1.0,78.0
0.0,-990.5152416433973,-567.7665804401004,0.0,0.0,1.0,78.0
0.0,-996.6416616305121,-595.6911451489746,0.0,0.0,1.0,78.0
0.0,-981.3896347172507,-562.3335841183266,0.0,0.0,1.0,78.0
0.0,-1026.2978495254588,-584.4846286709068,0.0,0.0,1.0,78.0
0.0,-995.872854135984,-611.5746327690903,0.0,0.0,1.0,78.0
0.0,-990.5422093422371,-598.9568642357611,0.0,0.0,1.0,78.0
0.0,-1025.6409387799604,-576.3723082230609,0.0,0.0,1.0,78.0
0.0,-977.6288217728458,-558.7051642515979,0.0,0.0,1.0,78.0
0.0,-999.1764634185563,-588.5018610122017,0.0,0.0,1.0,78.0
0.0,-990.281274033362,-560.8496089006909,0.0,0.0,1.0,78.0
0.0,-1007.3448588052433,-575.5332637723752,0.0,0.0,1.0,78.0
0.0,-981.4791390427431,-588.7036843857782,0.0,0.0,1.0,78.0
0.0,-975.2456124336079,-594.1532476772375,0.0,0.0,1.0,78.0
0.0,-977.4347469331652,-578.7459563328094,0.0,0.0,1.0,78.0
0.0,-1006.2281394235483,-646.4153309089271,0.0,0.0,1.0,78.0
0.0,-998.4780452775537,-558.7353625316712,0.0,0.0,1.0,78.0
0.0,-986.6337781675059,-658.2458944560299,0.0,0.0,1.0,78.0
0.0,-971.6684950035883,-573.607169593317,0.0,0.0,1.0,78.0
0.0,-1054.2099215381695,-609.9175368360475,0.0,0.0,1.0,78.0
0.0,-1025.3716608385232,-596.2878159280489,0.0,0.0,1.0,78.0
0.0,-1045.084382056063,-598.2378187433268,0.0,0.0,1.0,78.0
0.0,-1051.2688895886263,-599.5794272505142,0.0,0.0,1.0,78.0
0.0,-1036.7706705384471,-630.0460389160093,0.0,0.0,1.0,78.0
0.0,-1031.499168461913,-622.6142762777408,0.0,0.0,1.0,78.0
0.0,-1040.1951048176052,-623.2985730816523,0.0,0.0,1.0,78.0
0.0,-1039.9682976102029,-613.3176486505798,0.0,0.0,1.0,78.0
0.0,-1048.777718039696,-593.7441722491259,0.0,0.0,1.0,78.0
0.0,-1034.4151284561876,-604.467693289734,0.0,0.0,1.0,78.0
0.0,-1053.999957043816,-607.3891091765643,0.0,0.0,1.0,78.0
0.0,-1028.7385084313103,-616.761093891324,0.0,0.0,1.0,78.0
0.0,-1043.091710087652,-608.8543707181182,0.0,0.0,1.0,78.0
0.0,-1066.4156907748395,-606.2841811860934,0.0,0.0,1.0,78.0
0.0,-1038.507919868225,-629.551296331835,0.0,0.0,1.0,78.0
0.0,-1040.3164266597262,-633.3420419519286,0.0,0.0,1.0,78.0
0.0,-999.8128081952586,-599.4174992041037,0.0,0.0,1.0,78.0
0.0,-1025.5762774415846,-599.4981139566958,0.0,0.0,1.0,78.0
0.0,-1027.5737266616138,-600.0461726498629,0.0,0.0,1.0,78.0
0.0,-1033.5688002021277,-612.2382805674112,0.0,0.0,1.0,78.0
0.0,-1011.6145532599835,-574.3329829108962,0.0,0.0,1.0,78.0
0.0,-1054.3162586714325,-603.5616439767774,0.0,0.0,1.0,78.0
0.0,-1069.2714845119797,-609.3294048657297,0.0,0.0,1.0,78.0
0.0,-1056.4346135786445,-651.4317067529141,0.0,0.0,1.0,78.0
0.0,-999.5835013451924,-643.2297502001395,0.0,0.0,1.0,78.0
0.0,-1021.6647980230648,-599.4923382578586,0.0,0.0,1.0,78.0
0.0,-1049.4947244739828,-594.4294362283869,0.0,0.0,1.0,78.0
0.0,-1043.0521145225223,-593.0148671300364,0.0,0.0,1.0,78.0
0.0,-1005.9530042500742,-582.2307095219531,0.0,0.0,1.0,78.0
0.0,-1050.9190518773046,-595.0328217922792,0.0,0.0,1.0,78.0
0.0,-1050.5504398234566,-601.2171058114664,0.0,0.0,1.0,78.0
0.0,-1033.619738392693,-607.7496572723812,0.0,0.0,1.0,78.0
0.0,-1042.8996816563495,-606.8048703400308,0.0,0.0,1.0,78.0
0.0,-1042.329965059397,-631.7445832023056,0.0,0.0,1.0,78.0
0.0,-1050.9900901652593,-650.2983120680364,0.0,0.0,1.0,78.0
0.0,-1062.9701190329931,-616.0395080435593,0.0,0.0,1.0,78.0
0.0,-1041.2698010358513,-651.9416652327777,0.0,0.0,1.0,78.0
0.0,-1064.6266979152845,-661.0006886353133,0.0,0.0,1.0,78.0
0.0,-1037.8523863915182,-660.7126167114862,0.0,0.0,1.0,78.0
0.0,-1034.3192936128287,-692.2846581285321,0.0,0.0,1.0,78.0
0.0,-1060.8241307769779,-640.2422643021638,0.0,0.0,1.0,78.0
0.0,-1012.8223591895592,-618.9821711218214,0.0,0.0,1.0,78.0
0.0,-1048.3121233184488,-654.0266833903144,0.0,0.0,1.0,78.0
0.0,-1041.1162504044955,-703.5333934964207,0.0,0.0,1.0,78.0
0.0,-1011.5201359033892,-718.3092296224341,0.0,0.0,1.0,78.0
0.0,-1017.4612250747568,-638.0510982745429,0.0,0.0,1.0,78.0
0.0,-1018.9906466100144,-647.9513270973644,0.0,0.0,1.0,78.0
0.0,-1028.0402002768255,-647.0166567184494,0.0,0.0,1.0,78.0
0.0,-1069.992378086496,-643.1796365202953,0.0,0.0,1.0,78.0
0.0,-1031.1623508514485,-658.6558962003746,0.0,0.0,1.0,78.0
0.0,-1038.0287407778835,-683.61440873294,0.0,0.0,1.0,78.0
0.0,-1045.42502176211,-647.8966396516082,0.0,0.0,1.0,78.0
0.0,-1061.6447513912094,-675.9987884211381,0.0,0.0,1.0,78.0
0.0,-1030.867162485829,-696.0953859614181,0.0,0.0,1.0,78.0
0.0,-1053.6751149970144,-662.6029712393682,0.0,0.0,1.0,78.0
0.0,-1048.3333854516497,-675.3593284927992,0.0,0.0,1.0,78.0
0.0,-1046.5348280627134,-677.2392459789953,0.0,0.0,1.0,78.0
0.0,-1003.4193806828989,-662.3189325734876,0.0,0.0,1.0,78.0
0.0,-1065.7859713020546,-687.8800068104874,0.0,0.0,1.0,78.0
0.0,-1069.2909654397517,-653.3384598592584,0.0,0.0,1.0,78.0
0.0,-1064.167071216868,-649.9417240138811,0.0,0.0,1.0,78.0
0.0,-1055.9615467922308,-675.7221806145474,0.0,0.0,1.0,78.0
0.0,-1084.2742829815604,-655.9740711211972,0.0,0.0,1.0,78.0
0.0,-1063.5806589311865,-686.0853378613867,0.0,0.0,1.0,78.0
0.0,-1026.8464491614336,-704.5005785774463,0.0,0.0,1.0,78.0
0.0,-985.7127088226141,-672.1644108797815,0.0,0.0,1.0,78.0
0.0,-1015.3792791635617,-733.5676450590046,0.0,0.0,1.0,78.0
0.0,-1049.2232114989497,-704.2076134881092,0.0,0.0,1.0,78.0
0.0,-1019.1450946379243,-715.7061598437544,0.0,0.0,1.0,78.0
0.0,-1042.6512010399883,-671.0571153477582,0.0,0.0,1.0,78.0
0.0,-1017.0680354753702,-716.7400723749946,0.0,0.0,1.0,78.0
0.0,-1044.0760713083237,-688.0614923836333,0.0,0.0,1.0,78.0
0.0,-1023.1146107969766,-689.8138609695816,0.0,0.0,1.0,78.0
0.0,-1016.7732367939091,-709.783259386114,0.0,0.0,1.0,78.0
0.0,-1032.4314414290452,-712.089604658186,0.0,0.0,1.0,78.0
0.0,-1023.6031929469989,-695.4501035092435,0.0,0.0,1.0,78.0
0.0,-1026.0066242162666,-706.404222907983,0.0,0.0,1.0,78.0
0.0,-1005.8296387424732,-689.0169297234776,0.0,0.0,1.0,78.0
0.0,-1041.3734304581678,-708.3898894972137,0.0,0.0,1.0,78.0
0.0,-1027.9854315670095,-695.9854037939651,0.0,0.0,1.0,78.0
0.0,-1028.1255281627168,-656.0310845123818,0.0,0.0,1.0,78.0
0.0,-1012.2036062166114,-686.435448906431,0.0,0.0,1.0,78.0
0.0,-1003.6943170157715,-729.4613575617554,0.0,0.0,1.0,78.0
0.0,-1035.6466116445442,-731.0449819830283,0.0,0.0,1.0,78.0
0.0,-1040.7580491547044,-684.8445791323011,0.0,0.0,1.0,78.0
0.0,-1024.6557406007214,-710.6039166689045,0.0,0.0,1.0,78.0
0.0,-1032.021448035296,-705.9645333879971,0.0,0.0,1.0,78.0
0.0,-1022.4157913751847,-695.3935128234524,0.0,0.0,1.0,78.0
0.0,-1038.9204346469587,-720.2925359599418,0.0,0.0,1.0,78.0
0.0,-1030.2444472996665,-715.280380063535,0.0,0.0,1.0,78.0
0.0,-1024.855679303632,-694.3119825685434,0.0,0.0,1.0,78.0
0.0,-864.6330819292976,-851.7699953929487,0.0,0.0,1.0,79.0
0.0,-877.6250395157444,-854.7057184859981,0.0,0.0,1.0,79.0
0.0,-883.4651733190321,-839.0183298739863,0.0,0.0,1.0,79.0
0.0,-872.307136484378,-847.7819764871996,0.0,0.0,1.0,79.0
0.0,-847.063537005139,-859.5786206772838,0.0,0.0,1.0,79.0
0.0,-849.0159748260745,-858.093784318952,0.0,0.0,1.0,79.0
0.0,-840.9437548553981,-851.9022307890724,0.0,0.0,1.0,79.0
0.0,-865.3392234582748,-849.6735777428753,0.0,0.0,1.0,79.0
0.0,-849.6405840027926,-879.0457753913164,0.0,0.0,1.0,79.0
0.0,-855.8589248481305,-848.0365509379485,0.0,0.0,1.0,79.0
0.0,-862.4857446398898,-865.1653804843256,0.0,0.0,1.0,79.0
0.0,-831.5546224575136,-865.0526632637304,0.0,0.0,1.0,79.0
0.0,-822.8780858522981,-852.5578073117885,0.0,0.0,1.0,79.0
0.0,-858.4469975038355,-828.1868653239393,0.0,0.0,1.0,79.0
0.0,-869.6119902339648,-862.0248584382069,0.0,0.0,1.0,79.0
0.0,-883.689451010128,-852.5950417847027,0.0,0.0,1.0,79.0
0.0,-862.2663528104624,-832.4935579018521,0.0,0.0,1.0,79.0
0.0,-875.6132649205824,-863.6005327574705,0.0,0.0,1.0,79.0
0.0,-878.5545606941448,-839.5950188058615,0.0,0.0,1.0,79.0
0.0,-843.7641182149991,-815.6801886305345,0.0,0.0,1.0,79.0
0.0,-871.8622575121393,-849.8921520609126,0.0,0.0,1.0,79.0
0.0,-876.1209024948325,-800.5962731794555,0.0,0.0,1.0,79.0
0.0,-851.7412597516258,-865.9258230668026,0.0,0.0,1.0,79.0
0.0,-854.465687707695,-841.9865014043894,0.0,0.0,1.0,79.0
0.0,-851.8429653061786,-833.6618478972424,0.0,0.0,1.0,79.0
0.0,-884.3006784276304,-849.8696293876453,0.0,0.0,1.0,79.0
0.0,-843.539912188066,-848.5809287600795,0.0,0.0,1.0,79.0
0.0,-860.5869281306187,-854.4956891090104,0.0,0.0,1.0,79.0
0.0,-813.9909368035588,-794.496162214128,0.0,0.0,1.0,79.0
0.0,-850.0925038918194,-851.5808490855183,0.0,0.0,1.0,79.0
0.0,-846.9775164976355,-868.7171722995864,0.0,0.0,1.0,79.0
0.0,-867.7277304007264,-845.1604894524849,0.0,0.0,1.0,79.0
0.0,-780.372296708495,-852.8131936234695,0.0,0.0,1.0,79.0
0.0,-810.3092096607068,-774.8486097660675,0.0,0.0,1.0,79.0
0.0,-806.4018593275885,-864.2339261071278,0.0,0.0,1.0,79.0
0.0,-795.1769174151664,-876.7345576446745,0.0,0.0,1.0,79.0
0.0,-758.1711883475666,-842.2558593451099,0.0,0.0,1.0,79.0
0.0,-769.4851282791817,-832.5681212586578,0.0,0.0,1.0,79.0
0.0,-822.2385115666144,-830.1834573934836,0.0,0.0,1.0,79.0
0.0,-806.1036791420975,-849.9221327130598,0.0,0.0,1.0,79.0
0.0,-810.9155915514649,-891.5168058091729,0.0,0.0,1.0,79.0
0.0,-818.6396570464439,-890.1254879030827,0.0,0.0,1.0,79.0
0.0,-789.1588777402362,-878.8909499658503,0.0,0.0,1.0,79.0
0.0,-803.472042045833,-871.657198017783,0.0,0.0,1.0,79.0
0.0,-771.1032045704455,-795.7571723844293,0.0,0.0,1.0,79.0
0.0,-803.2485787628374,-868.0435952595114,0.0,0.0,1.0,79.0
0.0,-747.7467557182657,-839.9980847771641,0.0,0.0,1.0,79.0
0.0,-826.8370096728896,-858.7042856325224,0.0,0.0,1.0,79.0
0.0,-790.0890878220995,-871.7588567964714,0.0,0.0,1.0,79.0
0.0,-773.3779314739313,-874.2403278963434,0.0,0.0,1.0,79.0
0.0,-815.5696628217953,-879.7494132676646,0.0,0.0,1.0,79.0
0.0,-763.0921089925135,-825.1991550511605,0.0,0.0,1.0,79.0
0.0,-804.268395827517,-852.1427108016583,0.0,0.0,1.0,79.0
0.0,-812.5196757310058,-851.4803835106102,0.0,0.0,1.0,79.0
0.0,-812.3143874712316,-874.0128228288114,0.0,0.0,1.0,79.0
0.0,-803.1976810837994,-810.0361997061409,0.0,0.0,1.0,79.0
0.0,-848.6566416288232,-807.4968058199808,0.0,0.0,1.0,79.0
0.0,-805.3812970583541,-866.6423547156878,0.0,0.0,1.0,79.0
0.0,-807.2528036132679,-866.2326155435975,0.0,0.0,1.0,79.0
0.0,-818.3207846133878,-861.2346200291769,0.0,0.0,1.0,79.0
0.0,-815.8692687241355,-850.754237346721,0.0,0.0,1.0,79.0
0.0,-768.2184086623812,-839.9428765380696,0.0,0.0,1.0,79.0
0.0,-802.6078578862773,-864.5844632909417,0.0,0.0,1.0,79.0
0.0,-794.7714458533841,-867.256039720424,0.0,0.0,1.0,79.0
0.0,-799.2740059021294,-856.3858193494555,0.0,0.0,1.0,79.0
0.0,-814.2258322453022,-858.2823570876245,0.0,0.0,1.0,79.0
0.0,-774.0216320039257,-838.0393941594136,0.0,0.0,1.0,79.0
0.0,-748.9294799211814,-832.5448283197951,0.0,0.0,1.0,79.0
0.0,-764.8140761007257,-820.7985810252684,0.0,0.0,1.0,79.0
0.0,-763.1407777503538,-818.9086673313549,0.0,0.0,1.0,79.0
0.0,-750.2698893388601,-838.0837296946042,0.0,0.0,1.0,79.0
0.0,-733.739841852328,-836.8918896573826,0.0,0.0,1.0,79.0
0.0,-774.3315610587108,-811.5337666316876,0.0,0.0,1.0,79.0
0.0,-730.7217144592621,-831.4947799224349,0.0,0.0,1.0,79.0
0.0,-773.2628826440005,-859.5254232518981,0.0,0.0,1.0,79.0
0.0,-741.3657843972323,-819.9659482914295,0.0,0.0,1.0,79.0
0.0,-742.5746987597674,-846.1584451456049,0.0,0.0,1.0,79.0
0.0,-738.5794245273232,-822.3825655009651,0.0,0.0,1.0,79.0
0.0,-747.3651216555063,-819.8451833313666,0.0,0.0,1.0,79.0
0.0,-754.2786397062889,-828.8708212608659,0.0,0.0,1.0,79.0
0.0,-740.6816094522935,-820.3004151027394,0.0,0.0,1.0,79.0
0.0,-734.869363825268,-833.1420750876615,0.0,0.0,1.0,79.0
0.0,-755.4880114794336,-829.1572189097586,0.0,0.0,1.0,79.0
0.0,-740.2892424550772,-820.3377097575091,0.0,0.0,1.0,79.0
0.0,-785.686878092859,-839.1648927422871,0.0,0.0,1.0,79.0
0.0,-761.8560146699227,-833.2119875114149,0.0,0.0,1.0,79.0
0.0,-762.4413062272838,-822.5768106724922,0.0,0.0,1.0,79.0
0.0,-721.1464968899694,-796.1330218751109,0.0,0.0,1.0,79.0
0.0,-746.5015767476104,-843.4349209513094,0.0,0.0,1.0,79.0
0.0,-738.1823520724749,-824.9463493435309,0.0,0.0,1.0,79.0
0.0,-728.1429433222394,-831.036411319627,0.0,0.0,1.0,79.0
0.0,-732.1785756366093,-831.616227960183,0.0,0.0,1.0,79.0
0.0,-737.2358886430711,-802.4683871545333,0.0,0.0,1.0,79.0
0.0,-767.2721671997816,-818.6290380674658,0.0,0.0,1.0,79.0
0.0,-730.5834429050336,-844.8354787901529,0.0,0.0,1.0,79.0
0.0,-788.7612526793537,-813.9592328748736,0.0,0.0,1.0,79.0
0.0,-816.1678500247076,-829.810071288214,0.0,0.0,1.0,79.0
0.0,-763.2829056445997,-768.0416779613008,0.0,0.0,1.0,79.0
0.0,-757.323584229906,-825.487457930851,0.0,0.0,1.0,79.0
0.0,-738.7902407600997,-818.2984299110652,0.0,0.0,1.0,79.0
0.0,-773.6612507244453,-822.454671761179,0.0,0.0,1.0,79.0
0.0,-754.4972408184589,-802.3025730593936,0.0,0.0,1.0,79.0
0.0,-819.9469947982448,-851.053092602456,0.0,0.0,1.0,79.0
0.0,-740.143033843267,-824.9327774625004,0.0,0.0,1.0,79.0
0.0,-759.1823775265426,-831.0270443256267,0.0,0.0,1.0,79.0
0.0,-773.3055217008915,-855.2653003601433,0.0,0.0,1.0,79.0
0.0,-840.2499916502278,-842.9954347236225,0.0,0.0,1.0,79.0
0.0,-715.0619655632432,-809.5413713196223,0.0,0.0,1.0,79.0
0.0,-758.7043861010213,-831.0898800985913,0.0,0.0,1.0,79.0
0.0,-754.0734975157507,-828.6783894391768,0.0,0.0,1.0,79.0
0.0,-749.570738787504,-787.838908988339,0.0,0.0,1.0,79.0
0.0,-755.7673471989482,-827.8133982799325,0.0,0.0,1.0,79.0
0.0,-740.8427168359099,-833.5829194440576,0.0,0.0,1.0,79.0
0.0,-737.8938204166159,-769.2063831654073,0.0,0.0,1.0,79.0
0.0,-726.9860033732094,-765.4221275466616,0.0,0.0,1.0,79.0
0.0,-761.9193345230508,-736.7590566621287,0.0,0.0,1.0,79.0
0.0,-735.2214242408043,-785.0653673801055,0.0,0.0,1.0,79.0
0.0,-726.96503348569,-799.9792283196147,0.0,0.0,1.0,79.0
0.0,-746.205425809112,-763.4849447107795,0.0,0.0,1.0,79.0
0.0,-717.6405505419517,-794.6784787722547,0.0,0.0,1.0,79.0
0.0,-723.1173261584447,-794.2388594980877,0.0,0.0,1.0,79.0
0.0,-740.5873858994621,-786.9161949063171,0.0,0.0,1.0,79.0
0.0,-747.2919498077878,-772.8426163016275,0.0,0.0,1.0,79.0
0.0,-726.9437815449456,-754.9389115971481,0.0,0.0,1.0,79.0
0.0,-764.466807837854,-768.5970916495396,0.0,0.0,1.0,79.0
0.0,-758.7809556607475,-756.289925435193,0.0,0.0,1.0,79.0
0.0,-764.6893798052726,-812.8123753853347,0.0,0.0,1.0,79.0
0.0,-758.4951019569677,-771.5907245659674,0.0,0.0,1.0,79.0
0.0,-743.05755537902,-765.361186315639,0.0,0.0,1.0,79.0
0.0,-760.591899121838,-782.9636155048624,0.0,0.0,1.0,79.0
0.0,-754.2793276990595,-760.0150692632083,0.0,0.0,1.0,79.0
0.0,-738.1259844212834,-786.327750323526,0.0,0.0,1.0,79.0
0.0,-755.774204487719,-762.8860240700892,0.0,0.0,1.0,79.0
0.0,-750.5530998565582,-736.7506914511898,0.0,0.0,1.0,79.0
0.0,-745.6752666600072,-754.5319962343488,0.0,0.0,1.0,79.0
0.0,-756.2432164433128,-838.3361486877716,0.0,0.0,1.0,79.0
0.0,-737.7797142067063,-741.3235384441084,0.0,0.0,1.0,79.0
0.0,-752.0419789055964,-780.8944757988392,0.0,0.0,1.0,79.0
0.0,-757.1587314828776,-783.7862160997473,0.0,0.0,1.0,79.0
0.0,-735.6400438732319,-764.2227396527157,0.0,0.0,1.0,79.0
0.0,-709.2692926606607,-766.7781814451466,0.0,0.0,1.0,79.0
0.0,-738.4314547400146,-783.5547456680288,0.0,0.0,1.0,79.0
0.0,-704.8868671909313,-796.4302364728102,0.0,0.0,1.0,79.0
0.0,-757.4527126689571,-751.4873374487801,0.0,0.0,1.0,79.0
0.0,-756.421141942601,-749.304188882941,0.0,0.0,1.0,79.0
0.0,-767.7127845435435,-743.3560036087047,0.0,0.0,1.0,79.0
0.0,-729.3005807202153,-777.0260495182126,0.0,0.0,1.0,79.0
0.0,-752.8459917778484,-727.8979915666881,0.0,0.0,1.0,79.0
0.0,-769.4908015047629,-703.414743566313,0.0,0.0,1.0,79.0
0.0,-779.1509998168672,-713.3182822856901,0.0,0.0,1.0,79.0
0.0,-762.77644908782,-721.2504628769489,0.0,0.0,1.0,79.0
0.0,-835.5593710809259,-744.7920739048706,0.0,0.0,1.0,79.0
0.0,-765.7097069392701,-717.9096406170307,0.0,0.0,1.0,79.0
0.0,-785.7861951103113,-737.4762601738679,0.0,0.0,1.0,79.0
0.0,-783.3185637243489,-742.0028703969157,0.0,0.0,1.0,79.0
0.0,-777.0300035568437,-704.6240535581168,0.0,0.0,1.0,79.0
0.0,-785.4022249597166,-677.9698982468936,0.0,0.0,1.0,79.0
0.0,-808.6514254612448,-781.2942377056673,0.0,0.0,1.0,79.0
0.0,-772.330529849615,-724.6412128268407,0.0,0.0,1.0,79.0
0.0,-751.2651175523914,-697.1453190202565,0.0,0.0,1.0,79.0
0.0,-776.5567957022307,-722.783545324518,0.0,0.0,1.0,79.0
0.0,-784.9894518778001,-732.5044219418309,0.0,0.0,1.0,79.0
0.0,-750.8327745278742,-729.3209974455685,0.0,0.0,1.0,79.0
0.0,-712.7288495138263,-749.1078998547305,0.0,0.0,1.0,79.0
0.0,-797.8732295921493,-727.6699488353225,0.0,0.0,1.0,79.0
0.0,-834.6753356036171,-709.2714002212851,0.0,0.0,1.0,79.0
0.0,-774.8189801461377,-746.6429005477501,0.0,0.0,1.0,79.0
0.0,-824.4840601125945,-678.6428005646263,0.0,0.0,1.0,79.0
0.0,-784.0259404054963,-738.9188709133614,0.0,0.0,1.0,79.0
0.0,-778.1533810056933,-727.9903767348098,0.0,0.0,1.0,79.0
0.0,-763.9661195862517,-688.476524272821,0.0,0.0,1.0,79.0
0.0,-777.653299653819,-712.3971410903647,0.0,0.0,1.0,79.0
0.0,-766.4684894694923,-710.1734778627938,0.0,0.0,1.0,79.0
0.0,-806.1402272347929,-722.500783280923,0.0,0.0,1.0,79.0
0.0,-775.6699139763542,-728.4027725805687,0.0,0.0,1.0,79.0
0.0,-774.8456203898849,-721.3034834662241,0.0,0.0,1.0,79.0
0.0,-853.1982480815194,-728.0738302568767,0.0,0.0,1.0,79.0
0.0,-843.7492682885874,-704.683786010908,0.0,0.0,1.0,79.0
0.0,-858.1642223469838,-711.9973082678738,0.0,0.0,1.0,79.0
0.0,-824.3801526583044,-737.9208275293154,0.0,0.0,1.0,79.0
0.0,-826.953206834527,-713.3401781265657,0.0,0.0,1.0,79.0
0.0,-850.9343166845164,-716.8644144942143,0.0,0.0,1.0,79.0
0.0,-863.8756677898537,-678.1573030621288,0.0,0.0,1.0,79.0
0.0,-821.8661651444713,-709.6118318111384,0.0,0.0,1.0,79.0
0.0,-804.3188088319766,-722.0041100173385,0.0,0.0,1.0,79.0
0.0,-779.8009975884147,-729.0990702325839,0.0,0.0,1.0,79.0
0.0,-843.828906439902,-709.3792827159194,0.0,0.0,1.0,79.0
0.0,-828.2645089796866,-699.7693868884893,0.0,0.0,1.0,79.0
0.0,-824.9183174594456,-723.537408677957,0.0,0.0,1.0,79.0
0.0,-851.6962007340716,-711.7564516834922,0.0,0.0,1.0,79.0
0.0,-833.2440480610796,-714.362592172602,0.0,0.0,1.0,79.0
0.0,-799.8290346640146,-715.940390758235,0.0,0.0,1.0,79.0
0.0,-843.2778988033505,-724.0387490932658,0.0,0.0,1.0,79.0
0.0,-823.9934208173072,-683.7890347660428,0.0,0.0,1.0,79.0
0.0,-824.9573673534143,-726.9784533613563,0.0,0.0,1.0,79.0
0.0,-817.8856264147365,-719.2882536855093,0.0,0.0,1.0,79.0
0.0,-858.9833539916694,-724.7251954986845,0.0,0.0,1.0,79.0
0.0,-858.4021509913587,-711.0406582215015,0.0,0.0,1.0,79.0
0.0,-842.8530766502774,-768.4366804692243,0.0,0.0,1.0,79.0
0.0,-857.3879361281118,-706.3476840373544,0.0,0.0,1.0,79.0
0.0,-771.0999412419753,-745.382869603239,0.0,0.0,1.0,79.0
0.0,-854.7159757952993,-695.9769834549817,0.0,0.0,1.0,79.0
0.0,-824.2659079159303,-680.377202557516,0.0,0.0,1.0,79.0
0.0,-818.4277967098528,-726.7790121192297,0.0,0.0,1.0,79.0
0.0,-835.269762556058,-699.0902070318097,0.0,0.0,1.0,79.0
0.0,-817.057919276737,-728.3659089245613,0.0,0.0,1.0,79.0
0.0,-917.4324303326667,-728.588437502239,0.0,0.0,1.0,79.0
0.0,-863.0269905906838,-738.4923771383357,0.0,0.0,1.0,79.0
0.0,-868.1434218674627,-763.5735933377327,0.0,0.0,1.0,79.0
0.0,-867.6899723202042,-761.3411028331298,0.0,0.0,1.0,79.0
0.0,-884.2216618664363,-741.9597584425126,0.0,0.0,1.0,79.0
0.0,-890.3175865675972,-763.9295387741073,0.0,0.0,1.0,79.0
0.0,-898.5638864806019,-740.9033533643457,0.0,0.0,1.0,79.0
0.0,-892.4089709053309,-743.4328194544769,0.0,0.0,1.0,79.0
0.0,-887.2134987728975,-743.702145741835,0.0,0.0,1.0,79.0
0.0,-890.20778382653,-786.9568906885213,0.0,0.0,1.0,79.0
0.0,-877.5938645424255,-746.6553381347512,0.0,0.0,1.0,79.0
0.0,-865.6038577156135,-738.4310855156496,0.0,0.0,1.0,79.0
0.0,-893.1998275251519,-767.7796279464901,0.0,0.0,1.0,79.0
0.0,-878.5749579287208,-754.9296863679978,0.0,0.0,1.0,79.0
0.0,-874.790296057284,-746.549492765224,0.0,0.0,1.0,79.0
0.0,-903.3307069207813,-806.6739032693494,0.0,0.0,1.0,79.0
0.0,-884.6944944148521,-798.6109912670786,0.0,0.0,1.0,79.0
0.0,-872.9116263125147,-813.6705696245724,0.0,0.0,1.0,79.0
0.0,-881.217991944059,-781.0588812579552,0.0,0.0,1.0,79.0
0.0,-908.5184767751972,-807.1309865254431,0.0,0.0,1.0,79.0
0.0,-894.7064403743245,-763.100221047411,0.0,0.0,1.0,79.0
0.0,-889.7946387011842,-802.9547572251431,0.0,0.0,1.0,79.0
0.0,-903.9232285464594,-808.5841424644566,0.0,0.0,1.0,79.0
0.0,-879.3517293403385,-841.9932412982258,0.0,0.0,1.0,79.0
0.0,-895.8436731820775,-788.3243994803124,0.0,0.0,1.0,79.0
0.0,-888.7946704109751,-795.2417037607562,0.0,0.0,1.0,79.0
0.0,-889.1045412855416,-801.4725276129373,0.0,0.0,1.0,79.0
0.0,-892.4832076013266,-787.8950438932422,0.0,0.0,1.0,79.0
0.0,-857.3974937153578,-789.9728311509505,0.0,0.0,1.0,79.0
0.0,-871.3230725102605,-813.6768496406638,0.0,0.0,1.0,79.0
0.0,-890.2503640320268,-784.4664508400452,0.0,0.0,1.0,79.0
0.0,-859.5439679135729,-732.9659270787964,0.0,0.0,1.0,79.0
0.0,-862.3040986791578,-829.0986784176513,0.0,0.0,1.0,79.0
0.0,-897.3052122713101,-807.5148942590992,0.0,0.0,1.0,79.0
0.0,-884.4651238284704,-809.5155804786983,0.0,0.0,1.0,79.0
0.0,-914.6075061877182,-826.5168282615921,0.0,0.0,1.0,79.0
0.0,-914.4814650175113,-801.0320765482999,0.0,0.0,1.0,79.0
0.0,-606.8064364626433,-932.306665331487,0.0,0.0,1.0,80.0
0.0,-570.4782846270045,-936.6623374857625,0.0,0.0,1.0,80.0
0.0,-589.2331685518908,-981.6895393207301,0.0,0.0,1.0,80.0
0.0,-588.3791237363862,-944.5181796567283,0.0,0.0,1.0,80.0
0.0,-586.1454460755293,-962.7740986612312,0.0,0.0,1.0,80.0
0.0,-596.2892720559357,-940.6317494367913,0.0,0.0,1.0,80.0
0.0,-599.2656015417327,-931.790361524537,0.0,0.0,1.0,80.0
0.0,-614.7406476324863,-931.6841774508543,0.0,0.0,1.0,80.0
0.0,-611.0010872822419,-945.8354247744678,0.0,0.0,1.0,80.0
0.0,-606.3155429040503,-947.2134556752683,0.0,0.0,1.0,80.0
0.0,-611.3320761205869,-951.3008566089238,0.0,0.0,1.0,80.0
0.0,-595.1192844920412,-965.7360666779148,0.0,0.0,1.0,80.0
0.0,-591.9855288266928,-943.4936712203121,0.0,0.0,1.0,80.0
0.0,-597.149922667095,-936.4535824245629,0.0,0.0,1.0,80.0
0.0,-599.0054424651023,-954.1060195638106,0.0,0.0,1.0,80.0
0.0,-610.3205428879826,-970.4854819864925,0.0,0.0,1.0,80.0
0.0,-583.8724910414784,-947.3928961286515,0.0,0.0,1.0,80.0
0.0,-574.4131395217241,-938.5601321281179,0.0,0.0,1.0,80.0
0.0,-649.0144721980163,-935.9227930445063,0.0,0.0,1.0,80.0
0.0,-628.536629757952,-922.343363044494,0.0,0.0,1.0,80.0
0.0,-632.0290900115779,-934.9305332737622,0.0,0.0,1.0,80.0
0.0,-605.593776602952,-925.975808672031,0.0,0.0,1.0,80.0
0.0,-628.1721998699367,-906.9324150507875,0.0,0.0,1.0,80.0
0.0,-595.8315314456095,-938.43841155664,0.0,0.0,1.0,80.0
0.0,-607.3284337324177,-956.0384352886358,0.0,0.0,1.0,80.0
0.0,-622.705194335967,-957.4206448630782,0.0,0.0,1.0,80.0
0.0,-598.7161415843984,-962.881754153786,0.0,0.0,1.0,80.0
0.0,-568.1648027377488,-937.0070624967136,0.0,0.0,1.0,80.0
0.0,-664.1565298704118,-945.2894821979678,0.0,0.0,1.0,80.0
0.0,-588.2664456139902,-902.2984315459994,0.0,0.0,1.0,80.0
0.0,-583.9121240471978,-938.9945471958226,0.0,0.0,1.0,80.0
0.0,-610.1074897165289,-932.2898757490861,0.0,0.0,1.0,80.0
0.0,-617.417618218812,-933.1416988949929,0.0,0.0,1.0,80.0
0.0,-573.7304921851182,-927.1446105489256,0.0,0.0,1.0,80.0
0.0,-571.7564780706167,-891.057261620269,0.0,0.0,1.0,80.0
0.0,-575.5852122213101,-915.3345872345046,0.0,0.0,1.0,80.0
0.0,-589.4675237329661,-862.9649898512617,0.0,0.0,1.0,80.0
0.0,-608.1904431908321,-927.1315693530435,0.0,0.0,1.0,80.0
0.0,-594.8806545951675,-893.4212362792006,0.0,0.0,1.0,80.0
0.0,-599.5656370542723,-886.1548081912101,0.0,0.0,1.0,80.0
0.0,-622.6817133143021,-891.3807917213019,0.0,0.0,1.0,80.0
0.0,-561.5158639512067,-899.2284160523908,0.0,0.0,1.0,80.0
0.0,-584.3980748326485,-927.4878379099157,0.0,0.0,1.0,80.0
0.0,-583.5658521614959,-930.9029869568928,0.0,0.0,1.0,80.0
0.0,-585.0774633764239,-904.0715367567674,0.0,0.0,1.0,80.0
0.0,-566.9159855665735,-905.7716898310136,0.0,0.0,1.0,80.0
0.0,-594.4799121086344,-897.1877540789635,0.0,0.0,1.0,80.0
0.0,-561.819215178228,-926.6091482371239,0.0,0.0,1.0,80.0
0.0,-579.25371284868,-892.9464787889078,0.0,0.0,1.0,80.0
0.0,-608.9360695666036,-898.2793660255952,0.0,0.0,1.0,80.0
0.0,-590.3964120348368,-898.7406363501229,0.0,0.0,1.0,80.0
0.0,-580.3173965024479,-868.4780622308296,0.0,0.0,1.0,80.0
0.0,-578.4863082401885,-878.2664237785948,0.0,0.0,1.0,80.0
0.0,-584.6640614319085,-895.4831774227548,0.0,0.0,1.0,80.0
0.0,-559.9854293112066,-889.4073835634322,0.0,0.0,1.0,80.0
0.0,-597.1439537075623,-909.6715854645698,0.0,0.0,1.0,80.0
0.0,-624.3869312460065,-858.5836959674342,0.0,0.0,1.0,80.0
0.0,-612.2264689252664,-862.4491264568273,0.0,0.0,1.0,80.0
0.0,-589.1347208619442,-881.1969363670108,0.0,0.0,1.0,80.0
0.0,-608.8725350144292,-842.5312549677635,0.0,0.0,1.0,80.0
0.0,-610.8666305871777,-876.1909844901558,0.0,0.0,1.0,80.0
0.0,-584.4062717010747,-843.1067129020864,0.0,0.0,1.0,80.0
0.0,-601.8393879906977,-809.3823895440914,0.0,0.0,1.0,80.0
0.0,-605.8445169501314,-862.9385998682599,0.0,0.0,1.0,80.0
0.0,-591.1547183499172,-869.953053917847,0.0,0.0,1.0,80.0
0.0,-609.8523434326627,-860.8005040680963,0.0,0.0,1.0,80.0
0.0,-614.212064012454,-842.9169474457516,0.0,0.0,1.0,80.0
0.0,-605.6376740531673,-861.2994682451259,0.0,0.0,1.0,80.0
0.0,-613.1227575699642,-841.0387271569916,0.0,0.0,1.0,80.0
0.0,-590.2182127213792,-859.9543931517044,0.0,0.0,1.0,80.0
0.0,-593.857833171887,-848.0726454121932,0.0,0.0,1.0,80.0
0.0,-621.7227035151021,-841.270317854093,0.0,0.0,1.0,80.0
0.0,-622.9134093468143,-845.4101225939402,0.0,0.0,1.0,80.0
0.0,-629.1715831555471,-852.2941055872875,0.0,0.0,1.0,80.0
0.0,-593.1989170015971,-868.1949665959514,0.0,0.0,1.0,80.0
0.0,-602.7178194799513,-864.8173524019206,0.0,0.0,1.0,80.0
0.0,-619.5767567688204,-913.67932279778,0.0,0.0,1.0,80.0
0.0,-582.1980238405212,-866.9117368522144,0.0,0.0,1.0,80.0
0.0,-621.0767324122036,-848.3895712813916,0.0,0.0,1.0,80.0
0.0,-614.9230931221275,-836.6283007664126,0.0,0.0,1.0,80.0
0.0,-588.4347305411509,-871.8271549835031,0.0,0.0,1.0,80.0
0.0,-617.232492073675,-842.7333647343582,0.0,0.0,1.0,80.0
0.0,-687.174032752167,-828.0318597619554,0.0,0.0,1.0,80.0
0.0,-648.441246475299,-850.7512059084514,0.0,0.0,1.0,80.0
0.0,-672.2169125530338,-830.1221040601899,0.0,0.0,1.0,80.0
0.0,-627.9941712019108,-885.0689151752285,0.0,0.0,1.0,80.0
0.0,-651.0298475989686,-859.6390569246938,0.0,0.0,1.0,80.0
0.0,-632.3045106733126,-823.1998217415676,0.0,0.0,1.0,80.0
0.0,-656.7143942923842,-843.6054648358331,0.0,0.0,1.0,80.0
0.0,-637.244443715721,-851.0026135891949,0.0,0.0,1.0,80.0
0.0,-644.4934092669262,-837.9951161992634,0.0,0.0,1.0,80.0
0.0,-660.0506457665268,-822.2170754583912,0.0,0.0,1.0,80.0
0.0,-642.7280166108969,-837.5975087641893,0.0,0.0,1.0,80.0
0.0,-655.1618548605084,-830.5302399365315,0.0,0.0,1.0,80.0
0.0,-625.4152851899253,-837.7797198045108,0.0,0.0,1.0,80.0
0.0,-649.0944193958732,-834.55217317739,0.0,0.0,1.0,80.0
0.0,-662.3671948599298,-841.846303057631,0.0,0.0,1.0,80.0
0.0,-610.038724407877,-869.0763790660243,0.0,0.0,1.0,80.0
0.0,-642.5226410559732,-822.9886168797816,0.0,0.0,1.0,80.0
0.0,-662.8474450228995,-827.9705062012192,0.0,0.0,1.0,80.0
0.0,-652.6955370492157,-835.6346436780942,0.0,0.0,1.0,80.0
0.0,-615.3969019139064,-837.8981338629802,0.0,0.0,1.0,80.0
0.0,-661.3583067857442,-844.530094049988,0.0,0.0,1.0,80.0
0.0,-633.7677152973806,-834.9559859463144,0.0,0.0,1.0,80.0
0.0,-705.2134486688665,-860.3971878203321,0.0,0.0,1.0,80.0
0.0,-678.4593974392592,-861.4718560175102,0.0,0.0,1.0,80.0
0.0,-663.0367434501345,-885.6240791299795,0.0,0.0,1.0,80.0
0.0,-702.9871506820865,-879.9651459334315,0.0,0.0,1.0,80.0
0.0,-701.6941316646155,-877.2701334811986,0.0,0.0,1.0,80.0
0.0,-696.9153276775183,-863.346352729119,0.0,0.0,1.0,80.0
0.0,-690.7650403016399,-867.5084383567212,0.0,0.0,1.0,80.0
0.0,-689.2985082888474,-881.089719062187,0.0,0.0,1.0,80.0
0.0,-707.0000490487545,-852.2916530558128,0.0,0.0,1.0,80.0
0.0,-695.7992025454625,-850.1197412127678,0.0,0.0,1.0,80.0
0.0,-710.9245384264407,-879.1418187663099,0.0,0.0,1.0,80.0
0.0,-696.5665076552386,-848.6665273242284,0.0,0.0,1.0,80.0
0.0,-707.3538145267024,-849.1064731159496,0.0,0.0,1.0,80.0
0.0,-627.2176142484064,-866.9982881951067,0.0,0.0,1.0,80.0
0.0,-678.5825305711166,-846.9941117202263,0.0,0.0,1.0,80.0
0.0,-714.7026305552594,-870.1464597897934,0.0,0.0,1.0,80.0
0.0,-709.0573366636291,-862.533602119896,0.0,0.0,1.0,80.0
0.0,-671.4885689045288,-829.4005585258269,0.0,0.0,1.0,80.0
0.0,-684.0149002740222,-859.0285488022062,0.0,0.0,1.0,80.0
0.0,-719.6657913829123,-914.4618531743927,0.0,0.0,1.0,80.0
0.0,-729.5658395000881,-905.9809261080918,0.0,0.0,1.0,80.0
0.0,-703.4224750408265,-909.9449637246536,0.0,0.0,1.0,80.0
0.0,-702.2836492781646,-907.7280850306727,0.0,0.0,1.0,80.0
0.0,-717.1787420440679,-928.8440359567787,0.0,0.0,1.0,80.0
0.0,-718.9750434689397,-915.5324366492124,0.0,0.0,1.0,80.0
0.0,-702.6876981874917,-887.16260674145,0.0,0.0,1.0,80.0
0.0,-719.1652414583285,-903.859314067566,0.0,0.0,1.0,80.0
0.0,-688.5342350348186,-890.7423058679068,0.0,0.0,1.0,80.0
0.0,-704.2575558806974,-890.886914387412,0.0,0.0,1.0,80.0
0.0,-713.9650315450857,-929.3319293196446,0.0,0.0,1.0,80.0
0.0,-742.089982178135,-917.9594871849645,0.0,0.0,1.0,80.0
0.0,-694.8329544136826,-907.8785386704658,0.0,0.0,1.0,80.0
0.0,-713.4896639792997,-922.69146585411,0.0,0.0,1.0,80.0
0.0,-720.1266576345745,-913.2358750674761,0.0,0.0,1.0,80.0
0.0,-697.8241976198613,-888.4264933455034,0.0,0.0,1.0,80.0
0.0,-723.7760953831212,-877.548092926286,0.0,0.0,1.0,80.0
0.0,-714.9823207927276,-908.654332406204,0.0,0.0,1.0,80.0
0.0,-705.5013905843896,-913.728127891984,0.0,0.0,1.0,80.0
0.0,-680.2040582758001,-949.9538808737775,0.0,0.0,1.0,80.0
0.0,-686.0248791409706,-954.5288921441145,0.0,0.0,1.0,80.0
0.0,-697.4479482610666,-952.2715107095776,0.0,0.0,1.0,80.0
0.0,-695.018841467331,-948.4367491605121,0.0,0.0,1.0,80.0
0.0,-659.4780241406838,-947.9143071858869,0.0,0.0,1.0,80.0
0.0,-697.4747788231616,-957.8302080614374,0.0,0.0,1.0,80.0
0.0,-663.6801565803095,-974.3239213832119,0.0,0.0,1.0,80.0
0.0,-703.5541324364539,-921.5413106290887,0.0,0.0,1.0,80.0
0.0,-697.5893466566757,-916.2173820965845,0.0,0.0,1.0,80.0
0.0,-683.366823414551,-951.3995203888055,0.0,0.0,1.0,80.0
0.0,-687.3682482400837,-920.7184674809453,0.0,0.0,1.0,80.0
0.0,-698.9385390007768,-931.8152966947716,0.0,0.0,1.0,80.0
0.0,-686.5473207400659,-948.3255520963558,0.0,0.0,1.0,80.0
0.0,-680.3242556868797,-968.8017216004464,0.0,0.0,1.0,80.0
0.0,-675.0335118612273,-954.5340326633336,0.0,0.0,1.0,80.0
0.0,-667.3594422554328,-961.2768266968435,0.0,0.0,1.0,80.0
0.0,-692.6258106444354,-937.5628685274501,0.0,0.0,1.0,80.0
0.0,-694.7236279727889,-939.9226260950925,0.0,0.0,1.0,80.0
0.0,-693.968039781112,-955.9551847670227,0.0,0.0,1.0,80.0
0.0,-685.181336490282,-937.5830212511748,0.0,0.0,1.0,80.0
0.0,-694.2971000745331,-953.1877288500618,0.0,0.0,1.0,80.0
0.0,-681.4653025475943,-955.9309341927212,0.0,0.0,1.0,80.0
0.0,-714.8338983391036,-943.1656149191535,0.0,0.0,1.0,80.0
0.0,-692.0060804960672,-939.7981012032417,0.0,0.0,1.0,80.0
0.0,-680.9151993263044,-966.3121102575819,0.0,0.0,1.0,80.0
0.0,-694.0591683298461,-967.9467466452152,0.0,0.0,1.0,80.0
0.0,-706.1616013982145,-958.5155955344376,0.0,0.0,1.0,80.0
0.0,-687.5714085214508,-958.5261857891342,0.0,0.0,1.0,80.0
0.0,-687.9573689881639,-964.1291396290851,0.0,0.0,1.0,80.0
0.0,-690.7533793402141,-978.1765182885983,0.0,0.0,1.0,80.0
0.0,-655.6087057579147,-940.7091413204819,0.0,0.0,1.0,80.0
0.0,-704.6263177800944,-955.0830829681497,0.0,0.0,1.0,80.0
0.0,-681.1773909167956,-967.5574333360832,0.0,0.0,1.0,80.0
0.0,-691.7445900230351,-929.8218491539415,0.0,0.0,1.0,80.0
0.0,-707.2118871568567,-960.3297096697959,0.0,0.0,1.0,80.0
0.0,-694.2076924756693,-956.9837390145976,0.0,0.0,1.0,80.0
0.0,-632.8314387721562,-960.5946631752463,0.0,0.0,1.0,80.0
0.0,-667.1107432170893,-967.8820043777023,0.0,0.0,1.0,80.0
0.0,-684.2877524856277,-965.0150966872857,0.0,0.0,1.0,80.0
0.0,-643.0699407714416,-950.8571790949234,0.0,0.0,1.0,80.0
0.0,-627.5842820966658,-967.148669430557,0.0,0.0,1.0,80.0
0.0,-666.4611825038795,-973.2196487070964,0.0,0.0,1.0,80.0
0.0,-625.8842849750444,-987.2400562568289,0.0,0.0,1.0,80.0
0.0,-638.472276790915,-919.0823008591226,0.0,0.0,1.0,80.0
0.0,-626.7069384564885,-977.1385782992315,0.0,0.0,1.0,80.0
0.0,-663.9180587808889,-971.4821462366999,0.0,0.0,1.0,80.0
0.0,-644.041096352618,-989.6842536222148,0.0,0.0,1.0,80.0
0.0,-608.6530330397051,-921.7442941715146,0.0,0.0,1.0,80.0
0.0,-666.9810241524099,-928.5812639965093,0.0,0.0,1.0,80.0
0.0,-643.4385916182521,-964.6058069772419,0.0,0.0,1.0,80.0
0.0,-629.4343488902734,-978.6378834955767,0.0,0.0,1.0,80.0
0.0,-629.1012139504605,-957.0623300222715,0.0,0.0,1.0,80.0
0.0,-654.843533749674,-978.7719803371165,0.0,0.0,1.0,80.0
0.0,-626.0291800861676,-978.2032234109045,0.0,0.0,1.0,80.0
0.0,-597.3674141288166,-941.2211795808284,0.0,0.0,1.0,80.0
0.0,-638.2147022150075,-974.8944425732682,0.0,0.0,1.0,80.0
0.0,-659.6856069343486,-986.9375119081469,0.0,0.0,1.0,80.0
0.0,-655.630321713243,-919.2170640778993,0.0,0.0,1.0,80.0
0.0,-575.4948729545916,-980.775289669733,0.0,0.0,1.0,81.0
0.0,-560.8975819076007,-942.407633112135,0.0,0.0,1.0,81.0
0.0,-535.6229704456725,-953.2518310774724,0.0,0.0,1.0,81.0
0.0,-556.6278467193889,-971.1892828862556,0.0,0.0,1.0,81.0
0.0,-512.3060852593596,-972.2060910843159,0.0,0.0,1.0,81.0
0.0,-543.9894038450547,-966.6378219481564,0.0,0.0,1.0,81.0
0.0,-549.4800737676095,-981.4547699034388,0.0,0.0,1.0,81.0
0.0,-475.73237884707487,-981.2356871543057,0.0,0.0,1.0,81.0
0.0,-581.2111621656629,-954.5369743362739,0.0,0.0,1.0,81.0
0.0,-554.4074464234752,-961.957481626263,0.0,0.0,1.0,81.0
0.0,-493.386756053686,-952.0781706237299,0.0,0.0,1.0,81.0
0.0,-484.0066522942309,-958.746968889338,0.0,0.0,1.0,81.0
0.0,-523.4035487082994,-951.1099466017549,0.0,0.0,1.0,81.0
0.0,-553.1042932402988,-964.5162379492556,0.0,0.0,1.0,81.0
0.0,-552.6937167349419,-962.0905198171881,0.0,0.0,1.0,81.0
0.0,-542.7866044055411,-963.7607206984712,0.0,0.0,1.0,81.0
0.0,-580.4160801275996,-961.4830350688594,0.0,0.0,1.0,81.0
0.0,-520.8100682213969,-997.3703957434846,0.0,0.0,1.0,81.0
0.0,-529.6179325106345,-982.4768608632769,0.0,0.0,1.0,81.0
0.0,-551.3917064564579,-971.0402535595326,0.0,0.0,1.0,81.0
0.0,-542.7259267741296,-955.5176548837826,0.0,0.0,1.0,81.0
0.0,-518.9251459906916,-957.9429483010126,0.0,0.0,1.0,81.0
0.0,-524.4447276332564,-969.0865928089229,0.0,0.0,1.0,81.0
0.0,-553.8098676991162,-955.4961067132049,0.0,0.0,1.0,81.0
0.0,-490.77805310022757,-967.1156639691294,0.0,0.0,1.0,81.0
0.0,-582.8145164891653,-1026.910951084194,0.0,0.0,1.0,81.0
0.0,-543.5354701993323,-953.3702028819459,0.0,0.0,1.0,81.0
0.0,-557.0401878831419,-973.9067233297658,0.0,0.0,1.0,81.0
0.0,-554.2282889134505,-1002.4995281586616,0.0,0.0,1.0,81.0
0.0,-574.3384578578808,-1029.6300927243053,0.0,0.0,1.0,81.0
0.0,-580.2595349917569,-1044.2674069190348,0.0,0.0,1.0,81.0
0.0,-527.9582911683855,-1000.5471414218644,0.0,0.0,1.0,81.0
0.0,-553.6170689579569,-1018.1884143298146,0.0,0.0,1.0,81.0
0.0,-506.89217603561156,-1061.9599494557228,0.0,0.0,1.0,81.0
0.0,-547.4294383831672,-990.7238230971248,0.0,0.0,1.0,81.0
0.0,-566.833217480528,-1018.024319915922,0.0,0.0,1.0,81.0
0.0,-567.683427082074,-1030.9286760490743,0.0,0.0,1.0,81.0
0.0,-570.3660091168958,-1012.5759100570933,0.0,0.0,1.0,81.0
0.0,-564.4367044613222,-1022.5797174858506,0.0,0.0,1.0,81.0
0.0,-526.8981429751526,-1034.245188907461,0.0,0.0,1.0,81.0
0.0,-500.9527385911223,-1036.8517264582924,0.0,0.0,1.0,81.0
0.0,-574.9884564302183,-1022.6165628305398,0.0,0.0,1.0,81.0
0.0,-579.59068030591,-1030.9190491051766,0.0,0.0,1.0,81.0
0.0,-557.6074506746693,-1014.2435609169295,0.0,0.0,1.0,81.0
0.0,-572.7941135963187,-1030.7059383577143,0.0,0.0,1.0,81.0
0.0,-558.7052350415993,-1028.9299949503866,0.0,0.0,1.0,81.0
0.0,-551.0344559235293,-1026.6436417241337,0.0,0.0,1.0,81.0
0.0,-557.1031758185287,-1011.2767149118715,0.0,0.0,1.0,81.0
0.0,-571.4844862622879,-1019.840707951731,0.0,0.0,1.0,81.0
0.0,-523.7351775474575,-965.4380725557019,0.0,0.0,1.0,81.0
0.0,-557.0020444880649,-1047.377653627842,0.0,0.0,1.0,81.0
0.0,-571.3441277113767,-1014.1327515484725,0.0,0.0,1.0,81.0
0.0,-442.7049976383116,-1031.663485582699,0.0,0.0,1.0,81.0
0.0,-444.3674337227925,-973.431556205091,0.0,0.0,1.0,81.0
0.0,-470.40776412943956,-1080.1019725606232,0.0,0.0,1.0,81.0
0.0,-444.57211488748976,-1058.035373330631,0.0,0.0,1.0,81.0
0.0,-451.20664678284845,-1024.4471851255823,0.0,0.0,1.0,81.0
0.0,-483.4902534751743,-1032.9048836007164,0.0,0.0,1.0,81.0
0.0,-457.8902583922039,-1064.7451418278,0.0,0.0,1.0,81.0
0.0,-455.0410195524314,-1033.0255827783494,0.0,0.0,1.0,81.0
0.0,-443.02803187669065,-1061.2876455541777,0.0,0.0,1.0,81.0
0.0,-439.6414226792797,-1029.2426207911187,0.0,0.0,1.0,81.0
0.0,-414.70893798606244,-1039.4341866220764,0.0,0.0,1.0,81.0
0.0,-441.22518483478996,-1024.5772117708382,0.0,0.0,1.0,81.0
0.0,-458.0792385644686,-1054.6008947836851,0.0,0.0,1.0,81.0
0.0,-466.86659026487155,-1061.896374158761,0.0,0.0,1.0,81.0
0.0,-451.0196058980059,-1041.9186369751883,0.0,0.0,1.0,81.0
0.0,-463.95011759429656,-1005.7412302417913,0.0,0.0,1.0,81.0
0.0,-446.41617854758135,-1070.0548751632605,0.0,0.0,1.0,81.0
0.0,-420.7842875071253,-1032.289492886351,0.0,0.0,1.0,81.0
0.0,-444.7993758786206,-1050.3752343278188,0.0,0.0,1.0,81.0
0.0,-446.18153239441483,-1046.8934308580212,0.0,0.0,1.0,81.0
0.0,-438.6666348364871,-1047.8471996286175,0.0,0.0,1.0,81.0
0.0,-410.3692508849757,-1000.1262307655236,0.0,0.0,1.0,81.0
0.0,-430.0269758672191,-1059.2127509495845,0.0,0.0,1.0,81.0
0.0,-433.8572606790485,-1029.7545737066534,0.0,0.0,1.0,81.0
0.0,-430.5473199183268,-1048.3193844870736,0.0,0.0,1.0,81.0
0.0,-430.9549337318008,-1042.2190464602013,0.0,0.0,1.0,81.0
0.0,-455.4098013323926,-1058.2427249289535,0.0,0.0,1.0,81.0
0.0,-437.4010469908669,-1057.3534514768667,0.0,0.0,1.0,81.0
0.0,-455.149421745597,-1075.8736390191357,0.0,0.0,1.0,81.0
0.0,-428.24983799508107,-1032.8781936905725,0.0,0.0,1.0,81.0
0.0,-433.76140380322863,-1040.8446726711963,0.0,0.0,1.0,81.0
0.0,-445.63795824144484,-1042.3090925585464,0.0,0.0,1.0,81.0
0.0,-455.4838517120364,-1055.503757442215,0.0,0.0,1.0,81.0
0.0,-429.32212331760707,-1060.2247280496197,0.0,0.0,1.0,81.0
0.0,-427.6979373557675,-1016.5716482787723,0.0,0.0,1.0,81.0
0.0,-418.20678918114436,-992.9027156901768,0.0,0.0,1.0,81.0
0.0,-440.6768078016066,-993.8272647773144,0.0,0.0,1.0,81.0
0.0,-481.4686013252791,-993.1634180749256,0.0,0.0,1.0,81.0
0.0,-439.5935649819146,-1000.1569628355594,0.0,0.0,1.0,81.0
0.0,-432.5771531826251,-994.3727187726881,0.0,0.0,1.0,81.0
0.0,-463.6934715186387,-992.1835931323667,0.0,0.0,1.0,81.0
0.0,-449.57353848744333,-991.5112386664334,0.0,0.0,1.0,81.0
0.0,-405.34803384407337,-996.7346625382627,0.0,0.0,1.0,81.0
0.0,-424.63039410617284,-1010.748309866611,0.0,0.0,1.0,81.0
0.0,-431.52932456283986,-1009.4718175556231,0.0,0.0,1.0,81.0
0.0,-418.64216586473935,-1004.1833583418911,0.0,0.0,1.0,81.0
0.0,-442.6622362139765,-1005.4452651461258,0.0,0.0,1.0,81.0
0.0,-442.79491516245673,-1007.8256934772767,0.0,0.0,1.0,81.0
0.0,-438.5050959973312,-1002.4861888675439,0.0,0.0,1.0,81.0
0.0,-448.74975522753243,-972.7813768092883,0.0,0.0,1.0,81.0
0.0,-429.65696323028965,-1006.7006765782917,0.0,0.0,1.0,81.0
0.0,-422.7951178170813,-989.9843046788042,0.0,0.0,1.0,81.0
0.0,-439.2670568424454,-1012.0378492044699,0.0,0.0,1.0,81.0
0.0,-421.07195968486235,-1023.3065731562428,0.0,0.0,1.0,81.0
0.0,-445.84033065396466,-976.8549949691737,0.0,0.0,1.0,81.0
0.0,-438.0723576972671,-951.8961107695034,0.0,0.0,1.0,81.0
0.0,-454.90446322363096,-965.5947295978906,0.0,0.0,1.0,81.0
0.0,-494.6863361912316,-959.9119788525538,0.0,0.0,1.0,81.0
0.0,-486.79910260281235,-951.4730041041062,0.0,0.0,1.0,81.0
0.0,-455.87977120168364,-951.5838498804139,0.0,0.0,1.0,81.0
0.0,-464.83084851868034,-931.1100192969209,0.0,0.0,1.0,81.0
0.0,-468.52968808867854,-961.1383768749074,0.0,0.0,1.0,81.0
0.0,-450.7470829370534,-966.114780976739,0.0,0.0,1.0,81.0
0.0,-460.1814790408632,-956.6141639281022,0.0,0.0,1.0,81.0
0.0,-457.73489576887584,-977.9169983246798,0.0,0.0,1.0,81.0
0.0,-434.3879444954391,-947.1846225562831,0.0,0.0,1.0,81.0
0.0,-449.8928877370124,-949.6475279640367,0.0,0.0,1.0,81.0
0.0,-428.0859203601083,-976.7899742063671,0.0,0.0,1.0,81.0
0.0,-447.890992493206,-939.1928295924322,0.0,0.0,1.0,81.0
0.0,-445.8266257415421,-954.9072761537091,0.0,0.0,1.0,81.0
0.0,-426.62328309907844,-941.7517728309663,0.0,0.0,1.0,81.0
0.0,-469.7844753281963,-945.7811116136261,0.0,0.0,1.0,81.0
0.0,-425.9126744519092,-962.3206962452684,0.0,0.0,1.0,81.0
0.0,-451.17932974957296,-950.7034943330498,0.0,0.0,1.0,81.0
0.0,-520.4758158535054,-966.2351875247177,0.0,0.0,1.0,81.0
0.0,-453.27482728421376,-934.4020266400557,0.0,0.0,1.0,81.0
0.0,-463.3281109422635,-950.0704215983797,0.0,0.0,1.0,81.0
0.0,-441.2823021799892,-940.623350314341,0.0,0.0,1.0,81.0
0.0,-457.4130862060167,-941.7798578730649,0.0,0.0,1.0,81.0
0.0,-435.95272726397684,-954.8037290582329,0.0,0.0,1.0,81.0
0.0,-461.8307308199819,-951.6951666935533,0.0,0.0,1.0,81.0
0.0,-469.6286681066032,-947.6596780188602,0.0,0.0,1.0,81.0
0.0,-445.1834283993363,-963.0580477377468,0.0,0.0,1.0,81.0
0.0,-432.8564180441398,-990.519564730572,0.0,0.0,1.0,81.0
0.0,-448.28617225723065,-969.9665785627569,0.0,0.0,1.0,81.0
0.0,-440.44059150127885,-1010.0000136159422,0.0,0.0,1.0,81.0
0.0,-99.05525726164888,-1208.0693971104197,0.0,0.0,1.0,82.0
0.0,-99.1302215944711,-1236.8825527056458,0.0,0.0,1.0,82.0
0.0,-79.4818726154108,-1212.0847171392675,0.0,0.0,1.0,82.0
0.0,-83.18314180842322,-1233.5714617504125,0.0,0.0,1.0,82.0
0.0,-135.7670265115105,-1241.1099097677873,0.0,0.0,1.0,82.0
0.0,-88.82559376580366,-1205.0621241414894,0.0,0.0,1.0,82.0
0.0,-90.92897257898812,-1244.2275173111354,0.0,0.0,1.0,82.0
0.0,-105.19793957712909,-1234.4713286781393,0.0,0.0,1.0,82.0
0.0,-86.81028338918713,-1221.5107153827678,0.0,0.0,1.0,82.0
0.0,-86.60450641904913,-1222.8655416841277,0.0,0.0,1.0,82.0
0.0,-141.59843217912976,-1195.1865627130517,0.0,0.0,1.0,82.0
0.0,-77.69864014851237,-1202.183349920507,0.0,0.0,1.0,82.0
0.0,-118.05412021631446,-1231.8814324178227,0.0,0.0,1.0,82.0
0.0,-91.68046147279938,-1218.4943697172835,0.0,0.0,1.0,82.0
0.0,-100.14290215028245,-1236.4568255817733,0.0,0.0,1.0,82.0
0.0,-105.84175100756238,-1220.3237724958433,0.0,0.0,1.0,82.0
0.0,-128.14726363267664,-1194.0048404452111,0.0,0.0,1.0,82.0
0.0,-92.94482218061626,-1212.3553565836469,0.0,0.0,1.0,82.0
0.0,-97.1885029708983,-1229.9073199250852,0.0,0.0,1.0,82.0
0.0,-81.57802132040865,-1223.3215400297743,0.0,0.0,1.0,82.0
0.0,-85.93936618436965,-1234.0461042365366,0.0,0.0,1.0,82.0
0.0,-73.73755996158593,-1211.4761557229622,0.0,0.0,1.0,82.0
0.0,-100.66391382719075,-1217.611042123147,0.0,0.0,1.0,82.0
0.0,-155.60090433044388,-1221.5387214122215,0.0,0.0,1.0,82.0
0.0,-113.44688040582105,-1228.4486481627919,0.0,0.0,1.0,82.0
0.0,-106.78691002107735,-1250.0774657281293,0.0,0.0,1.0,82.0
0.0,-82.80991210187585,-1212.1872866610852,0.0,0.0,1.0,82.0
0.0,-96.11187996294825,-1255.6438747753396,0.0,0.0,1.0,82.0
0.0,-98.28793271605127,-1202.8735566749458,0.0,0.0,1.0,82.0
0.0,-138.2656575455917,-1164.9731484199758,0.0,0.0,1.0,82.0
0.0,-125.77653056535837,-1178.63365706326,0.0,0.0,1.0,82.0
0.0,-84.14495716399097,-1235.2236809288988,0.0,0.0,1.0,82.0
0.0,-88.61157496308488,-1198.2795658883877,0.0,0.0,1.0,82.0
0.0,-99.96634634425754,-1224.1974324374328,0.0,0.0,1.0,82.0
0.0,-68.61486071740705,-1241.4424119087248,0.0,0.0,1.0,82.0
0.0,-64.26643577982259,-1235.8417244293682,0.0,0.0,1.0,82.0
0.0,-103.14052294790281,-1169.6913581177405,0.0,0.0,1.0,82.0
0.0,-81.58239707172402,-1175.9021547214024,0.0,0.0,1.0,82.0
0.0,-106.76248850283741,-1170.929472389439,0.0,0.0,1.0,82.0
0.0,-88.82596419154356,-1162.2442791059118,0.0,0.0,1.0,82.0
0.0,-102.00417374452786,-1155.0809276774262,0.0,0.0,1.0,82.0
0.0,-96.67661260943055,-1163.3499949626714,0.0,0.0,1.0,82.0
0.0,-101.25862591584314,-1205.3787260339188,0.0,0.0,1.0,82.0
0.0,-101.12966765364922,-1170.7187090689235,0.0,0.0,1.0,82.0
0.0,-52.5221437134619,-1145.8726375583967,0.0,0.0,1.0,82.0
0.0,-142.22111436160822,-1116.2042764901885,0.0,0.0,1.0,82.0
0.0,-61.73300894405952,-1186.8344270531782,0.0,0.0,1.0,82.0
0.0,-56.716897859749,-1168.2264716097739,0.0,0.0,1.0,82.0
0.0,-89.03855389324849,-1184.8234295918064,0.0,0.0,1.0,82.0
0.0,-86.95653464137217,-1194.3122828281157,0.0,0.0,1.0,82.0
0.0,-82.39541967058585,-1180.4626869260412,0.0,0.0,1.0,82.0
0.0,-110.33801998580657,-1144.7822208021128,0.0,0.0,1.0,82.0
0.0,-108.14587371111861,-1178.4809687984748,0.0,0.0,1.0,82.0
0.0,-85.04621819410863,-1164.8623771079344,0.0,0.0,1.0,82.0
0.0,-74.7784613597903,-1187.6398517785844,0.0,0.0,1.0,82.0
0.0,-73.34323587857284,-1161.2181937766534,0.0,0.0,1.0,82.0
0.0,-78.58166519358497,-1178.730496153765,0.0,0.0,1.0,82.0
0.0,-130.6369725578129,-1170.6249771536175,0.0,0.0,1.0,82.0
0.0,-90.9949438205474,-1184.5734210156988,0.0,0.0,1.0,82.0
0.0,-142.7125400477014,-1188.554910247743,0.0,0.0,1.0,82.0
0.0,-87.78800159207867,-1150.5360870461068,0.0,0.0,1.0,82.0
0.0,-103.78713668525666,-1180.4301474164124,0.0,0.0,1.0,82.0
0.0,-96.91595199681547,-1163.0905922638908,0.0,0.0,1.0,82.0
0.0,-124.0412409806645,-1151.740999940524,0.0,0.0,1.0,82.0
0.0,-101.30654179926705,-1120.3403747259217,0.0,0.0,1.0,82.0
0.0,-119.15543741052306,-1142.5054224208768,0.0,0.0,1.0,82.0
0.0,-101.16090589369264,-1133.5587622231774,0.0,0.0,1.0,82.0
0.0,-122.30817170856699,-1141.096775141754,0.0,0.0,1.0,82.0
0.0,-113.11370796511846,-1116.374521991838,0.0,0.0,1.0,82.0
0.0,-109.20832810507909,-1152.5166842851952,0.0,0.0,1.0,82.0
0.0,-171.14039757506043,-1157.4376212469024,0.0,0.0,1.0,82.0
0.0,-96.9047983704013,-1170.9929496759805,0.0,0.0,1.0,82.0
0.0,-82.51467082904878,-1158.055089828364,0.0,0.0,1.0,82.0
0.0,-112.60561187329245,-1116.0809373020618,0.0,0.0,1.0,82.0
0.0,-121.26565940051205,-1141.3539051034895,0.0,0.0,1.0,82.0
0.0,-116.75509081945165,-1147.2704993514983,0.0,0.0,1.0,82.0
0.0,-117.97479687184364,-1119.1311595949428,0.0,0.0,1.0,82.0
0.0,-127.49797848185631,-1137.034402618419,0.0,0.0,1.0,82.0
0.0,-113.13464021604887,-1148.307084062166,0.0,0.0,1.0,82.0
0.0,-76.82854581021797,-1160.3889919999472,0.0,0.0,1.0,82.0
0.0,-110.51780953321281,-1102.7177665632685,0.0,0.0,1.0,82.0
0.0,-107.05019151125634,-1113.9961177759283,0.0,0.0,1.0,82.0
0.0,-137.87372730062793,-1104.7550702177189,0.0,0.0,1.0,82.0
0.0,-99.82533247247761,-1132.042599934272,0.0,0.0,1.0,82.0
0.0,-106.50415571902204,-1175.636344147361,0.0,0.0,1.0,82.0
0.0,-113.57470630787316,-1135.3870647267875,0.0,0.0,1.0,82.0
0.0,-99.27862847801362,-1127.909028489637,0.0,0.0,1.0,82.0
0.0,-115.79457640275837,-1120.3921621053967,0.0,0.0,1.0,82.0
0.0,-85.1438123056198,-1138.57852536086,0.0,0.0,1.0,82.0
0.0,-101.27083826059948,-1134.1343990049224,0.0,0.0,1.0,82.0
0.0,-116.84771195036546,-1148.2147653426564,0.0,0.0,1.0,82.0
0.0,-102.14522917443082,-1149.6336745754181,0.0,0.0,1.0,82.0
0.0,-127.67785714491106,-1132.5701352215947,0.0,0.0,1.0,82.0
0.0,-118.51391751069218,-1133.0520972769261,0.0,0.0,1.0,82.0
0.0,-114.5234450387461,-1136.1560052196862,0.0,0.0,1.0,82.0
0.0,-191.4505464281117,-1142.7312830218148,0.0,0.0,1.0,82.0
0.0,-149.94329967306112,-1133.9728565641224,0.0,0.0,1.0,82.0
0.0,-218.8044209297111,-1154.56516805089,0.0,0.0,1.0,82.0
0.0,-224.23989454575985,-1153.253055694928,0.0,0.0,1.0,82.0
0.0,-196.2190460525594,-1122.5392456431666,0.0,0.0,1.0,82.0
0.0,-162.56958765019635,-1136.2022472754563,0.0,0.0,1.0,82.0
0.0,-208.3391118877703,-1165.0967071486382,0.0,0.0,1.0,82.0
0.0,-231.5773776817516,-1212.8493336009533,0.0,0.0,1.0,82.0
0.0,-241.314571787379,-1206.4529149687908,0.0,0.0,1.0,82.0
0.0,-207.25565202432972,-1205.010467079549,0.0,0.0,1.0,82.0
0.0,-177.83775992564142,-1194.9307310700617,0.0,0.0,1.0,82.0
0.0,-214.00086692263926,-1198.6571294879573,0.0,0.0,1.0,82.0
0.0,-226.32295789956174,-1193.2721554960744,0.0,0.0,1.0,82.0
0.0,-193.12328562801463,-1174.539024771641,0.0,0.0,1.0,82.0
0.0,-227.27865324400818,-1207.5077142360042,0.0,0.0,1.0,82.0
0.0,-230.02111062196582,-1202.9299317177722,0.0,0.0,1.0,82.0
0.0,-214.65137587173467,-1219.5822472478203,0.0,0.0,1.0,82.0
0.0,-229.66985454515088,-1206.7477328534026,0.0,0.0,1.0,82.0
0.0,-200.30458480666562,-1226.0695761667182,0.0,0.0,1.0,82.0
0.0,-213.13151667679563,-1202.4878726028353,0.0,0.0,1.0,82.0
0.0,-226.17341587623469,-1242.1866259419373,0.0,0.0,1.0,82.0
0.0,-222.67371499020305,-1213.0493408634761,0.0,0.0,1.0,82.0
0.0,-221.95782104024215,-1193.2406088627304,0.0,0.0,1.0,82.0
0.0,-136.48186395633093,-1176.8292772233794,0.0,0.0,1.0,82.0
0.0,-235.46480791488148,-1214.3463979742908,0.0,0.0,1.0,82.0
0.0,-213.93063898969035,-1225.4117179979646,0.0,0.0,1.0,82.0
0.0,-203.7884131883045,-1203.5607413169857,0.0,0.0,1.0,82.0
0.0,-232.7878250791814,-1196.6164725397896,0.0,0.0,1.0,82.0
0.0,-227.0180900001942,-1184.6521964890921,0.0,0.0,1.0,82.0
0.0,-139.56200488670038,-1188.1661215446238,0.0,0.0,1.0,82.0
0.0,-240.7195893881442,-1197.1030936544337,0.0,0.0,1.0,82.0
0.0,-221.45467403036082,-1221.8961123485467,0.0,0.0,1.0,82.0
0.0,-254.99667430989712,-1215.3141600463862,0.0,0.0,1.0,82.0
0.0,-226.01983567891057,-1200.5431703905324,0.0,0.0,1.0,82.0
0.0,-203.79856075539942,-1219.7266562263337,0.0,0.0,1.0,82.0
0.0,-199.11938143804764,-1189.0637034078254,0.0,0.0,1.0,82.0
0.0,-127.73554947747152,-1219.8326344014463,0.0,0.0,1.0,82.0
0.0,-247.93551396286534,-1201.3955431041534,0.0,0.0,1.0,82.0
0.0,-214.1923031426345,-1187.180802748459,0.0,0.0,1.0,82.0
0.0,-228.91677334757287,-1186.8415836207407,0.0,0.0,1.0,82.0
0.0,-227.41410558224084,-1196.2282101336436,0.0,0.0,1.0,82.0
0.0,-171.3967842260813,-1204.0879159130418,0.0,0.0,1.0,82.0
0.0,-139.1596415120482,-1190.809108267673,0.0,0.0,1.0,82.0
0.0,-222.84356172895468,-1190.7928323004437,0.0,0.0,1.0,82.0
0.0,-197.41832407571155,-1180.0136599889279,0.0,0.0,1.0,82.0
0.0,-207.25664925046362,-1187.3639446139912,0.0,0.0,1.0,82.0
0.0,59.44424354509738,-1099.241131299568,0.0,0.0,1.0,83.0
0.0,83.61907656620747,-1111.3851710595798,0.0,0.0,1.0,83.0
0.0,70.00259152436001,-1106.1620108782145,0.0,0.0,1.0,83.0
0.0,23.234329237197016,-1120.8561541747397,0.0,0.0,1.0,83.0
0.0,74.73108124708779,-1098.868369850699,0.0,0.0,1.0,83.0
0.0,67.38599619096703,-1106.4164566788347,0.0,0.0,1.0,83.0
0.0,66.40184231104126,-1120.356032479572,0.0,0.0,1.0,83.0
0.0,53.275221183218946,-1116.8514749594306,0.0,0.0,1.0,83.0
0.0,71.69102168876702,-1116.2547294204712,0.0,0.0,1.0,83.0
0.0,68.87046013041413,-1112.4028908282532,0.0,0.0,1.0,83.0
0.0,69.53707971300537,-1083.0779302162891,0.0,0.0,1.0,83.0
0.0,65.2191347434989,-1133.3911231745165,0.0,0.0,1.0,83.0
0.0,82.3157765963831,-1110.4583595745305,0.0,0.0,1.0,83.0
0.0,67.28636533630879,-1106.4490669315064,0.0,0.0,1.0,83.0
0.0,58.709000439718466,-1127.2306289180653,0.0,0.0,1.0,83.0
0.0,93.67556097247075,-1148.6632099073154,0.0,0.0,1.0,83.0
0.0,95.77666730326223,-1101.8073345709718,0.0,0.0,1.0,83.0
0.0,70.81676001349933,-1095.8141435776176,0.0,0.0,1.0,83.0
0.0,74.96856318954906,-1110.489323319559,0.0,0.0,1.0,83.0
0.0,34.25888522166474,-1100.9568785847343,0.0,0.0,1.0,83.0
0.0,100.86885488058965,-1121.1205818029568,0.0,0.0,1.0,83.0
0.0,66.75944317035282,-1127.6945779346265,0.0,0.0,1.0,83.0
0.0,65.04900125209883,-1098.0208395698025,0.0,0.0,1.0,83.0
0.0,64.90638553898611,-1121.5531402014979,0.0,0.0,1.0,83.0
0.0,65.27256500800036,-1112.281055345419,0.0,0.0,1.0,83.0
0.0,77.74814926980093,-1105.4160234222836,0.0,0.0,1.0,83.0
0.0,31.982800030103363,-1109.1201896939187,0.0,0.0,1.0,83.0
0.0,69.58053546252745,-1105.383415109812,0.0,0.0,1.0,83.0
0.0,106.46959648288612,-1174.044238442829,0.0,0.0,1.0,83.0
0.0,63.87827903271341,-1103.245137196342,0.0,0.0,1.0,83.0
0.0,89.21960675491391,-1130.4093541576844,0.0,0.0,1.0,83.0
0.0,52.01728535910752,-1135.7980171411755,0.0,0.0,1.0,83.0
0.0,4.467413485442421,-1124.1701248074514,0.0,0.0,1.0,83.0
0.0,27.748656961796996,-1111.081698490898,0.0,0.0,1.0,83.0
0.0,22.229436568112078,-1134.1443624190367,0.0,0.0,1.0,83.0
0.0,16.29554544734856,-1145.7778450471667,0.0,0.0,1.0,83.0
0.0,4.620334250978431,-1137.016924850449,0.0,0.0,1.0,83.0
0.0,28.423128340898757,-1108.2897683584836,0.0,0.0,1.0,83.0
0.0,35.23791102128712,-1096.4476776461256,0.0,0.0,1.0,83.0
0.0,19.77877353774238,-1131.5283042843291,0.0,0.0,1.0,83.0
0.0,1.8408256458506003,-1127.692414314394,0.0,0.0,1.0,83.0
0.0,-0.45564492704056647,-1132.0082834155332,0.0,0.0,1.0,83.0
0.0,18.755471726730093,-1128.1411437592858,0.0,0.0,1.0,83.0
0.0,15.05442193663248,-1120.3424155017192,0.0,0.0,1.0,83.0
0.0,49.03424861237272,-1137.753105196932,0.0,0.0,1.0,83.0
0.0,26.169907248945037,-1125.521267351065,0.0,0.0,1.0,83.0
0.0,28.154645839187424,-1134.7812542133756,0.0,0.0,1.0,83.0
0.0,-14.608235768925624,-1092.71350835358,0.0,0.0,1.0,83.0
0.0,17.11741226166805,-1096.6946473512173,0.0,0.0,1.0,83.0
0.0,-9.401864962080253,-1134.7595251831565,0.0,0.0,1.0,83.0
0.0,-2.0129390108213556,-1130.9607109735548,0.0,0.0,1.0,83.0
0.0,-14.445637694470634,-1176.1546920747592,0.0,0.0,1.0,83.0
0.0,-7.827930163080055,-1110.621668640123,0.0,0.0,1.0,83.0
0.0,-5.799463417370134,-1151.9746438488744,0.0,0.0,1.0,83.0
0.0,-14.33630271056336,-1181.857696375868,0.0,0.0,1.0,83.0
0.0,-18.79551960590561,-1155.5302932532636,0.0,0.0,1.0,83.0
0.0,-15.227701128454783,-1145.8126430391126,0.0,0.0,1.0,83.0
0.0,-29.558056772665395,-1182.1810035076244,0.0,0.0,1.0,83.0
0.0,-16.415222397305115,-1164.205307313366,0.0,0.0,1.0,83.0
0.0,-15.408556594327138,-1167.0305793068508,0.0,0.0,1.0,83.0
0.0,-39.124119740284414,-1178.3011276288019,0.0,0.0,1.0,83.0
0.0,-13.601117762330887,-1198.4997944678548,0.0,0.0,1.0,83.0
0.0,-23.50308632505721,-1157.5887761718882,0.0,0.0,1.0,83.0
0.0,-34.78096279127726,-1166.6588264968605,0.0,0.0,1.0,83.0
0.0,-2.74459564355584,-1177.9331319885384,0.0,0.0,1.0,83.0
0.0,-9.316686350833834,-1156.4232988987992,0.0,0.0,1.0,83.0
0.0,-6.712815738661675,-1152.0001355473064,0.0,0.0,1.0,83.0
0.0,-11.937112555204067,-1154.4795215346924,0.0,0.0,1.0,83.0
0.0,-16.135762405541755,-1152.6742704338462,0.0,0.0,1.0,83.0
0.0,-52.81538545537501,-1192.99719981969,0.0,0.0,1.0,83.0
0.0,-26.048956881268623,-1194.437616107042,0.0,0.0,1.0,83.0
0.0,-16.445798830014155,-1122.2675983607562,0.0,0.0,1.0,83.0
0.0,1.4470877580533852,-1135.8741644780637,0.0,0.0,1.0,83.0
0.0,-43.39254473784467,-1169.8699874579054,0.0,0.0,1.0,83.0
0.0,15.11813514160508,-1162.617917579479,0.0,0.0,1.0,83.0
0.0,28.48838010380632,-1184.2368964674479,0.0,0.0,1.0,83.0
0.0,-15.33944750752471,-1154.995454364289,0.0,0.0,1.0,83.0
0.0,-24.39782062657605,-1164.251424785309,0.0,0.0,1.0,83.0
0.0,-14.889945987846204,-1142.2184265074252,0.0,0.0,1.0,83.0
0.0,-11.210956646472368,-1150.3779042209305,0.0,0.0,1.0,83.0
0.0,-54.364905261244985,-1158.533085635389,0.0,0.0,1.0,83.0
0.0,-8.084676556781915,-1170.9555080069201,0.0,0.0,1.0,83.0
0.0,-20.950898976749386,-1137.9661854171145,0.0,0.0,1.0,83.0
0.0,-9.525981322375173,-1180.0752521046718,0.0,0.0,1.0,83.0
0.0,-9.915247434639696,-1159.4323915328837,0.0,0.0,1.0,83.0
0.0,-21.70775487134756,-1148.71693405513,0.0,0.0,1.0,83.0
0.0,-11.88985026729165,-1218.099802753222,0.0,0.0,1.0,83.0
0.0,-54.289161693504866,-1160.6905682792033,0.0,0.0,1.0,83.0
0.0,-38.61684443170316,-1155.1028809192458,0.0,0.0,1.0,83.0
0.0,-14.676908973177433,-1235.2090368046,0.0,0.0,1.0,83.0
0.0,-23.48182877326667,-1209.7264108249321,0.0,0.0,1.0,83.0
0.0,-30.86997632052953,-1214.4154556441651,0.0,0.0,1.0,83.0
0.0,-25.63303182609593,-1242.6779265449218,0.0,0.0,1.0,83.0
0.0,-21.65829410535025,-1235.938115776772,0.0,0.0,1.0,83.0
0.0,-31.92150638144085,-1189.4498066417843,0.0,0.0,1.0,83.0
0.0,-21.84813723701359,-1228.7961935457124,0.0,0.0,1.0,83.0
0.0,-17.58997995447885,-1222.6168473153366,0.0,0.0,1.0,83.0
0.0,-16.214043561549943,-1242.6712795238443,0.0,0.0,1.0,83.0
0.0,-10.533670278529371,-1221.5494059804798,0.0,0.0,1.0,83.0
0.0,-11.364616866384267,-1209.991837943006,0.0,0.0,1.0,83.0
0.0,13.493955735182908,-1229.2941796445825,0.0,0.0,1.0,83.0
0.0,-22.524930112067295,-1218.8588619094267,0.0,0.0,1.0,83.0
0.0,-11.355025009166411,-1224.5109827200106,0.0,0.0,1.0,83.0
0.0,-36.556540154037975,-1237.8898517998227,0.0,0.0,1.0,83.0
0.0,-5.468778945590884,-1230.3357234831508,0.0,0.0,1.0,83.0
0.0,-9.817549355961773,-1204.9291565149904,0.0,0.0,1.0,83.0
0.0,-20.380611163270714,-1218.6215804522674,0.0,0.0,1.0,83.0
0.0,-8.207678011149255,-1239.718774170378,0.0,0.0,1.0,83.0
0.0,-25.584577825345605,-1200.721599546058,0.0,0.0,1.0,83.0
0.0,-5.476014453763128,-1216.1453652777454,0.0,0.0,1.0,83.0
0.0,3.72080706074712,-1226.4293386083534,0.0,0.0,1.0,83.0
0.0,-4.174993923061265,-1206.8752709060325,0.0,0.0,1.0,83.0
0.0,-25.600336845943502,-1198.2916747062804,0.0,0.0,1.0,83.0
0.0,-6.81679325095206,-1223.4438662321102,0.0,0.0,1.0,83.0
0.0,-18.228641632994595,-1232.7370328743812,0.0,0.0,1.0,83.0
0.0,4.966506010763169,-1205.3308717786736,0.0,0.0,1.0,83.0
0.0,-21.47503109404738,-1247.7212768451334,0.0,0.0,1.0,83.0
0.0,3.5842890113565318,-1250.6775572630038,0.0,0.0,1.0,83.0
0.0,-29.31494541941356,-1227.6117094386689,0.0,0.0,1.0,83.0
0.0,-0.16495436765899285,-1231.223403191424,0.0,0.0,1.0,83.0
0.0,-3.1486371102751036,-1223.2539189168958,0.0,0.0,1.0,83.0
0.0,-16.461127520921764,-1220.9982358467173,0.0,0.0,1.0,83.0
0.0,113.22974052835434,-1258.3466403606785,0.0,0.0,1.0,83.0
0.0,77.96408394433024,-1218.0353837848622,0.0,0.0,1.0,83.0
0.0,63.08748660299625,-1196.4719908455502,0.0,0.0,1.0,83.0
0.0,39.15931464319351,-1260.942066409937,0.0,0.0,1.0,83.0
0.0,47.70600834125048,-1280.001753331316,0.0,0.0,1.0,83.0
0.0,66.76898327030722,-1201.08878009694,0.0,0.0,1.0,83.0
0.0,47.780026367031496,-1214.1803088119234,0.0,0.0,1.0,83.0
0.0,28.385690304461377,-1251.8271259125295,0.0,0.0,1.0,83.0
0.0,36.295398198381235,-1269.0319588850978,0.0,0.0,1.0,83.0
0.0,39.08932617039477,-1265.4115712656858,0.0,0.0,1.0,83.0
0.0,66.87143301638321,-1250.30530343954,0.0,0.0,1.0,83.0
0.0,32.824356149171535,-1290.1020862608068,0.0,0.0,1.0,83.0
0.0,16.15546833458552,-1234.5001634229886,0.0,0.0,1.0,83.0
0.0,33.40548633612889,-1254.0082301879706,0.0,0.0,1.0,83.0
0.0,5.469290223567668,-1233.3482816068235,0.0,0.0,1.0,83.0
0.0,21.73344055045436,-1262.173827579888,0.0,0.0,1.0,83.0
0.0,33.3461187741882,-1264.5169926306583,0.0,0.0,1.0,83.0
0.0,38.70143354210268,-1267.2247130829562,0.0,0.0,1.0,83.0
0.0,35.72344742445671,-1251.1240975385153,0.0,0.0,1.0,83.0
0.0,46.85762977045988,-1228.060621733254,0.0,0.0,1.0,83.0
0.0,45.98132744113241,-1266.8105179620077,0.0,0.0,1.0,83.0
0.0,45.88644456781435,-1249.0087902705773,0.0,0.0,1.0,83.0
0.0,15.826165243232936,-1207.9218459009278,0.0,0.0,1.0,83.0
0.0,41.85854830145877,-1257.9202795259705,0.0,0.0,1.0,83.0
0.0,38.28857564996906,-1257.8441233588649,0.0,0.0,1.0,83.0
0.0,60.91410703814995,-1242.5140781044518,0.0,0.0,1.0,83.0
0.0,51.09866302357909,-1273.3582974333935,0.0,0.0,1.0,83.0
0.0,23.14640097225879,-1196.854744056284,0.0,0.0,1.0,83.0
0.0,33.860535711888815,-1239.7494160122062,0.0,0.0,1.0,83.0
0.0,35.1377399637322,-1261.421538754759,0.0,0.0,1.0,83.0
0.0,86.21384246512025,-1253.463624322675,0.0,0.0,1.0,83.0
0.0,89.34171795845941,-1234.729517286548,0.0,0.0,1.0,83.0
0.0,97.4633518672174,-1247.9412909413659,0.0,0.0,1.0,83.0
0.0,76.94575228544477,-1238.9780998931483,0.0,0.0,1.0,83.0
0.0,77.01194207102549,-1229.019566643403,0.0,0.0,1.0,83.0
0.0,105.62332485160573,-1275.4106050645112,0.0,0.0,1.0,83.0
0.0,87.74832156018101,-1240.6780737730262,0.0,0.0,1.0,83.0
0.0,99.81642292687161,-1238.9688151959338,0.0,0.0,1.0,83.0
0.0,79.04503908651805,-1228.15238578534,0.0,0.0,1.0,83.0
0.0,65.55605434034283,-1231.6760361051101,0.0,0.0,1.0,83.0
0.0,94.33860899468777,-1168.2886955877893,0.0,0.0,1.0,83.0
0.0,68.06435112990539,-1279.534378008436,0.0,0.0,1.0,83.0
0.0,54.101401325104916,-1211.6914629578011,0.0,0.0,1.0,83.0
0.0,83.07150765099527,-1244.391495443502,0.0,0.0,1.0,83.0
0.0,94.14270095047368,-1226.3929912568017,0.0,0.0,1.0,83.0
0.0,76.43865290399708,-1236.6454558123569,0.0,0.0,1.0,83.0
0.0,79.15114154604498,-1247.0508786153748,0.0,0.0,1.0,83.0
0.0,91.58193706848374,-1250.84036416747,0.0,0.0,1.0,83.0
0.0,95.44312584744603,-1239.1728662555488,0.0,0.0,1.0,83.0
0.0,101.97514034882897,-1232.3771632454948,0.0,0.0,1.0,83.0
0.0,76.79769468184895,-1250.6570319421069,0.0,0.0,1.0,83.0
0.0,68.23944855530067,-1246.5228774399316,0.0,0.0,1.0,83.0
0.0,92.5095718621028,-1241.6407964413854,0.0,0.0,1.0,83.0
0.0,112.06260956626033,-1219.2053645376557,0.0,0.0,1.0,83.0
0.0,97.24430388055953,-1205.4191265320026,0.0,0.0,1.0,83.0
0.0,121.44811624547015,-1232.1674041516007,0.0,0.0,1.0,83.0
0.0,68.54435743184285,-1224.9170753014039,0.0,0.0,1.0,83.0
0.0,76.74099576909657,-1248.7863819472673,0.0,0.0,1.0,83.0
0.0,107.25590582012751,-1245.0948794038102,0.0,0.0,1.0,83.0
0.0,100.94372446654143,-1229.13852429876,0.0,0.0,1.0,83.0
0.0,75.00386451812096,-1260.718997925674,0.0,0.0,1.0,83.0
0.0,81.21399201256486,-1258.479478882426,0.0,0.0,1.0,83.0
0.0,122.9094130174717,-1259.809443918813,0.0,0.0,1.0,83.0
0.0,99.51123260805093,-1232.0117249118655,0.0,0.0,1.0,83.0
0.0,131.59180683221166,-1199.5224271181528,0.0,0.0,1.0,83.0
0.0,138.5228062911017,-1203.4836411614724,0.0,0.0,1.0,83.0
0.0,116.1538938202425,-1217.0709226980073,0.0,0.0,1.0,83.0
0.0,132.4259221885311,-1241.3761004224204,0.0,0.0,1.0,83.0
0.0,108.36453917786866,-1196.1353178786703,0.0,0.0,1.0,83.0
0.0,97.19471035427114,-1183.6932821224063,0.0,0.0,1.0,83.0
0.0,127.55216785767334,-1207.8368926963358,0.0,0.0,1.0,83.0
0.0,126.8768473139503,-1204.946376697245,0.0,0.0,1.0,83.0
0.0,140.72170518413486,-1215.3818016214418,0.0,0.0,1.0,83.0
0.0,103.72632205889772,-1183.5678303325021,0.0,0.0,1.0,83.0
0.0,95.99110578531372,-1240.9435883291292,0.0,0.0,1.0,83.0
0.0,126.50979000499592,-1192.2885296895167,0.0,0.0,1.0,83.0
0.0,105.88244776490478,-1223.3783513169196,0.0,0.0,1.0,83.0
0.0,126.64994052189786,-1171.3812075633705,0.0,0.0,1.0,83.0
0.0,111.7030740372229,-1224.2377883195286,0.0,0.0,1.0,83.0
0.0,124.81089004067485,-1225.9127829021415,0.0,0.0,1.0,83.0
0.0,118.58466230762633,-1190.087725098718,0.0,0.0,1.0,83.0
0.0,127.0501037706515,-1189.8731017988657,0.0,0.0,1.0,83.0
0.0,130.50694145999796,-1215.730925472964,0.0,0.0,1.0,83.0
0.0,111.31677423422661,-1215.0329682084555,0.0,0.0,1.0,83.0
0.0,96.59066059137581,-1212.4754054373182,0.0,0.0,1.0,83.0
0.0,92.4240973237172,-1200.2614656606422,0.0,0.0,1.0,83.0
0.0,114.98151122060744,-1156.4469419850004,0.0,0.0,1.0,83.0
0.0,132.42835626324427,-1181.6259908326256,0.0,0.0,1.0,83.0
0.0,95.71519261093977,-1140.4966132378645,0.0,0.0,1.0,83.0
0.0,128.44712605849486,-1160.0041808465437,0.0,0.0,1.0,83.0
0.0,99.836571661275,-1139.310917683516,0.0,0.0,1.0,83.0
0.0,131.04573724222337,-1129.5898494987523,0.0,0.0,1.0,83.0
0.0,89.37364919093329,-1094.437496978304,0.0,0.0,1.0,83.0
0.0,127.78017251444157,-1166.8017205811389,0.0,0.0,1.0,83.0
0.0,99.30673433527863,-1164.2923862442074,0.0,0.0,1.0,83.0
0.0,115.70301178760928,-1165.758063946465,0.0,0.0,1.0,83.0
0.0,101.94135764855696,-1109.1907521423232,0.0,0.0,1.0,83.0
0.0,121.54118886593665,-1171.5842494774083,0.0,0.0,1.0,83.0
0.0,115.30562134658794,-1213.0890114802312,0.0,0.0,1.0,83.0
0.0,114.07293499753837,-1152.7124863106264,0.0,0.0,1.0,83.0
0.0,128.35599410359237,-1164.8417421800914,0.0,0.0,1.0,83.0
0.0,122.1659934808788,-1142.4049093658869,0.0,0.0,1.0,83.0
0.0,130.95379358471996,-1139.549438464099,0.0,0.0,1.0,83.0
0.0,94.58233825678371,-1132.2871056479407,0.0,0.0,1.0,83.0
0.0,88.24614033412354,-1154.4445851049647,0.0,0.0,1.0,83.0
0.0,112.82086768547902,-1158.057356823654,0.0,0.0,1.0,83.0
0.0,117.43935458962414,-1161.3346396429067,0.0,0.0,1.0,83.0
0.0,318.3424819910497,-1082.5052385850959,0.0,0.0,1.0,84.0
0.0,315.5487315137859,-1098.3693696445318,0.0,0.0,1.0,84.0
0.0,307.592844650356,-1109.4973101060534,0.0,0.0,1.0,84.0
0.0,314.8019717925281,-1096.3270865381644,0.0,0.0,1.0,84.0
0.0,285.6768747496658,-1156.1836029699623,0.0,0.0,1.0,84.0
0.0,284.579331722166,-1112.7076011757636,0.0,0.0,1.0,84.0
0.0,314.18394845851117,-1109.926200653183,0.0,0.0,1.0,84.0
0.0,242.15198775456793,-1119.4558792495293,0.0,0.0,1.0,84.0
0.0,330.36725923710947,-1100.6918546229751,0.0,0.0,1.0,84.0
0.0,314.6520145868485,-1102.380110326638,0.0,0.0,1.0,84.0
0.0,279.33358621249045,-1161.6202563854824,0.0,0.0,1.0,84.0
0.0,316.511868231858,-1119.9855025323739,0.0,0.0,1.0,84.0
0.0,256.0326730814818,-1082.7686648869828,0.0,0.0,1.0,84.0
0.0,324.74143494709983,-1092.2758122459306,0.0,0.0,1.0,84.0
0.0,309.7494964723676,-1107.9709075917876,0.0,0.0,1.0,84.0
0.0,325.4242555542478,-1087.7348976061185,0.0,0.0,1.0,84.0
0.0,319.65854890450305,-1099.404959291839,0.0,0.0,1.0,84.0
0.0,277.45731850072093,-1103.4472394944125,0.0,0.0,1.0,84.0
0.0,231.61883813614804,-1078.8280801105884,0.0,0.0,1.0,84.0
0.0,312.25225032512594,-1132.9050191218646,0.0,0.0,1.0,84.0
0.0,325.22911781654057,-1109.2610774982932,0.0,0.0,1.0,84.0
0.0,320.03888517948644,-1096.0854251082908,0.0,0.0,1.0,84.0
0.0,230.5776619216847,-1088.7451931641517,0.0,0.0,1.0,84.0
0.0,270.38121669151633,-1153.7715874826863,0.0,0.0,1.0,84.0
0.0,235.5334726272522,-1067.8202074059084,0.0,0.0,1.0,84.0
0.0,285.76627300014115,-1097.0163906047533,0.0,0.0,1.0,84.0
0.0,274.8280704592462,-1077.3170151466297,0.0,0.0,1.0,84.0
0.0,237.85689637457222,-1082.6912887588835,0.0,0.0,1.0,84.0
0.0,194.1784020321188,-1061.166201135388,0.0,0.0,1.0,84.0
0.0,215.68762602297443,-1044.4087168623178,0.0,0.0,1.0,84.0
0.0,218.72721380725875,-1071.5531841573272,0.0,0.0,1.0,84.0
0.0,187.1395147166395,-1083.931730883284,0.0,0.0,1.0,84.0
0.0,201.24056272156736,-1086.6498703708046,0.0,0.0,1.0,84.0
0.0,249.27544031987964,-1118.0223093984423,0.0,0.0,1.0,84.0
0.0,229.91251659628165,-1041.842545532996,0.0,0.0,1.0,84.0
0.0,204.861021380922,-1053.1739244518742,0.0,0.0,1.0,84.0
0.0,216.19160306973163,-1062.719972256754,0.0,0.0,1.0,84.0
0.0,208.43522339687001,-1079.2097796634757,0.0,0.0,1.0,84.0
0.0,206.71421572382087,-1043.1341614478686,0.0,0.0,1.0,84.0
0.0,229.28484396565136,-1062.915518448549,0.0,0.0,1.0,84.0
0.0,226.46961812284644,-1130.0583115881361,0.0,0.0,1.0,84.0
0.0,226.26597821604764,-1055.1649988880124,0.0,0.0,1.0,84.0
0.0,207.30740363012706,-1074.8559858353399,0.0,0.0,1.0,84.0
0.0,199.10273417484268,-1065.245648293616,0.0,0.0,1.0,84.0
0.0,219.06949571606583,-1045.3230567530957,0.0,0.0,1.0,84.0
0.0,214.66205381250597,-1045.3543434015403,0.0,0.0,1.0,84.0
0.0,212.15574960351069,-1090.5536433004556,0.0,0.0,1.0,84.0
0.0,218.4961795419158,-1113.7938206487656,0.0,0.0,1.0,84.0
0.0,231.80460284773608,-1069.856740409888,0.0,0.0,1.0,84.0
0.0,205.5504898133113,-1050.0719586199777,0.0,0.0,1.0,84.0
0.0,199.2611434485932,-1068.7088433915117,0.0,0.0,1.0,84.0
0.0,247.63353982796457,-1075.6885703809228,0.0,0.0,1.0,84.0
0.0,198.0753526392998,-1097.5321572245361,0.0,0.0,1.0,84.0
0.0,237.2360322213642,-1069.1817656785013,0.0,0.0,1.0,84.0
0.0,195.19425441113594,-1129.5467404647354,0.0,0.0,1.0,84.0
0.0,207.45085549034002,-1105.8788023333432,0.0,0.0,1.0,84.0
0.0,220.09775685222394,-1125.7590399254107,0.0,0.0,1.0,84.0
0.0,199.18824355147103,-1134.543533705986,0.0,0.0,1.0,84.0
0.0,188.2780298053517,-1099.5255492045153,0.0,0.0,1.0,84.0
0.0,187.85412161064505,-1106.8051453006246,0.0,0.0,1.0,84.0
0.0,203.65573510344666,-1107.532259986824,0.0,0.0,1.0,84.0
0.0,188.59725213864954,-1118.5625019416887,0.0,0.0,1.0,84.0
0.0,167.09195619948582,-1105.4648609261158,0.0,0.0,1.0,84.0
0.0,154.3850277246611,-1089.6746959897728,0.0,0.0,1.0,84.0
0.0,166.6515456894008,-1108.9223460751932,0.0,0.0,1.0,84.0
0.0,180.73715294036265,-1109.144411374281,0.0,0.0,1.0,84.0
0.0,183.31683105132515,-1111.1865624391792,0.0,0.0,1.0,84.0
0.0,194.1917700657118,-1115.344688526967,0.0,0.0,1.0,84.0
0.0,228.99277880552927,-1101.4930488752896,0.0,0.0,1.0,84.0
0.0,191.5443586394456,-1141.0281823169246,0.0,0.0,1.0,84.0
0.0,193.60305574615404,-1109.0940763933875,0.0,0.0,1.0,84.0
0.0,199.61292341616263,-1110.8546281815584,0.0,0.0,1.0,84.0
0.0,191.64221601213058,-1181.4318208296254,0.0,0.0,1.0,84.0
0.0,190.92321491234975,-1104.8611556900169,0.0,0.0,1.0,84.0
0.0,184.57647639112747,-1115.2916390212047,0.0,0.0,1.0,84.0
0.0,198.54545280283128,-1099.7974672705648,0.0,0.0,1.0,84.0
0.0,181.54541545921643,-1121.113520911191,0.0,0.0,1.0,84.0
0.0,209.35771259320722,-1087.0163383404047,0.0,0.0,1.0,84.0
0.0,161.50958754743942,-1131.188260631649,0.0,0.0,1.0,84.0
0.0,176.28564859981293,-1105.9456753409706,0.0,0.0,1.0,84.0
0.0,160.25027341320583,-1100.6697297927408,0.0,0.0,1.0,84.0
0.0,161.00405099545742,-1084.5935939581643,0.0,0.0,1.0,84.0
0.0,176.8489290258376,-1099.0138317324509,0.0,0.0,1.0,84.0
0.0,193.78605224282092,-1149.590767909504,0.0,0.0,1.0,84.0
0.0,191.03371341651086,-1091.61347127618,0.0,0.0,1.0,84.0
0.0,156.7871768114992,-1112.1199350770291,0.0,0.0,1.0,84.0
0.0,152.4241704511369,-1089.483388325621,0.0,0.0,1.0,84.0
0.0,180.87412361169345,-1152.9099265976258,0.0,0.0,1.0,84.0
0.0,198.27984867821397,-1148.193495959416,0.0,0.0,1.0,84.0
0.0,190.8891745794872,-1153.2115164626387,0.0,0.0,1.0,84.0
0.0,198.84867805010708,-1144.368714092822,0.0,0.0,1.0,84.0
0.0,187.24644506063078,-1168.223314249101,0.0,0.0,1.0,84.0
0.0,183.34629042441065,-1154.2343227344056,0.0,0.0,1.0,84.0
0.0,164.07580196229833,-1165.421777955209,0.0,0.0,1.0,84.0
0.0,189.88608093246603,-1139.6666923529096,0.0,0.0,1.0,84.0
0.0,218.6772708886922,-1183.745760690959,0.0,0.0,1.0,84.0
0.0,179.13970945833262,-1169.2810127361079,0.0,0.0,1.0,84.0
0.0,213.24756640831924,-1165.4774449025404,0.0,0.0,1.0,84.0
0.0,164.70364205610144,-1149.7379131838854,0.0,0.0,1.0,84.0
0.0,173.22187369398534,-1177.449115906747,0.0,0.0,1.0,84.0
0.0,190.17851237951095,-1171.8082747511035,0.0,0.0,1.0,84.0
0.0,160.84646106964192,-1193.1499042038702,0.0,0.0,1.0,84.0
0.0,189.44253687017112,-1160.8770095293842,0.0,0.0,1.0,84.0
0.0,190.66773813246095,-1164.6094697629756,0.0,0.0,1.0,84.0
0.0,204.06769565728155,-1136.8028147579596,0.0,0.0,1.0,84.0
0.0,170.88007530334107,-1164.8910499415533,0.0,0.0,1.0,84.0
0.0,184.01019692975706,-1165.499822174016,0.0,0.0,1.0,84.0
0.0,179.02366700134849,-1170.5899026223824,0.0,0.0,1.0,84.0
0.0,191.7556526394619,-1173.7666755682158,0.0,0.0,1.0,84.0
0.0,187.0801536231511,-1168.8355073822374,0.0,0.0,1.0,84.0
0.0,204.03375278250178,-1144.6487093162768,0.0,0.0,1.0,84.0
0.0,196.23095816873092,-1152.6652431090479,0.0,0.0,1.0,84.0
0.0,172.8326317916467,-1175.4683232393365,0.0,0.0,1.0,84.0
0.0,198.9108216909965,-1181.46503212035,0.0,0.0,1.0,84.0
0.0,189.81276888812909,-1158.439515122471,0.0,0.0,1.0,84.0
0.0,155.84757951186566,-1142.0739351781926,0.0,0.0,1.0,84.0
0.0,201.20431804416717,-1187.1107775528465,0.0,0.0,1.0,84.0
0.0,224.73739149827907,-1203.8021093724485,0.0,0.0,1.0,84.0
0.0,251.2117845222292,-1194.1465465137721,0.0,0.0,1.0,84.0
0.0,215.32359405178795,-1205.0844343327371,0.0,0.0,1.0,84.0
0.0,180.51023874999896,-1171.8197667081663,0.0,0.0,1.0,84.0
0.0,229.6143235784632,-1179.6495832792555,0.0,0.0,1.0,84.0
0.0,231.50084535804717,-1207.7656063197,0.0,0.0,1.0,84.0
0.0,229.38504719937941,-1209.9460183862805,0.0,0.0,1.0,84.0
0.0,195.6960613101985,-1174.6471690791914,0.0,0.0,1.0,84.0
0.0,216.00543667371926,-1183.370528045691,0.0,0.0,1.0,84.0
0.0,227.6026180016313,-1223.8611509311588,0.0,0.0,1.0,84.0
0.0,236.51130823989706,-1214.989108141314,0.0,0.0,1.0,84.0
0.0,205.10240470304666,-1204.6482954290054,0.0,0.0,1.0,84.0
0.0,217.3923642218906,-1182.9396345969199,0.0,0.0,1.0,84.0
0.0,200.11094709431154,-1193.1215715505703,0.0,0.0,1.0,84.0
0.0,213.02320909588343,-1184.2503899322376,0.0,0.0,1.0,84.0
0.0,287.33927236529735,-1168.901445432751,0.0,0.0,1.0,84.0
0.0,223.2528283400586,-1180.8303661811108,0.0,0.0,1.0,84.0
0.0,221.60090140119837,-1204.7533649221637,0.0,0.0,1.0,84.0
0.0,211.867651402393,-1186.6242807402627,0.0,0.0,1.0,84.0
0.0,215.801022790846,-1189.8137583742841,0.0,0.0,1.0,84.0
0.0,231.5886525529902,-1228.5269531346514,0.0,0.0,1.0,84.0
0.0,216.96538676478713,-1195.846800400152,0.0,0.0,1.0,84.0
0.0,210.66498994617973,-1186.9530699064403,0.0,0.0,1.0,84.0
0.0,200.34203740367798,-1169.044129047803,0.0,0.0,1.0,84.0
0.0,283.4017319700222,-1208.584274754535,0.0,0.0,1.0,84.0
0.0,257.5002307058569,-1184.2722466133634,0.0,0.0,1.0,84.0
0.0,288.5955801778739,-1200.8464750581634,0.0,0.0,1.0,84.0
0.0,265.57455762471227,-1181.5505053728418,0.0,0.0,1.0,84.0
0.0,244.05327347957132,-1186.2966359027282,0.0,0.0,1.0,84.0
0.0,268.20516484665154,-1226.088728198388,0.0,0.0,1.0,84.0
0.0,275.7529804472392,-1192.6929246829889,0.0,0.0,1.0,84.0
0.0,266.4497268188238,-1179.525695504881,0.0,0.0,1.0,84.0
0.0,253.54824793433045,-1207.9077446358688,0.0,0.0,1.0,84.0
0.0,267.70514396053204,-1184.947252518621,0.0,0.0,1.0,84.0
0.0,279.06188441185805,-1180.6733255126162,0.0,0.0,1.0,84.0
0.0,286.6588643309003,-1222.4738826423513,0.0,0.0,1.0,84.0
0.0,244.41280318405597,-1187.559133570885,0.0,0.0,1.0,84.0
0.0,279.9634719191822,-1192.1875709990504,0.0,0.0,1.0,84.0
0.0,257.09979010797065,-1163.98305701181,0.0,0.0,1.0,84.0
0.0,267.3241071880452,-1213.102964205006,0.0,0.0,1.0,84.0
0.0,229.35697177563407,-1216.4127596178312,0.0,0.0,1.0,84.0
0.0,278.1360697249688,-1219.8754876778396,0.0,0.0,1.0,84.0
0.0,294.97793502979334,-1144.6792757810608,0.0,0.0,1.0,84.0
0.0,269.4232570055558,-1174.9831712578523,0.0,0.0,1.0,84.0
0.0,258.2260540226682,-1220.2649573544281,0.0,0.0,1.0,84.0
0.0,270.7160099610935,-1167.7148163425293,0.0,0.0,1.0,84.0
0.0,276.676646052103,-1204.4862198126787,0.0,0.0,1.0,84.0
0.0,278.90789545064786,-1196.1838325049903,0.0,0.0,1.0,84.0
0.0,289.46403225425775,-1166.0215453561082,0.0,0.0,1.0,84.0
0.0,281.20651706766785,-1219.1337948414364,0.0,0.0,1.0,84.0
0.0,284.46734011373064,-1220.7609496308814,0.0,0.0,1.0,84.0
0.0,452.33594260783184,-1176.2124559217852,0.0,0.0,1.0,85.0
0.0,450.4545068984605,-1186.2815206175997,0.0,0.0,1.0,85.0
0.0,477.90196450804933,-1172.3029399733578,0.0,0.0,1.0,85.0
0.0,470.99264785666446,-1149.1383453693688,0.0,0.0,1.0,85.0
0.0,452.88616277111805,-1163.680296706808,0.0,0.0,1.0,85.0
0.0,431.63512132035976,-1158.6904847151181,0.0,0.0,1.0,85.0
0.0,446.82516945938414,-1168.3238809890665,0.0,0.0,1.0,85.0
0.0,450.88654706206285,-1166.7819809074829,0.0,0.0,1.0,85.0
0.0,471.24263721583657,-1198.42176981105,0.0,0.0,1.0,85.0
0.0,455.3213698842799,-1153.1797904328835,0.0,0.0,1.0,85.0
0.0,451.23388791189836,-1170.1719959316267,0.0,0.0,1.0,85.0
0.0,435.027973795643,-1189.4670906760896,0.0,0.0,1.0,85.0
0.0,439.9640205676619,-1161.9897778914024,0.0,0.0,1.0,85.0
0.0,473.57248434023245,-1196.4631013200674,0.0,0.0,1.0,85.0
0.0,455.45345072997884,-1177.769425892516,0.0,0.0,1.0,85.0
0.0,471.21372092154024,-1181.7883845199783,0.0,0.0,1.0,85.0
0.0,468.1420076986715,-1164.6648044223525,0.0,0.0,1.0,85.0
0.0,449.6894019034198,-1160.6526388347056,0.0,0.0,1.0,85.0
0.0,459.4808944847564,-1186.4435925027374,0.0,0.0,1.0,85.0
0.0,448.6491103924834,-1161.2889870548133,0.0,0.0,1.0,85.0
0.0,487.6862342132654,-1137.9389785737155,0.0,0.0,1.0,85.0
0.0,477.80320180691206,-1175.070716056093,0.0,0.0,1.0,85.0
0.0,508.7714438173473,-1141.9574881461144,0.0,0.0,1.0,85.0
0.0,468.9502179693327,-1167.2971138625364,0.0,0.0,1.0,85.0
0.0,477.69897153966144,-1149.4245599669784,0.0,0.0,1.0,85.0
0.0,505.59918914910327,-1167.0228878114062,0.0,0.0,1.0,85.0
0.0,502.12225687709997,-1130.483300997031,0.0,0.0,1.0,85.0
0.0,484.01585391313074,-1137.5503548636461,0.0,0.0,1.0,85.0
0.0,526.2454337615368,-1104.2625603168242,0.0,0.0,1.0,85.0
0.0,485.76291721593907,-1132.6057960866399,0.0,0.0,1.0,85.0
0.0,505.8247779457779,-1165.0605050281765,0.0,0.0,1.0,85.0
0.0,493.51039733055904,-1143.1721844407916,0.0,0.0,1.0,85.0
0.0,485.44274274759846,-1095.7421769564821,0.0,0.0,1.0,85.0
0.0,464.4269873690207,-1084.8228637070565,0.0,0.0,1.0,85.0
0.0,459.6196665107659,-1093.0107507834089,0.0,0.0,1.0,85.0
0.0,487.3711818498266,-1088.1671331161692,0.0,0.0,1.0,85.0
0.0,521.093123631395,-1106.183905551417,0.0,0.0,1.0,85.0
0.0,508.4249696192528,-1104.3997760416357,0.0,0.0,1.0,85.0
0.0,515.9266417628476,-1083.7106511955606,0.0,0.0,1.0,85.0
0.0,504.9726244948449,-1109.6749691912535,0.0,0.0,1.0,85.0
0.0,507.8277191595,-1084.0877150351523,0.0,0.0,1.0,85.0
0.0,464.0551466658949,-1028.8046272565045,0.0,0.0,1.0,85.0
0.0,462.03366371102766,-1055.3329303735816,0.0,0.0,1.0,85.0
0.0,455.07058755620324,-1041.9781305038641,0.0,0.0,1.0,85.0
0.0,447.9471271462751,-1071.1921676300838,0.0,0.0,1.0,85.0
0.0,464.9557546764365,-1049.8794979101665,0.0,0.0,1.0,85.0
0.0,441.14864591654714,-1058.7828149422812,0.0,0.0,1.0,85.0
0.0,471.36064845435476,-1032.0554446430626,0.0,0.0,1.0,85.0
0.0,471.5057883338527,-1063.8942260574768,0.0,0.0,1.0,85.0
0.0,467.88348662445696,-1044.316633033075,0.0,0.0,1.0,85.0
0.0,514.6288604151086,-1037.3945451902805,0.0,0.0,1.0,85.0
0.0,469.62335106734076,-1068.598312711645,0.0,0.0,1.0,85.0
0.0,470.2570700270212,-1047.7211532421609,0.0,0.0,1.0,85.0
0.0,478.2446447553971,-1063.2768117627836,0.0,0.0,1.0,85.0
0.0,477.1141410122045,-1060.5197543496224,0.0,0.0,1.0,85.0
0.0,465.1056570568319,-1060.7043562972397,0.0,0.0,1.0,85.0
0.0,465.07585342893117,-1053.4898041700308,0.0,0.0,1.0,85.0
0.0,449.81979158691547,-1057.1051312683155,0.0,0.0,1.0,85.0
0.0,477.66441142651456,-1066.6388531148114,0.0,0.0,1.0,85.0
0.0,470.3615987720066,-1091.8617724947671,0.0,0.0,1.0,85.0
0.0,461.09645659310627,-1055.3990573493647,0.0,0.0,1.0,85.0
0.0,471.0009849945468,-1037.387817963084,0.0,0.0,1.0,85.0
0.0,469.91535395011533,-1044.8286514468673,0.0,0.0,1.0,85.0
0.0,481.1148349563214,-1059.4501537031977,0.0,0.0,1.0,85.0
0.0,477.21238325397985,-1081.4678452962958,0.0,0.0,1.0,85.0
0.0,478.49397275340766,-1059.3509153608316,0.0,0.0,1.0,85.0
0.0,439.6548027832557,-1058.3484694064541,0.0,0.0,1.0,85.0
0.0,405.39875362951034,-1030.3479691906023,0.0,0.0,1.0,85.0
0.0,413.8768947013639,-1107.1594324494506,0.0,0.0,1.0,85.0
0.0,441.7936342448388,-1036.9737883445691,0.0,0.0,1.0,85.0
0.0,423.8207917713046,-1064.2745086992059,0.0,0.0,1.0,85.0
0.0,408.95726148017593,-1065.724874049018,0.0,0.0,1.0,85.0
0.0,406.9735248152949,-1054.4235351306663,0.0,0.0,1.0,85.0
0.0,413.2435474140643,-1062.186178308261,0.0,0.0,1.0,85.0
0.0,443.0144587282007,-1045.6177920300756,0.0,0.0,1.0,85.0
0.0,431.1308029783047,-1083.9303285694377,0.0,0.0,1.0,85.0
0.0,400.21428138476176,-1007.3605968529705,0.0,0.0,1.0,85.0
0.0,407.1072929671127,-1107.9647171174324,0.0,0.0,1.0,85.0
0.0,397.76772444090466,-1068.793242335874,0.0,0.0,1.0,85.0
0.0,417.8461078644027,-1050.9586736682286,0.0,0.0,1.0,85.0
0.0,383.5218671566365,-1043.1423021054188,0.0,0.0,1.0,85.0
0.0,421.35284977311494,-1033.6776440802782,0.0,0.0,1.0,85.0
0.0,443.3565294164773,-1053.3167055637248,0.0,0.0,1.0,85.0
0.0,393.5740032205513,-1046.6757870162069,0.0,0.0,1.0,85.0
0.0,425.10619917502277,-1064.1486377484205,0.0,0.0,1.0,85.0
0.0,408.9379923757019,-1071.3027124812527,0.0,0.0,1.0,85.0
0.0,408.37987399863187,-1057.2941392389182,0.0,0.0,1.0,85.0
0.0,430.3687173490591,-1045.4180987647642,0.0,0.0,1.0,85.0
0.0,427.2853097467589,-1024.6924017112037,0.0,0.0,1.0,85.0
0.0,406.4739339506609,-1055.1849359969824,0.0,0.0,1.0,85.0
0.0,416.77838592177045,-1069.1556910256716,0.0,0.0,1.0,85.0
0.0,450.9316498098956,-1077.21824331011,0.0,0.0,1.0,85.0
0.0,404.8613907179165,-1064.1648040994603,0.0,0.0,1.0,85.0
0.0,438.9335659336466,-1049.3612213678305,0.0,0.0,1.0,85.0
0.0,425.0385324930835,-1048.3167325779373,0.0,0.0,1.0,85.0
0.0,418.8729054571361,-1070.4911756918125,0.0,0.0,1.0,85.0
0.0,364.0061500726015,-1082.4906799941302,0.0,0.0,1.0,85.0
0.0,418.07971802907423,-1099.6453551463662,0.0,0.0,1.0,85.0
0.0,385.04732007507573,-1087.950096036473,0.0,0.0,1.0,85.0
0.0,389.06893946469654,-1093.927381720625,0.0,0.0,1.0,85.0
0.0,411.0388056634754,-1091.1935962729656,0.0,0.0,1.0,85.0
0.0,382.7183807235617,-1080.0689069298546,0.0,0.0,1.0,85.0
0.0,385.87549566173357,-1057.4665475692261,0.0,0.0,1.0,85.0
0.0,409.8198033223275,-1081.2604148926341,0.0,0.0,1.0,85.0
0.0,409.22551839510834,-1103.1413266222023,0.0,0.0,1.0,85.0
0.0,402.9726678246725,-1073.5558238110782,0.0,0.0,1.0,85.0
0.0,371.3426616960942,-1048.822656687662,0.0,0.0,1.0,85.0
0.0,400.78327399006366,-1120.2490753040067,0.0,0.0,1.0,85.0
0.0,382.61846175576784,-1075.2860071544176,0.0,0.0,1.0,85.0
0.0,383.65095211087237,-1068.4597597000577,0.0,0.0,1.0,85.0
0.0,374.90809243425247,-1061.041285991419,0.0,0.0,1.0,85.0
0.0,396.2603509123155,-1090.4936483580589,0.0,0.0,1.0,85.0
0.0,382.46656124501305,-1070.3484845793434,0.0,0.0,1.0,85.0
0.0,372.23846155572437,-1090.1613794564018,0.0,0.0,1.0,85.0
0.0,391.4774062430615,-1083.0623444831924,0.0,0.0,1.0,85.0
0.0,384.88014806698425,-1086.027558380372,0.0,0.0,1.0,85.0
0.0,388.8718819735336,-1086.9480640706004,0.0,0.0,1.0,85.0
0.0,398.23553893071494,-1095.02874733009,0.0,0.0,1.0,85.0
0.0,369.0075761625096,-1071.373892490039,0.0,0.0,1.0,85.0
0.0,390.54289228511493,-1115.870398735917,0.0,0.0,1.0,85.0
0.0,392.94323103628994,-1085.8376139259074,0.0,0.0,1.0,85.0
0.0,369.4193161019855,-1094.9260016513242,0.0,0.0,1.0,85.0
0.0,382.9917288145075,-1101.6152468560317,0.0,0.0,1.0,85.0
0.0,388.3605107764349,-1087.983557364735,0.0,0.0,1.0,85.0
0.0,369.7593245778462,-1074.057893760503,0.0,0.0,1.0,85.0
0.0,380.9625502078727,-1067.3583125145321,0.0,0.0,1.0,85.0
0.0,377.3555611371437,-1056.2848911382198,0.0,0.0,1.0,85.0
0.0,376.0939930967236,-1085.2667949166337,0.0,0.0,1.0,85.0
0.0,384.3881446527637,-1096.3313233368738,0.0,0.0,1.0,85.0
0.0,412.01603254191036,-1106.4531780874656,0.0,0.0,1.0,85.0
0.0,382.77219535054246,-1128.4764279983078,0.0,0.0,1.0,85.0
0.0,385.49121441670854,-1149.6182338737144,0.0,0.0,1.0,85.0
0.0,368.511847856744,-1127.930780014724,0.0,0.0,1.0,85.0
0.0,402.3164384540323,-1143.37427000191,0.0,0.0,1.0,85.0
0.0,389.86362033810724,-1155.1274493794444,0.0,0.0,1.0,85.0
0.0,392.15456356888967,-1116.1633858516805,0.0,0.0,1.0,85.0
0.0,351.8384022019843,-1139.4595514312637,0.0,0.0,1.0,85.0
0.0,387.86127916188957,-1145.1441618410665,0.0,0.0,1.0,85.0
0.0,390.76838158887426,-1132.095843028003,0.0,0.0,1.0,85.0
0.0,383.30079523353015,-1141.0053691751368,0.0,0.0,1.0,85.0
0.0,354.46856360419497,-1110.4710586669032,0.0,0.0,1.0,85.0
0.0,338.473132876456,-1107.478814378341,0.0,0.0,1.0,85.0
0.0,375.85121662222787,-1156.6521044899894,0.0,0.0,1.0,85.0
0.0,374.69602756955965,-1122.7705128395926,0.0,0.0,1.0,85.0
0.0,377.7610689820797,-1135.5384840390284,0.0,0.0,1.0,85.0
0.0,378.47542720718457,-1144.9469795849107,0.0,0.0,1.0,85.0
0.0,378.14536984454344,-1146.6815996705589,0.0,0.0,1.0,85.0
0.0,352.95842380232443,-1124.480509552749,0.0,0.0,1.0,85.0
0.0,389.52611515963486,-1091.7351815785266,0.0,0.0,1.0,85.0
0.0,361.36389718603004,-1130.6029305795764,0.0,0.0,1.0,85.0
0.0,409.4699235388355,-1135.3331528816914,0.0,0.0,1.0,85.0
0.0,364.48334298368445,-1142.1409204438157,0.0,0.0,1.0,85.0
0.0,373.0601908528474,-1106.4913450866854,0.0,0.0,1.0,85.0
0.0,380.88094814708984,-1141.3995161701823,0.0,0.0,1.0,85.0
0.0,378.73105052769074,-1125.7487223555077,0.0,0.0,1.0,85.0
0.0,357.3878130433077,-1146.6870840052527,0.0,0.0,1.0,85.0
0.0,401.1911509581096,-1153.8039082989733,0.0,0.0,1.0,85.0
0.0,369.4791597716794,-1145.251522781046,0.0,0.0,1.0,85.0
0.0,384.11085801012337,-1084.749313166056,0.0,0.0,1.0,85.0
0.0,363.9728345893975,-1124.4270296121197,0.0,0.0,1.0,85.0
0.0,366.5302001977843,-1139.372473523257,0.0,0.0,1.0,85.0
0.0,364.21787425298226,-1130.7219968975144,0.0,0.0,1.0,85.0
0.0,415.81412874253965,-1087.0815204100384,0.0,0.0,1.0,85.0
0.0,377.3763554138361,-1127.9551010773132,0.0,0.0,1.0,85.0
0.0,393.0999628833756,-1130.841274793094,0.0,0.0,1.0,85.0
0.0,384.35126676091136,-1128.071021522262,0.0,0.0,1.0,85.0
0.0,366.0096364174765,-1141.9409824344546,0.0,0.0,1.0,85.0
0.0,396.2565532025035,-1176.989835147467,0.0,0.0,1.0,85.0
0.0,410.5234218048854,-1168.0296926395044,0.0,0.0,1.0,85.0
0.0,399.63619063092415,-1158.3016060107657,0.0,0.0,1.0,85.0
0.0,405.1471211253115,-1178.5392990757916,0.0,0.0,1.0,85.0
0.0,406.58077447626374,-1153.0200994075224,0.0,0.0,1.0,85.0
0.0,877.1628496322451,-930.9621899524734,0.0,0.0,1.0,86.0
0.0,874.772389344268,-975.0600131720887,0.0,0.0,1.0,86.0
0.0,887.4305778834687,-960.7479400422101,0.0,0.0,1.0,86.0
0.0,838.497866549103,-936.4918418802702,0.0,0.0,1.0,86.0
0.0,886.492326378464,-924.2736945727033,0.0,0.0,1.0,86.0
0.0,883.2558093452494,-946.0686209181338,0.0,0.0,1.0,86.0
0.0,884.7494256801501,-934.1859835182843,0.0,0.0,1.0,86.0
0.0,842.4847268398385,-960.9777471730226,0.0,0.0,1.0,86.0
0.0,863.7293220483548,-954.4093328502256,0.0,0.0,1.0,86.0
0.0,870.1677786644459,-939.8984320151162,0.0,0.0,1.0,86.0
0.0,864.2779539498374,-953.8462238113559,0.0,0.0,1.0,86.0
0.0,873.1659642223035,-907.1303681749889,0.0,0.0,1.0,86.0
0.0,836.1709757636941,-947.1479288383669,0.0,0.0,1.0,86.0
0.0,881.2475835851051,-944.8841552708905,0.0,0.0,1.0,86.0
0.0,880.5721252542094,-938.365982821794,0.0,0.0,1.0,86.0
0.0,851.2401359093751,-947.9435344894,0.0,0.0,1.0,86.0
0.0,839.3371546170029,-966.7838487957088,0.0,0.0,1.0,86.0
0.0,876.1776019276499,-960.0068733311941,0.0,0.0,1.0,86.0
0.0,851.6481847594282,-947.8488901387848,0.0,0.0,1.0,86.0
0.0,890.732535082178,-933.2203280286819,0.0,0.0,1.0,86.0
0.0,874.3325075937805,-943.4294497244055,0.0,0.0,1.0,86.0
0.0,875.8050152020201,-933.7117762225812,0.0,0.0,1.0,86.0
0.0,876.293436597733,-965.1916332392848,0.0,0.0,1.0,86.0
0.0,863.660694439061,-936.883565349143,0.0,0.0,1.0,86.0
0.0,878.6886320217241,-958.5442066846254,0.0,0.0,1.0,86.0
0.0,864.630234836633,-948.3784925319828,0.0,0.0,1.0,86.0
0.0,871.7839307339364,-926.4794607181557,0.0,0.0,1.0,86.0
0.0,871.6925383914781,-927.1498796837723,0.0,0.0,1.0,86.0
0.0,856.9163300872833,-926.2061477839145,0.0,0.0,1.0,86.0
0.0,871.2757321727017,-921.3166359668721,0.0,0.0,1.0,86.0
0.0,887.7112768148504,-919.8063318875852,0.0,0.0,1.0,86.0
0.0,891.5668418308728,-920.5587715199056,0.0,0.0,1.0,86.0
0.0,862.1180711572406,-925.2562601104532,0.0,0.0,1.0,86.0
0.0,886.2729019160611,-938.606391956582,0.0,0.0,1.0,86.0
0.0,858.9117504364021,-943.0044726987724,0.0,0.0,1.0,86.0
0.0,880.7834831475839,-925.4331619512468,0.0,0.0,1.0,86.0
0.0,868.2409999330771,-946.7522929552026,0.0,0.0,1.0,86.0
0.0,840.942775562416,-896.5486214296769,0.0,0.0,1.0,86.0
0.0,810.0711692848331,-895.1125844424923,0.0,0.0,1.0,86.0
0.0,811.6733969572856,-928.5145557798355,0.0,0.0,1.0,86.0
0.0,857.3143737446749,-902.6998814429775,0.0,0.0,1.0,86.0
0.0,812.4207342121726,-892.0928693511562,0.0,0.0,1.0,86.0
0.0,849.5705149606042,-906.7543075512684,0.0,0.0,1.0,86.0
0.0,847.7139943960942,-925.6002642696783,0.0,0.0,1.0,86.0
0.0,850.1311453616904,-900.6643011848643,0.0,0.0,1.0,86.0
0.0,808.9533012407437,-905.952423858443,0.0,0.0,1.0,86.0
0.0,855.2338669047708,-971.5056917100626,0.0,0.0,1.0,86.0
0.0,824.150507864098,-876.0682474543896,0.0,0.0,1.0,86.0
0.0,824.7486676897161,-920.32022002593,0.0,0.0,1.0,86.0
0.0,833.6856030673498,-933.3003551366455,0.0,0.0,1.0,86.0
0.0,816.5147880199761,-940.8659580322237,0.0,0.0,1.0,86.0
0.0,855.6244273569323,-890.8621951295293,0.0,0.0,1.0,86.0
0.0,822.2060232479275,-918.2177053094945,0.0,0.0,1.0,86.0
0.0,867.703536503765,-911.6995277234873,0.0,0.0,1.0,86.0
0.0,864.3276321029539,-911.1987481864672,0.0,0.0,1.0,86.0
0.0,839.475641838987,-900.1818098686025,0.0,0.0,1.0,86.0
0.0,842.4941327263796,-919.2768625328954,0.0,0.0,1.0,86.0
0.0,817.5902527556045,-931.9573096550137,0.0,0.0,1.0,86.0
0.0,853.074911670768,-885.1674641722357,0.0,0.0,1.0,86.0
0.0,788.3468166467669,-924.3246573158613,0.0,0.0,1.0,86.0
0.0,843.4022121409039,-909.4202886074492,0.0,0.0,1.0,86.0
0.0,858.0704064800448,-904.9950261198511,0.0,0.0,1.0,86.0
0.0,820.616698899757,-914.60628386004,0.0,0.0,1.0,86.0
0.0,836.4250218825332,-903.2446392265181,0.0,0.0,1.0,86.0
0.0,850.338880550566,-895.4140595330291,0.0,0.0,1.0,86.0
0.0,803.0843623654396,-895.6786685511024,0.0,0.0,1.0,86.0
0.0,788.7653670207933,-897.2937421359935,0.0,0.0,1.0,86.0
0.0,792.6060782922937,-901.6706125126092,0.0,0.0,1.0,86.0
0.0,775.4800708203488,-902.9555981131033,0.0,0.0,1.0,86.0
0.0,768.8952603715511,-906.4281605111188,0.0,0.0,1.0,86.0
0.0,799.4559999069957,-908.9240772899997,0.0,0.0,1.0,86.0
0.0,762.4535185953569,-925.8734321166171,0.0,0.0,1.0,86.0
0.0,800.8523022421518,-913.5086631189422,0.0,0.0,1.0,86.0
0.0,765.3480987080907,-893.6552572275488,0.0,0.0,1.0,86.0
0.0,786.5093430887027,-897.5982521524065,0.0,0.0,1.0,86.0
0.0,798.6269144327457,-927.6704725693994,0.0,0.0,1.0,86.0
0.0,818.2413854374422,-898.0511884236455,0.0,0.0,1.0,86.0
0.0,801.118102072373,-902.0068580741845,0.0,0.0,1.0,86.0
0.0,782.9061658531259,-910.6835165728687,0.0,0.0,1.0,86.0
0.0,781.3934577341201,-910.6620443065505,0.0,0.0,1.0,86.0
0.0,748.5787691414712,-906.5469357118232,0.0,0.0,1.0,86.0
0.0,761.9483187748997,-884.7609720740564,0.0,0.0,1.0,86.0
0.0,782.0980824675203,-903.4738877361295,0.0,0.0,1.0,86.0
0.0,774.7660040393789,-903.9796201902092,0.0,0.0,1.0,86.0
0.0,801.3484096356237,-890.7185038098105,0.0,0.0,1.0,86.0
0.0,820.8548308141303,-974.048604871572,0.0,0.0,1.0,86.0
0.0,780.5654404139591,-911.6000805037914,0.0,0.0,1.0,86.0
0.0,764.3447124669824,-912.848007241986,0.0,0.0,1.0,86.0
0.0,789.7294849535128,-895.5513937889071,0.0,0.0,1.0,86.0
0.0,762.5998232582369,-916.119683048461,0.0,0.0,1.0,86.0
0.0,797.7428767649285,-911.614086359733,0.0,0.0,1.0,86.0
0.0,805.5443551694934,-898.2029999097582,0.0,0.0,1.0,86.0
0.0,803.1559484965815,-878.3089136028298,0.0,0.0,1.0,86.0
0.0,804.2022628688496,-942.7733705194655,0.0,0.0,1.0,86.0
0.0,797.6288708034012,-902.7737817038377,0.0,0.0,1.0,86.0
0.0,767.2638703982002,-915.3623643262575,0.0,0.0,1.0,86.0
0.0,761.1174823183969,-874.3896577784245,0.0,0.0,1.0,86.0
0.0,746.6162223685974,-939.5123096315922,0.0,0.0,1.0,86.0
0.0,736.184445161733,-942.0320646413115,0.0,0.0,1.0,86.0
0.0,753.5237395138961,-952.5853015486605,0.0,0.0,1.0,86.0
0.0,780.3256250080999,-983.0618456299433,0.0,0.0,1.0,86.0
0.0,763.2516556642995,-940.5849737308561,0.0,0.0,1.0,86.0
0.0,763.2381090470285,-958.4572972324261,0.0,0.0,1.0,86.0
0.0,775.3937716054838,-929.3960344441082,0.0,0.0,1.0,86.0
0.0,734.4200524997004,-952.9711975273706,0.0,0.0,1.0,86.0
0.0,754.5743759944748,-950.513384226429,0.0,0.0,1.0,86.0
0.0,758.4713846675372,-930.4211378343732,0.0,0.0,1.0,86.0
0.0,753.7900831294314,-941.8089557399883,0.0,0.0,1.0,86.0
0.0,733.3475931627236,-935.9014231582203,0.0,0.0,1.0,86.0
0.0,738.5188222070624,-942.4309829679798,0.0,0.0,1.0,86.0
0.0,754.4077109376499,-928.6905634511563,0.0,0.0,1.0,86.0
0.0,731.4109473579911,-954.4430055611447,0.0,0.0,1.0,86.0
0.0,747.2159713272458,-934.2831251642506,0.0,0.0,1.0,86.0
0.0,725.1449850705626,-952.659051319916,0.0,0.0,1.0,86.0
0.0,744.6312109976752,-942.1365380257582,0.0,0.0,1.0,86.0
0.0,727.2096056433675,-953.5368082500124,0.0,0.0,1.0,86.0
0.0,823.19601193271,-939.9153168882208,0.0,0.0,1.0,86.0
0.0,755.2359930997773,-957.9344981022862,0.0,0.0,1.0,86.0
0.0,748.2972673136351,-945.3841460067965,0.0,0.0,1.0,86.0
0.0,793.2067367661934,-912.3097962632659,0.0,0.0,1.0,86.0
0.0,739.8248050991556,-946.3808154645258,0.0,0.0,1.0,86.0
0.0,772.6114052730509,-931.0578186557555,0.0,0.0,1.0,86.0
0.0,755.2409948884565,-954.0166843511568,0.0,0.0,1.0,86.0
0.0,723.2307151660093,-913.0985080701971,0.0,0.0,1.0,86.0
0.0,731.9109000514918,-946.0002771560944,0.0,0.0,1.0,86.0
0.0,745.6824375440528,-955.66379306917,0.0,0.0,1.0,86.0
0.0,723.8650443762103,-997.5323962472585,0.0,0.0,1.0,86.0
0.0,748.2770088915327,-983.9613195578097,0.0,0.0,1.0,86.0
0.0,756.5690136468625,-1006.6732048165727,0.0,0.0,1.0,86.0
0.0,803.259625604514,-1004.2985433131976,0.0,0.0,1.0,86.0
0.0,736.9043240037017,-1005.734567241439,0.0,0.0,1.0,86.0
0.0,754.0182113776477,-961.2053722023561,0.0,0.0,1.0,86.0
0.0,813.348775906346,-1018.3545329609201,0.0,0.0,1.0,86.0
0.0,719.7092023218502,-983.9650682802003,0.0,0.0,1.0,86.0
0.0,751.8843550792317,-988.7731003708673,0.0,0.0,1.0,86.0
0.0,771.047146126893,-1011.0294754464494,0.0,0.0,1.0,86.0
0.0,834.617984947573,-960.6689588509757,0.0,0.0,1.0,86.0
0.0,782.2386687062362,-966.7217402293645,0.0,0.0,1.0,86.0
0.0,741.1638312292894,-1021.0519111373496,0.0,0.0,1.0,86.0
0.0,848.3961878984483,-1007.6869408256725,0.0,0.0,1.0,86.0
0.0,737.9123921067389,-987.4713364384208,0.0,0.0,1.0,86.0
0.0,740.5220795037308,-1022.144709527337,0.0,0.0,1.0,86.0
0.0,802.4332079381479,-943.5619111001402,0.0,0.0,1.0,86.0
0.0,747.5395300250589,-991.5361044598853,0.0,0.0,1.0,86.0
0.0,732.3346170621076,-1035.0601183851209,0.0,0.0,1.0,86.0
0.0,740.9352357376088,-990.5133680108052,0.0,0.0,1.0,86.0
0.0,730.0084559687248,-994.401454096972,0.0,0.0,1.0,86.0
0.0,731.6079730518532,-990.1569170823698,0.0,0.0,1.0,86.0
0.0,822.5373812892431,-1000.2318590033453,0.0,0.0,1.0,86.0
0.0,757.5454846173075,-997.5265450119118,0.0,0.0,1.0,86.0
0.0,756.8463281608497,-1022.9840342871739,0.0,0.0,1.0,86.0
0.0,755.2261870745356,-989.2998365578351,0.0,0.0,1.0,86.0
0.0,750.8992016566158,-995.9861405709114,0.0,0.0,1.0,86.0
0.0,790.0018632655933,-978.6220198800829,0.0,0.0,1.0,86.0
0.0,735.0344430445234,-1000.7171305626243,0.0,0.0,1.0,86.0
0.0,753.153545010041,-1011.0496981237325,0.0,0.0,1.0,86.0
0.0,765.6955025295847,-992.0805319854721,0.0,0.0,1.0,86.0
0.0,734.5027607419734,-988.1122710642721,0.0,0.0,1.0,86.0
0.0,758.9115893225776,-996.0974614939478,0.0,0.0,1.0,86.0
0.0,746.761963002707,-982.5287201664003,0.0,0.0,1.0,86.0
0.0,736.1372652724335,-1000.6384305129163,0.0,0.0,1.0,86.0
0.0,753.9834243556802,-1017.7964791805014,0.0,0.0,1.0,86.0
0.0,771.1430549096422,-1012.3959201425907,0.0,0.0,1.0,86.0
0.0,831.2917525925727,-1042.3265463797684,0.0,0.0,1.0,86.0
0.0,843.2669609027967,-1055.8731402966057,0.0,0.0,1.0,86.0
0.0,845.5437611402672,-1034.7491625995772,0.0,0.0,1.0,86.0
0.0,853.7101136996298,-1043.8921020772887,0.0,0.0,1.0,86.0
0.0,784.7902433374384,-1021.5296318703074,0.0,0.0,1.0,86.0
0.0,862.3164227047132,-1011.7388714667904,0.0,0.0,1.0,86.0
0.0,842.9943072252386,-1010.8390965666106,0.0,0.0,1.0,86.0
0.0,817.0676709827881,-986.790731067261,0.0,0.0,1.0,86.0
0.0,777.9440972242614,-1041.4002620629826,0.0,0.0,1.0,86.0
0.0,866.9432732989194,-993.9824151860075,0.0,0.0,1.0,86.0
0.0,835.4042927998739,-1044.57254637064,0.0,0.0,1.0,86.0
0.0,820.6383656024245,-1000.7792330080138,0.0,0.0,1.0,86.0
0.0,827.758309187142,-1030.0626272642928,0.0,0.0,1.0,86.0
0.0,876.91745556044,-1033.7314523775253,0.0,0.0,1.0,86.0
0.0,828.8261029861942,-1037.2166416749453,0.0,0.0,1.0,86.0
0.0,870.382036587615,-1026.0018148264555,0.0,0.0,1.0,86.0
0.0,835.6334470404286,-1023.5521670213045,0.0,0.0,1.0,86.0
0.0,864.2480819586303,-1035.575513624202,0.0,0.0,1.0,86.0
0.0,868.9846470807302,-1022.6594321995497,0.0,0.0,1.0,86.0
0.0,868.0978039633214,-1013.3611036024845,0.0,0.0,1.0,86.0
0.0,825.4028414726281,-1019.6856812514986,0.0,0.0,1.0,86.0
0.0,876.066537616181,-1000.4086598435636,0.0,0.0,1.0,86.0
0.0,877.146794388203,-965.2774367525103,0.0,0.0,1.0,86.0
0.0,880.0401581168385,-1005.4457210519099,0.0,0.0,1.0,86.0
0.0,839.2810712045866,-958.7916382761789,0.0,0.0,1.0,86.0
0.0,892.0161523769743,-1001.72550781675,0.0,0.0,1.0,86.0
0.0,892.9424182719094,-999.2255498385096,0.0,0.0,1.0,86.0
0.0,852.3799289308636,-980.7543069360504,0.0,0.0,1.0,86.0
0.0,900.6595347057732,-1000.4468132364993,0.0,0.0,1.0,86.0
0.0,873.2867005589383,-1012.1371476348243,0.0,0.0,1.0,86.0
0.0,901.806523705281,-978.1082984569323,0.0,0.0,1.0,86.0
0.0,877.7663096838537,-1000.3480008370273,0.0,0.0,1.0,86.0
0.0,894.4904217993376,-992.8414151357993,0.0,0.0,1.0,86.0
0.0,816.582957438613,-952.92554115395,0.0,0.0,1.0,86.0
0.0,884.1544759334224,-973.7248720955263,0.0,0.0,1.0,86.0
0.0,851.0739705603323,-1010.7694349777883,0.0,0.0,1.0,86.0
0.0,877.8039459261795,-988.18041037323,0.0,0.0,1.0,86.0
0.0,861.6627061489094,-998.2022100226964,0.0,0.0,1.0,86.0
0.0,859.6248898001481,-965.7740203059109,0.0,0.0,1.0,86.0
0.0,850.4031961273763,-1009.124653572499,0.0,0.0,1.0,86.0
0.0,866.8127249950703,-985.0308617629662,0.0,0.0,1.0,86.0
0.0,854.0722184427718,-980.7056802144323,0.0,0.0,1.0,86.0
0.0,885.2941513420378,-1020.170085401093,0.0,0.0,1.0,86.0
0.0,872.0016891525734,-985.1258025958346,0.0,0.0,1.0,86.0
0.0,864.8974324817777,-983.2568021610655,0.0,0.0,1.0,86.0
0.0,855.3991952925289,-1019.5439890635655,0.0,0.0,1.0,86.0
0.0,901.5887411641575,-970.658804576266,0.0,0.0,1.0,86.0
0.0,899.7611744195301,-980.7323700864699,0.0,0.0,1.0,86.0
0.0,881.4679118906238,-944.7684953983355,0.0,0.0,1.0,86.0
0.0,885.3321229813259,-1013.8359998831165,0.0,0.0,1.0,86.0
0.0,890.6845783825943,-976.4819708945072,0.0,0.0,1.0,86.0
0.0,871.0480645052253,-1003.423527928634,0.0,0.0,1.0,86.0
0.0,883.2025015416425,-993.447228053245,0.0,0.0,1.0,86.0
0.0,876.5560295018927,-970.4501939960057,0.0,0.0,1.0,86.0
0.0,875.6219648772599,-926.7294968329525,0.0,0.0,1.0,86.0
0.0,903.087275315007,-999.4084417436561,0.0,0.0,1.0,86.0
0.0,892.1190802165679,-991.835552101169,0.0,0.0,1.0,86.0
0.0,878.3715524468198,-1012.3920561896844,0.0,0.0,1.0,86.0
0.0,972.6579539351483,-891.6812795918254,0.0,0.0,1.0,87.0
0.0,980.0015930756767,-902.7663478866143,0.0,0.0,1.0,87.0
0.0,1005.9607988865432,-913.6136661429559,0.0,0.0,1.0,87.0
0.0,976.2825789088106,-907.4119804725559,0.0,0.0,1.0,87.0
0.0,947.5884649756504,-854.997218162233,0.0,0.0,1.0,87.0
0.0,981.8764945632879,-913.7763268420209,0.0,0.0,1.0,87.0
0.0,945.6002332622434,-917.1155711909487,0.0,0.0,1.0,87.0
0.0,963.6239153831052,-916.7258331575831,0.0,0.0,1.0,87.0
0.0,996.881357116918,-918.3338962721493,0.0,0.0,1.0,87.0
0.0,981.9768865569945,-880.7447996702274,0.0,0.0,1.0,87.0
0.0,980.1371546679065,-910.317296070569,0.0,0.0,1.0,87.0
0.0,1007.7684805775739,-894.3914422807644,0.0,0.0,1.0,87.0
0.0,962.6497653134461,-837.5628565749773,0.0,0.0,1.0,87.0
0.0,959.6622189621257,-906.7938028680907,0.0,0.0,1.0,87.0
0.0,1001.6220280954849,-908.1814811539728,0.0,0.0,1.0,87.0
0.0,983.2247989330513,-904.9683348596484,0.0,0.0,1.0,87.0
0.0,992.4826559054268,-917.1631713100198,0.0,0.0,1.0,87.0
0.0,977.0983940399697,-915.3917324915963,0.0,0.0,1.0,87.0
0.0,970.9852292741075,-903.6259644993363,0.0,0.0,1.0,87.0
0.0,989.6503832037693,-908.050969530272,0.0,0.0,1.0,87.0
0.0,989.1666020427997,-923.327202559436,0.0,0.0,1.0,87.0
0.0,943.3333479107037,-873.5330920125446,0.0,0.0,1.0,87.0
0.0,992.3262074274908,-894.360106955318,0.0,0.0,1.0,87.0
0.0,986.1472297806981,-882.8524595225715,0.0,0.0,1.0,87.0
0.0,987.1049454543327,-896.3294690996465,0.0,0.0,1.0,87.0
0.0,930.6498235858744,-866.9225932631449,0.0,0.0,1.0,87.0
0.0,974.5082577178923,-907.4672967580843,0.0,0.0,1.0,87.0
0.0,965.0474014441616,-902.3751216096272,0.0,0.0,1.0,87.0
0.0,977.4752803848864,-898.3387121701123,0.0,0.0,1.0,87.0
0.0,963.3287472908182,-888.7877133577157,0.0,0.0,1.0,87.0
0.0,977.8799821989337,-910.1141926411112,0.0,0.0,1.0,87.0
0.0,982.1015312926897,-897.6432861843597,0.0,0.0,1.0,87.0
0.0,974.4026430878093,-912.1816650275246,0.0,0.0,1.0,87.0
0.0,966.7843288869203,-909.8220381888992,0.0,0.0,1.0,87.0
0.0,976.1946010371785,-882.5089412220228,0.0,0.0,1.0,87.0
0.0,967.1189009951977,-902.103563954613,0.0,0.0,1.0,87.0
0.0,963.888719049452,-916.8532464847781,0.0,0.0,1.0,87.0
0.0,954.0630564471853,-910.2836503702512,0.0,0.0,1.0,87.0
0.0,996.1792489013187,-897.8796625025254,0.0,0.0,1.0,87.0
0.0,961.7481422714968,-920.8501291932009,0.0,0.0,1.0,87.0
0.0,1013.8309833767958,-851.108176816629,0.0,0.0,1.0,87.0
0.0,1030.2598087304182,-816.3615892187581,0.0,0.0,1.0,87.0
0.0,1007.0176265426558,-878.1704277903857,0.0,0.0,1.0,87.0
0.0,970.6593871660671,-880.0745233557875,0.0,0.0,1.0,87.0
0.0,1023.8337728701235,-875.8526634859884,0.0,0.0,1.0,87.0
0.0,1005.3620226926614,-860.0404131828362,0.0,0.0,1.0,87.0
0.0,1019.826466299854,-889.6227692355351,0.0,0.0,1.0,87.0
0.0,1023.9212613044015,-872.1551871696379,0.0,0.0,1.0,87.0
0.0,1027.2931734652352,-861.3201136972033,0.0,0.0,1.0,87.0
0.0,1027.3207480572842,-852.6434851133532,0.0,0.0,1.0,87.0
0.0,1000.5042548620195,-870.2988492081319,0.0,0.0,1.0,87.0
0.0,1011.6289073722292,-873.6647893616006,0.0,0.0,1.0,87.0
0.0,1014.2012596376239,-907.3192549547969,0.0,0.0,1.0,87.0
0.0,1016.582566278445,-875.3750771408158,0.0,0.0,1.0,87.0
0.0,1014.1958572967078,-874.870855843955,0.0,0.0,1.0,87.0
0.0,971.1916311779223,-877.7855691522957,0.0,0.0,1.0,87.0
0.0,1029.756520430245,-852.6186036914229,0.0,0.0,1.0,87.0
0.0,1000.121054342339,-872.4477002403465,0.0,0.0,1.0,87.0
0.0,994.0865076782434,-891.3547005303436,0.0,0.0,1.0,87.0
0.0,1019.6367697379364,-872.906280288335,0.0,0.0,1.0,87.0
0.0,1010.1674642976918,-855.5830016279818,0.0,0.0,1.0,87.0
0.0,995.7718101136356,-865.8710670122858,0.0,0.0,1.0,87.0
0.0,972.9992006319712,-875.6557051223888,0.0,0.0,1.0,87.0
0.0,1005.062586987025,-897.1695971661217,0.0,0.0,1.0,87.0
0.0,1008.8453152363913,-895.0592277484129,0.0,0.0,1.0,87.0
0.0,1018.6153918316218,-818.3792004716257,0.0,0.0,1.0,87.0
0.0,939.8481374139551,-796.9490433254947,0.0,0.0,1.0,87.0
0.0,1029.895051905366,-819.4254380390764,0.0,0.0,1.0,87.0
0.0,1011.0950131182899,-843.7679460596069,0.0,0.0,1.0,87.0
0.0,1005.6209474398461,-857.8703456679465,0.0,0.0,1.0,87.0
0.0,1010.6233125143985,-810.4006288574448,0.0,0.0,1.0,87.0
0.0,1021.7973781833039,-811.9502758450391,0.0,0.0,1.0,87.0
0.0,1009.6056970346913,-815.6912203802832,0.0,0.0,1.0,87.0
0.0,968.8702311364596,-850.7742208933975,0.0,0.0,1.0,87.0
0.0,956.1303431224028,-797.3550225645727,0.0,0.0,1.0,87.0
0.0,1023.3110833325422,-825.6963052262763,0.0,0.0,1.0,87.0
0.0,1017.6045861737521,-799.4487894088235,0.0,0.0,1.0,87.0
0.0,1015.7114524863387,-824.8723333721796,0.0,0.0,1.0,87.0
0.0,1031.2357654923258,-859.7391945965584,0.0,0.0,1.0,87.0
0.0,1014.9788418419307,-832.920561842272,0.0,0.0,1.0,87.0
0.0,1014.8297734346943,-815.3847933250461,0.0,0.0,1.0,87.0
0.0,1021.7731853095679,-826.2714163134588,0.0,0.0,1.0,87.0
0.0,1037.041372521101,-824.2200996680496,0.0,0.0,1.0,87.0
0.0,1017.0091372399997,-840.8793439944346,0.0,0.0,1.0,87.0
0.0,1034.7250885679691,-807.9869075739808,0.0,0.0,1.0,87.0
0.0,1011.2310249846732,-837.283174475756,0.0,0.0,1.0,87.0
0.0,1035.1634133289067,-836.1512253882046,0.0,0.0,1.0,87.0
0.0,1030.830501491926,-840.8365588352768,0.0,0.0,1.0,87.0
0.0,1018.8219030993068,-817.4008741503166,0.0,0.0,1.0,87.0
0.0,1034.6749670938857,-816.8096095237332,0.0,0.0,1.0,87.0
0.0,1008.8505897064574,-834.9329232440435,0.0,0.0,1.0,87.0
0.0,1017.5566411942277,-819.4514890023532,0.0,0.0,1.0,87.0
0.0,1018.7694017207264,-841.2113168597643,0.0,0.0,1.0,87.0
0.0,1021.3011432230674,-814.1928383139921,0.0,0.0,1.0,87.0
0.0,1009.4220255873811,-832.3080258075665,0.0,0.0,1.0,87.0
0.0,1023.471393252044,-838.6780570644648,0.0,0.0,1.0,87.0
0.0,1008.3337229576055,-862.639265346796,0.0,0.0,1.0,87.0
0.0,1031.4957450249753,-823.0515199011836,0.0,0.0,1.0,87.0
0.0,960.998575845098,-816.1892073285159,0.0,0.0,1.0,87.0
0.0,1021.5177469190039,-844.7756141053511,0.0,0.0,1.0,87.0
0.0,1015.2765417052219,-807.2817914696046,0.0,0.0,1.0,87.0
0.0,1028.6675218842965,-821.7672980954168,0.0,0.0,1.0,87.0
0.0,1020.0460362079943,-822.4057417874815,0.0,0.0,1.0,87.0
0.0,933.7465381726765,-849.4983844541839,0.0,0.0,1.0,87.0
0.0,1039.8202221258002,-843.1848466443629,0.0,0.0,1.0,87.0
0.0,938.4661620161696,-843.9112154902581,0.0,0.0,1.0,87.0
0.0,924.8604432857019,-799.2722922168886,0.0,0.0,1.0,87.0
0.0,899.7575027540352,-849.9679099827961,0.0,0.0,1.0,87.0
0.0,899.4291310091376,-797.7668332427129,0.0,0.0,1.0,87.0
0.0,881.2272274667257,-788.4162587089285,0.0,0.0,1.0,87.0
0.0,950.4830846464988,-882.5057276866569,0.0,0.0,1.0,87.0
0.0,916.4140804866311,-803.1701507229676,0.0,0.0,1.0,87.0
0.0,878.1119640791958,-809.6089605103704,0.0,0.0,1.0,87.0
0.0,966.4877704072082,-854.9341623929236,0.0,0.0,1.0,87.0
0.0,921.5944087278235,-801.7571004708009,0.0,0.0,1.0,87.0
0.0,904.0002852871526,-815.7367369737442,0.0,0.0,1.0,87.0
0.0,905.4835651814738,-793.3884167880285,0.0,0.0,1.0,87.0
0.0,922.3283611637953,-797.5395261716806,0.0,0.0,1.0,87.0
0.0,901.8428147202148,-828.1285657854984,0.0,0.0,1.0,87.0
0.0,902.9754565710832,-812.7585025359541,0.0,0.0,1.0,87.0
0.0,888.0077462843815,-852.6062091309126,0.0,0.0,1.0,87.0
0.0,900.100023205116,-812.1184356132688,0.0,0.0,1.0,87.0
0.0,899.0103603189123,-826.1650480114556,0.0,0.0,1.0,87.0
0.0,911.0353183635257,-783.6285393401613,0.0,0.0,1.0,87.0
0.0,888.3629531562224,-807.8726443048733,0.0,0.0,1.0,87.0
0.0,914.4986947214175,-808.0285383903915,0.0,0.0,1.0,87.0
0.0,945.9250261381053,-820.3071042348906,0.0,0.0,1.0,87.0
0.0,898.0213025702137,-820.6970130450734,0.0,0.0,1.0,87.0
0.0,867.0010391487149,-790.7681796397435,0.0,0.0,1.0,87.0
0.0,950.2793098194247,-834.4047260899247,0.0,0.0,1.0,87.0
0.0,894.2482089200848,-808.2876108777914,0.0,0.0,1.0,87.0
0.0,905.1241471082581,-807.4761475202957,0.0,0.0,1.0,87.0
0.0,909.8116364687876,-832.4617862850149,0.0,0.0,1.0,87.0
0.0,915.7606778499639,-822.0795561942182,0.0,0.0,1.0,87.0
0.0,928.6923692534469,-865.7523077717309,0.0,0.0,1.0,87.0
0.0,892.6167900199412,-802.1946729769976,0.0,0.0,1.0,87.0
0.0,879.6767236282785,-800.5078065650449,0.0,0.0,1.0,87.0
0.0,943.8116849965668,-829.6521052719795,0.0,0.0,1.0,87.0
0.0,912.7091965552636,-801.2994311193625,0.0,0.0,1.0,87.0
0.0,888.5357806797424,-808.7597221181434,0.0,0.0,1.0,87.0
0.0,944.0210663803782,-822.5709902972612,0.0,0.0,1.0,87.0
0.0,919.8575081312124,-828.143375252401,0.0,0.0,1.0,87.0
0.0,884.9108905926128,-809.6020052561568,0.0,0.0,1.0,87.0
0.0,935.5566134612768,-854.7698910350729,0.0,0.0,1.0,87.0
0.0,909.7222183844692,-848.6617590379899,0.0,0.0,1.0,87.0
0.0,893.3673177745391,-805.8104792651592,0.0,0.0,1.0,87.0
0.0,912.0831916894044,-824.7482769025978,0.0,0.0,1.0,87.0
0.0,897.461037410108,-811.0961672847285,0.0,0.0,1.0,87.0
0.0,916.6052531934597,-812.7109582407325,0.0,0.0,1.0,87.0
0.0,901.1975886075434,-798.0048192416274,0.0,0.0,1.0,87.0
0.0,946.6797494143661,-908.583575439953,0.0,0.0,1.0,87.0
0.0,896.974229272189,-838.784268236699,0.0,0.0,1.0,87.0
0.0,900.365127820025,-873.5982303122538,0.0,0.0,1.0,87.0
0.0,911.7154439042033,-868.3651207306584,0.0,0.0,1.0,87.0
0.0,871.7532475971916,-846.0746979853184,0.0,0.0,1.0,87.0
0.0,940.8192213721018,-876.1929469156017,0.0,0.0,1.0,87.0
0.0,893.600674280266,-856.4774237575986,0.0,0.0,1.0,87.0
0.0,924.9945548880019,-885.4395575863214,0.0,0.0,1.0,87.0
0.0,930.6400089029671,-842.4245016172338,0.0,0.0,1.0,87.0
0.0,897.0536653932263,-855.9398562385401,0.0,0.0,1.0,87.0
0.0,926.1894256565438,-896.3951916304916,0.0,0.0,1.0,87.0
0.0,930.4093278377727,-863.5348809399392,0.0,0.0,1.0,87.0
0.0,882.0440274424031,-864.8405645878755,0.0,0.0,1.0,87.0
0.0,919.073746628641,-852.3795831012344,0.0,0.0,1.0,87.0
0.0,924.3115634751634,-886.4599361405017,0.0,0.0,1.0,87.0
0.0,896.8402304105739,-867.7885767541292,0.0,0.0,1.0,87.0
0.0,889.8753512089552,-857.3114611289583,0.0,0.0,1.0,87.0
0.0,906.677445634818,-851.2745398994681,0.0,0.0,1.0,87.0
0.0,888.9287471547391,-865.5416526249568,0.0,0.0,1.0,87.0
0.0,894.614164896409,-843.8180094454284,0.0,0.0,1.0,87.0
0.0,899.6922902498022,-872.500501657286,0.0,0.0,1.0,87.0
0.0,910.1059645895175,-867.6459298058347,0.0,0.0,1.0,87.0
0.0,908.3675170771903,-870.3654222499027,0.0,0.0,1.0,87.0
0.0,920.9712265798876,-869.1054835790676,0.0,0.0,1.0,87.0
0.0,886.1217993869654,-884.183356589516,0.0,0.0,1.0,87.0
0.0,900.1816244547872,-891.3212826491721,0.0,0.0,1.0,87.0
0.0,921.9614321912791,-849.0758457720033,0.0,0.0,1.0,87.0
0.0,968.3262795446985,-865.0962384817035,0.0,0.0,1.0,87.0
0.0,940.534950165309,-891.4923756649526,0.0,0.0,1.0,87.0
0.0,888.8441277820984,-836.6965675878281,0.0,0.0,1.0,87.0
0.0,903.0373891769332,-873.4901191936468,0.0,0.0,1.0,87.0
0.0,898.389679368041,-807.853966175633,0.0,0.0,1.0,87.0
0.0,933.4910779791189,-865.7181717923195,0.0,0.0,1.0,87.0
0.0,875.7184966622203,-860.8945868272273,0.0,0.0,1.0,87.0
0.0,895.7678825952039,-822.0112859925106,0.0,0.0,1.0,87.0
0.0,896.2245103401042,-842.2187879428519,0.0,0.0,1.0,87.0
0.0,903.9642238202373,-862.8215613316157,0.0,0.0,1.0,87.0
0.0,1021.3756470947451,-718.9157415831285,0.0,0.0,1.0,88.0
0.0,1008.8196021193671,-709.1008614431205,0.0,0.0,1.0,88.0
0.0,1035.4142084275636,-740.1572511178202,0.0,0.0,1.0,88.0
0.0,1039.6004286261136,-703.2855735381652,0.0,0.0,1.0,88.0
0.0,1040.1285681117683,-739.7370254332736,0.0,0.0,1.0,88.0
0.0,978.9376054272402,-695.3382980516075,0.0,0.0,1.0,88.0
0.0,1034.7823571206086,-720.9507824472005,0.0,0.0,1.0,88.0
0.0,1038.3608379860334,-727.4806596251675,0.0,0.0,1.0,88.0
0.0,1022.8353232902755,-704.4655489210716,0.0,0.0,1.0,88.0
0.0,1042.3208206941063,-731.4962254557954,0.0,0.0,1.0,88.0
0.0,993.3382437061441,-745.6015748352847,0.0,0.0,1.0,88.0
0.0,1033.7106624042704,-727.2753366716963,0.0,0.0,1.0,88.0
0.0,1031.6417248336215,-729.8291642071378,0.0,0.0,1.0,88.0
0.0,1046.1305106437162,-731.3188159555426,0.0,0.0,1.0,88.0
0.0,1031.650734327783,-729.273700399314,0.0,0.0,1.0,88.0
0.0,1045.4729360666643,-706.3552332822497,0.0,0.0,1.0,88.0
0.0,1034.2842567462435,-706.1593572025233,0.0,0.0,1.0,88.0
0.0,1010.1649144705539,-742.6551550946492,0.0,0.0,1.0,88.0
0.0,1049.4965712596963,-710.7728323918757,0.0,0.0,1.0,88.0
0.0,1040.3591904444684,-735.158473089528,0.0,0.0,1.0,88.0
0.0,1033.115557620033,-676.8793679204216,0.0,0.0,1.0,88.0
0.0,1015.9693463473873,-717.6104354356737,0.0,0.0,1.0,88.0
0.0,1036.7227602007806,-723.8390201258361,0.0,0.0,1.0,88.0
0.0,1048.3615623169148,-730.3756879980444,0.0,0.0,1.0,88.0
0.0,1043.087916470718,-725.6698359203017,0.0,0.0,1.0,88.0
0.0,1007.8961133481566,-734.6910838289297,0.0,0.0,1.0,88.0
0.0,1059.9717911331422,-735.8552819802462,0.0,0.0,1.0,88.0
0.0,1048.7822291343564,-733.864471868879,0.0,0.0,1.0,88.0
0.0,1033.6160480299113,-729.10112083862,0.0,0.0,1.0,88.0
0.0,1011.4941964747909,-725.9109189945037,0.0,0.0,1.0,88.0
0.0,1037.9006820032878,-723.8976999542288,0.0,0.0,1.0,88.0
0.0,1016.618560537825,-720.4952252687768,0.0,0.0,1.0,88.0
0.0,1044.6382932728725,-737.5367577415391,0.0,0.0,1.0,88.0
0.0,1035.0565968722558,-740.989709391144,0.0,0.0,1.0,88.0
0.0,1030.1752297902667,-722.1821261665973,0.0,0.0,1.0,88.0
0.0,1088.3607761497783,-696.0393197188658,0.0,0.0,1.0,88.0
0.0,1013.1861908502528,-747.5341783074218,0.0,0.0,1.0,88.0
0.0,1024.4783157998631,-741.2143355776728,0.0,0.0,1.0,88.0
0.0,1017.9360512966323,-736.8881471923014,0.0,0.0,1.0,88.0
0.0,1059.1226960450772,-709.5038068110545,0.0,0.0,1.0,88.0
0.0,1014.7900899750025,-738.1587630187408,0.0,0.0,1.0,88.0
0.0,986.7801119671008,-677.2484650849351,0.0,0.0,1.0,88.0
0.0,1082.4064691647654,-669.5935104843916,0.0,0.0,1.0,88.0
0.0,1077.160492284614,-679.4844733283719,0.0,0.0,1.0,88.0
0.0,1073.0238331157202,-711.3430964346719,0.0,0.0,1.0,88.0
0.0,1047.7235967425563,-712.901386704664,0.0,0.0,1.0,88.0
0.0,1116.4208919983735,-709.9070789196742,0.0,0.0,1.0,88.0
0.0,1055.528857065467,-736.6934149704214,0.0,0.0,1.0,88.0
0.0,1066.1228293368235,-675.1651248332771,0.0,0.0,1.0,88.0
0.0,1075.1477228172398,-702.4244849873742,0.0,0.0,1.0,88.0
0.0,1073.8618289336173,-709.3233890856947,0.0,0.0,1.0,88.0
0.0,1049.0527914753893,-685.3326438047017,0.0,0.0,1.0,88.0
0.0,1067.5936082943686,-710.637416011608,0.0,0.0,1.0,88.0
0.0,1051.1287745759187,-695.1844840743094,0.0,0.0,1.0,88.0
0.0,1091.0758478953298,-701.5271829760898,0.0,0.0,1.0,88.0
0.0,1067.2356965475815,-705.4283281017817,0.0,0.0,1.0,88.0
0.0,1091.0499506102865,-714.3938864028383,0.0,0.0,1.0,88.0
0.0,1082.007884817474,-692.1049185812884,0.0,0.0,1.0,88.0
0.0,1070.0494835723548,-703.823829333016,0.0,0.0,1.0,88.0
0.0,1072.956987483472,-687.8199887258642,0.0,0.0,1.0,88.0
0.0,1075.1784587506659,-717.0096504545414,0.0,0.0,1.0,88.0
0.0,1065.016917725276,-697.321974799325,0.0,0.0,1.0,88.0
0.0,1096.2363106579473,-701.6097210044659,0.0,0.0,1.0,88.0
0.0,1074.9823276798502,-718.8996610874223,0.0,0.0,1.0,88.0
0.0,1075.270518810808,-717.173891540234,0.0,0.0,1.0,88.0
0.0,1071.110892842346,-726.4927786964862,0.0,0.0,1.0,88.0
0.0,1095.2439178571835,-718.1448382249629,0.0,0.0,1.0,88.0
0.0,1072.8004721238412,-712.8257553662053,0.0,0.0,1.0,88.0
0.0,1084.9255799300713,-707.0299717493563,0.0,0.0,1.0,88.0
0.0,1083.8287960491075,-662.6494204600195,0.0,0.0,1.0,88.0
0.0,1077.5365740887605,-726.0876274561654,0.0,0.0,1.0,88.0
0.0,1056.1163108138503,-711.7740933431115,0.0,0.0,1.0,88.0
0.0,1056.1634476327426,-694.7304473961544,0.0,0.0,1.0,88.0
0.0,1067.2858798399898,-713.1660548660684,0.0,0.0,1.0,88.0
0.0,1038.0072276940264,-702.8059070862741,0.0,0.0,1.0,88.0
0.0,1048.4672824223148,-675.4516049014738,0.0,0.0,1.0,88.0
0.0,1061.8029911570284,-696.8178618799086,0.0,0.0,1.0,88.0
0.0,1115.942147162898,-682.266822221991,0.0,0.0,1.0,88.0
0.0,1095.991434027053,-662.8030773458428,0.0,0.0,1.0,88.0
0.0,1111.8973182912446,-658.7342505897988,0.0,0.0,1.0,88.0
0.0,1107.4876236112586,-666.461924745587,0.0,0.0,1.0,88.0
0.0,1062.561316148951,-643.1028089658333,0.0,0.0,1.0,88.0
0.0,1092.5879564749598,-649.4676154234791,0.0,0.0,1.0,88.0
0.0,1106.1992879005006,-639.4261401353008,0.0,0.0,1.0,88.0
0.0,1087.3311343941473,-660.6877442294383,0.0,0.0,1.0,88.0
0.0,1067.9574987251526,-651.1229717541659,0.0,0.0,1.0,88.0
0.0,1118.49822893801,-668.7643362502441,0.0,0.0,1.0,88.0
0.0,1096.5169078506801,-663.5247688683792,0.0,0.0,1.0,88.0
0.0,1112.4748775954436,-655.1806284853593,0.0,0.0,1.0,88.0
0.0,1073.8612641301893,-683.9859165395482,0.0,0.0,1.0,88.0
0.0,1100.6546115182095,-689.6712367578607,0.0,0.0,1.0,88.0
0.0,1115.3720220664654,-660.5925058916115,0.0,0.0,1.0,88.0
0.0,1110.5012199516036,-671.9383601764387,0.0,0.0,1.0,88.0
0.0,1099.6913503412902,-671.0082829810273,0.0,0.0,1.0,88.0
0.0,1090.8429034457354,-673.1177884878094,0.0,0.0,1.0,88.0
0.0,1104.8479074082675,-677.4822721715674,0.0,0.0,1.0,88.0
0.0,1116.2328023345412,-661.3767727117887,0.0,0.0,1.0,88.0
0.0,1102.7172044130875,-672.7745619386008,0.0,0.0,1.0,88.0
0.0,1107.9400250894146,-670.3464318230892,0.0,0.0,1.0,88.0
0.0,1098.098477908985,-706.9296929148605,0.0,0.0,1.0,88.0
0.0,1083.0090547175182,-675.3034527345208,0.0,0.0,1.0,88.0
0.0,1107.1769748199972,-663.7681162652389,0.0,0.0,1.0,88.0
0.0,1101.6880371135871,-672.6352104905604,0.0,0.0,1.0,88.0
0.0,1093.705174364863,-667.6365887851799,0.0,0.0,1.0,88.0
0.0,1106.3905217320457,-701.0357000930081,0.0,0.0,1.0,88.0
0.0,1107.268679581964,-678.0057869331685,0.0,0.0,1.0,88.0
0.0,1092.237467980403,-678.8515930029062,0.0,0.0,1.0,88.0
0.0,1093.40154243068,-665.4977836100595,0.0,0.0,1.0,88.0
0.0,1071.3213233824408,-671.7978529128585,0.0,0.0,1.0,88.0
0.0,1106.9036757193016,-672.1325012383132,0.0,0.0,1.0,88.0
0.0,1091.6494791020968,-668.9201786890741,0.0,0.0,1.0,88.0
0.0,1077.029952373733,-638.4578305168735,0.0,0.0,1.0,88.0
0.0,1087.9256111228042,-639.0998097024612,0.0,0.0,1.0,88.0
0.0,1074.4678560683055,-631.5927263467731,0.0,0.0,1.0,88.0
0.0,1089.323360475914,-598.5359864592697,0.0,0.0,1.0,88.0
0.0,1081.325436605945,-631.9089358796977,0.0,0.0,1.0,88.0
0.0,1053.99485312352,-614.4234388540685,0.0,0.0,1.0,88.0
0.0,1084.4918233668827,-618.4770267822319,0.0,0.0,1.0,88.0
0.0,1089.8032230947151,-641.6703901047919,0.0,0.0,1.0,88.0
0.0,1051.8590788145825,-615.3617378042052,0.0,0.0,1.0,88.0
0.0,1036.062588625638,-619.1522140815663,0.0,0.0,1.0,88.0
0.0,1056.4617291314967,-641.0598827691759,0.0,0.0,1.0,88.0
0.0,1093.145950617281,-618.3866877613764,0.0,0.0,1.0,88.0
0.0,1046.4101170626632,-613.3546861853073,0.0,0.0,1.0,88.0
0.0,1054.005224972385,-605.6388898235899,0.0,0.0,1.0,88.0
0.0,1067.3332105906452,-586.4388786162685,0.0,0.0,1.0,88.0
0.0,1057.898012656186,-628.9948725123787,0.0,0.0,1.0,88.0
0.0,1074.702640997984,-624.2351960791569,0.0,0.0,1.0,88.0
0.0,1029.9771790839418,-594.5515723947013,0.0,0.0,1.0,88.0
0.0,1037.2316378324058,-648.8756814526454,0.0,0.0,1.0,88.0
0.0,1089.8107520795088,-620.600887890777,0.0,0.0,1.0,88.0
0.0,1094.0508895357702,-611.6812905620711,0.0,0.0,1.0,88.0
0.0,1059.3275129784615,-629.5745530823378,0.0,0.0,1.0,88.0
0.0,1067.8075198027464,-631.4299242139066,0.0,0.0,1.0,88.0
0.0,1078.9232792797484,-655.4103956349721,0.0,0.0,1.0,88.0
0.0,1066.0059150063012,-624.5201891252976,0.0,0.0,1.0,88.0
0.0,1042.380730328448,-619.5761489409796,0.0,0.0,1.0,88.0
0.0,1071.0336799170896,-675.5865714565086,0.0,0.0,1.0,88.0
0.0,1081.2856734179118,-646.4824214616955,0.0,0.0,1.0,88.0
0.0,1089.31270650145,-656.5956600527344,0.0,0.0,1.0,88.0
0.0,1090.4959414798227,-607.6994772688145,0.0,0.0,1.0,88.0
0.0,1055.8105300634656,-636.093513031141,0.0,0.0,1.0,88.0
0.0,1107.2888521980508,-629.2049249767326,0.0,0.0,1.0,88.0
0.0,1076.8934224951113,-629.4104072840565,0.0,0.0,1.0,88.0
0.0,1075.8761144615905,-634.3625437342886,0.0,0.0,1.0,88.0
0.0,1033.5828900222627,-654.2257955505211,0.0,0.0,1.0,88.0
0.0,1027.7277947499529,-613.6279680612521,0.0,0.0,1.0,88.0
0.0,1018.7682317541166,-614.1764130803615,0.0,0.0,1.0,88.0
0.0,1045.9223264191983,-616.6761988256926,0.0,0.0,1.0,88.0
0.0,1012.745199528355,-596.9444659204826,0.0,0.0,1.0,88.0
0.0,1038.2649809814088,-575.5851542614869,0.0,0.0,1.0,88.0
0.0,1014.9800802154691,-616.5548074966267,0.0,0.0,1.0,88.0
0.0,1037.5431452137418,-599.6531426065765,0.0,0.0,1.0,88.0
0.0,1035.7141813016115,-605.5786559418024,0.0,0.0,1.0,88.0
0.0,1073.8701145212126,-597.5988499434162,0.0,0.0,1.0,88.0
0.0,1020.6629993757888,-597.4975266586323,0.0,0.0,1.0,88.0
0.0,1039.2599298715336,-579.3452909318914,0.0,0.0,1.0,88.0
0.0,1024.4829912843275,-594.4725598564332,0.0,0.0,1.0,88.0
0.0,1035.9893013848946,-604.1817962633002,0.0,0.0,1.0,88.0
0.0,1015.3918030342725,-612.2062214602323,0.0,0.0,1.0,88.0
0.0,1078.396901958573,-573.3333186097757,0.0,0.0,1.0,88.0
0.0,1032.5559850285013,-594.6641258401,0.0,0.0,1.0,88.0
0.0,1046.3203298302565,-614.6297306902361,0.0,0.0,1.0,88.0
0.0,1027.125802391885,-612.1604512844431,0.0,0.0,1.0,88.0
0.0,1023.0015252292237,-624.1424276955893,0.0,0.0,1.0,88.0
0.0,1043.2092677617452,-631.4072835959216,0.0,0.0,1.0,88.0
0.0,1047.517674647705,-601.3799174760335,0.0,0.0,1.0,88.0
0.0,1047.9183120482749,-595.7869359405419,0.0,0.0,1.0,88.0
0.0,1031.4996342325953,-586.2668372464058,0.0,0.0,1.0,88.0
0.0,1048.7398540935405,-640.28568359932,0.0,0.0,1.0,88.0
0.0,1067.4413150179976,-617.7553493605878,0.0,0.0,1.0,88.0
0.0,1021.5910529153844,-635.0409517649175,0.0,0.0,1.0,88.0
0.0,1046.2379361021185,-614.7436989728625,0.0,0.0,1.0,88.0
0.0,1032.123072209769,-627.479166174157,0.0,0.0,1.0,88.0
0.0,1016.6951474679463,-597.1882872523344,0.0,0.0,1.0,88.0
0.0,1027.7775954994236,-605.4311260151588,0.0,0.0,1.0,88.0
0.0,1074.2261480973707,-608.9182014110309,0.0,0.0,1.0,88.0
0.0,1054.7049233804737,-596.9878774878106,0.0,0.0,1.0,88.0
0.0,1047.3672999549112,-622.3160038953406,0.0,0.0,1.0,88.0
0.0,1061.0783193477691,-631.501379793325,0.0,0.0,1.0,88.0
0.0,1024.2567846492952,-614.427417718042,0.0,0.0,1.0,88.0
0.0,1022.0089581472976,-610.3978980148022,0.0,0.0,1.0,88.0
0.0,1011.4773730088718,-605.7321771822685,0.0,0.0,1.0,88.0
0.0,1035.9905085061964,-635.6213758206,0.0,0.0,1.0,88.0
0.0,1025.8516805878594,-597.8237665382962,0.0,0.0,1.0,88.0
0.0,992.6223302325166,-615.8418784973521,0.0,0.0,1.0,88.0
0.0,1018.556704854866,-648.4791809388381,0.0,0.0,1.0,88.0
0.0,983.3016966241412,-607.7842140857776,0.0,0.0,1.0,88.0
0.0,994.5546184058317,-628.7447499067027,0.0,0.0,1.0,88.0
0.0,994.1365085416073,-615.9748108054644,0.0,0.0,1.0,88.0
0.0,996.1782804164422,-602.2447703646586,0.0,0.0,1.0,88.0
0.0,982.111282239031,-669.1393604061823,0.0,0.0,1.0,88.0
0.0,1002.4901342248513,-631.5245702300629,0.0,0.0,1.0,88.0
0.0,1013.4628175231614,-615.8450538599411,0.0,0.0,1.0,88.0
0.0,991.2614022315806,-632.2396590703204,0.0,0.0,1.0,88.0
0.0,970.4842414600103,-617.4000654686204,0.0,0.0,1.0,88.0
0.0,1018.7798821550905,-633.0419152591999,0.0,0.0,1.0,88.0
0.0,1035.230969189603,-621.3387150334406,0.0,0.0,1.0,88.0
0.0,989.9939186360798,-616.2567642211055,0.0,0.0,1.0,88.0
0.0,993.4355517894032,-618.0560149625495,0.0,0.0,1.0,88.0
0.0,993.4260510933018,-641.1463506575004,0.0,0.0,1.0,88.0
0.0,1002.35204341073,-611.4081726745391,0.0,0.0,1.0,88.0
0.0,1002.9812093228634,-618.2558872649312,0.0,0.0,1.0,88.0
0.0,990.5208298699922,-635.8001978527723,0.0,0.0,1.0,88.0
0.0,986.5444109275495,-633.778851934201,0.0,0.0,1.0,88.0
0.0,993.4844355831297,-631.1672600377285,0.0,0.0,1.0,88.0
0.0,1001.5213801243076,-595.2203341186034,0.0,0.0,1.0,88.0
0.0,998.1084988034568,-632.7254151767022,0.0,0.0,1.0,88.0
0.0,1013.2673067616247,-643.9481469177065,0.0,0.0,1.0,88.0
0.0,990.4592445279181,-600.7477314348675,0.0,0.0,1.0,88.0
0.0,993.5288594658173,-636.0346316361542,0.0,0.0,1.0,88.0
0.0,982.6715088795459,-672.4170634383427,0.0,0.0,1.0,88.0
0.0,967.7565552213232,-623.8035983020236,0.0,0.0,1.0,88.0
0.0,994.9202392177926,-607.1490355716875,0.0,0.0,1.0,88.0
0.0,1003.2180211613231,-587.3381077330272,0.0,0.0,1.0,88.0
0.0,990.4874484844431,-622.2797914684899,0.0,0.0,1.0,88.0
0.0,972.8796585056853,-653.3789776371218,0.0,0.0,1.0,88.0
0.0,965.4107124965908,-700.2057775427578,0.0,0.0,1.0,88.0
0.0,963.3792020898959,-635.5835783528145,0.0,0.0,1.0,88.0
0.0,954.7508809454325,-657.454867069383,0.0,0.0,1.0,88.0
0.0,962.2356439658261,-683.6555794961308,0.0,0.0,1.0,88.0
0.0,954.5065513836994,-691.066844631856,0.0,0.0,1.0,88.0
0.0,951.7983563270773,-660.623257095683,0.0,0.0,1.0,88.0
0.0,959.4803335519505,-666.7700422693615,0.0,0.0,1.0,88.0
0.0,975.0248473975826,-646.4536720320377,0.0,0.0,1.0,88.0
0.0,959.9291898762526,-656.4804722450962,0.0,0.0,1.0,88.0
0.0,984.3569950640681,-677.198963335154,0.0,0.0,1.0,88.0
0.0,973.5532017207329,-663.8424215875416,0.0,0.0,1.0,88.0
0.0,966.7319834862628,-668.7112953231062,0.0,0.0,1.0,88.0
0.0,972.6996978587094,-675.0505271775015,0.0,0.0,1.0,88.0
0.0,945.5301381993231,-652.5820369989781,0.0,0.0,1.0,88.0
0.0,974.7817724107576,-676.958248001324,0.0,0.0,1.0,88.0
0.0,967.7421534686086,-654.7523150647402,0.0,0.0,1.0,88.0
0.0,954.9032836988695,-648.4380283725521,0.0,0.0,1.0,88.0
0.0,986.2370806208182,-655.0577745397378,0.0,0.0,1.0,88.0
0.0,988.2935124993414,-657.8029007050895,0.0,0.0,1.0,88.0
0.0,983.0537180580504,-664.3508477146705,0.0,0.0,1.0,88.0
0.0,960.9884948343893,-659.7032456187749,0.0,0.0,1.0,88.0
0.0,949.0640661438533,-651.0749374279366,0.0,0.0,1.0,88.0
0.0,975.6568027410235,-667.9721087790554,0.0,0.0,1.0,88.0
0.0,982.376322568221,-657.3281262471569,0.0,0.0,1.0,88.0
0.0,950.7988209677196,-665.3379264490054,0.0,0.0,1.0,88.0
0.0,976.7432943031572,-664.0027612119308,0.0,0.0,1.0,88.0
0.0,981.6368128351401,-689.5936172242428,0.0,0.0,1.0,88.0
0.0,965.9528565443493,-707.6240594360493,0.0,0.0,1.0,88.0
0.0,990.3058403310065,-696.6901154657356,0.0,0.0,1.0,88.0
0.0,984.8772476693516,-720.068826033999,0.0,0.0,1.0,88.0
0.0,992.7627635376953,-705.0431998023968,0.0,0.0,1.0,88.0
0.0,975.961064966405,-704.4985806613153,0.0,0.0,1.0,88.0
0.0,1004.8955813255716,-712.5333742442241,0.0,0.0,1.0,88.0
0.0,1012.8015482990386,-715.9233559581292,0.0,0.0,1.0,88.0
0.0,1003.1761674860304,-705.5221060871186,0.0,0.0,1.0,88.0
0.0,974.9476413708039,-706.0717583357125,0.0,0.0,1.0,88.0
0.0,1049.1725053026544,-721.0312117357481,0.0,0.0,1.0,88.0
0.0,1008.2776405388099,-693.7068879311337,0.0,0.0,1.0,88.0
0.0,1004.2826723115827,-719.0703251061154,0.0,0.0,1.0,88.0
0.0,997.4399355835767,-690.8122733805066,0.0,0.0,1.0,88.0
0.0,1021.9543198038964,-712.126035089074,0.0,0.0,1.0,88.0
0.0,979.9213152052926,-701.6589927558634,0.0,0.0,1.0,88.0
0.0,977.6378017301663,-726.0310825678587,0.0,0.0,1.0,88.0
0.0,957.9934894650287,-726.6376969567094,0.0,0.0,1.0,88.0
0.0,984.6368592218869,-743.8170537191851,0.0,0.0,1.0,88.0
0.0,997.4256568012756,-712.1016727957984,0.0,0.0,1.0,88.0
0.0,983.411806314436,-702.7292678955235,0.0,0.0,1.0,88.0
0.0,1001.42206530054,-718.5011334389197,0.0,0.0,1.0,88.0
0.0,987.1577515335052,-701.806648781932,0.0,0.0,1.0,88.0
0.0,1003.5696316460844,-685.0583385427833,0.0,0.0,1.0,88.0
0.0,988.0793503440063,-701.0159955160757,0.0,0.0,1.0,88.0
0.0,955.0661221446157,-681.9079607545182,0.0,0.0,1.0,88.0
0.0,978.9017147293944,-735.5222473997997,0.0,0.0,1.0,88.0
0.0,968.19033750161,-734.5115437420396,0.0,0.0,1.0,88.0
0.0,964.9337700738151,-709.6868175958361,0.0,0.0,1.0,88.0
0.0,1004.5587105227391,-710.0214486272381,0.0,0.0,1.0,88.0
0.0,1000.8896519639006,-725.0479485489948,0.0,0.0,1.0,88.0
0.0,998.1482313945398,-701.0514448003228,0.0,0.0,1.0,88.0
0.0,1216.1998650509508,634.5852735183605,0.0,0.0,1.0,89.0
0.0,1172.3138934095837,671.0662020329396,0.0,0.0,1.0,89.0
0.0,1194.787499293217,597.2798925697823,0.0,0.0,1.0,89.0
0.0,1169.819078278752,651.4293362746962,0.0,0.0,1.0,89.0
0.0,1186.9124948456029,616.4811053488311,0.0,0.0,1.0,89.0
0.0,1178.5400867565236,612.2782645730304,0.0,0.0,1.0,89.0
0.0,1259.405493291999,665.8080570962043,0.0,0.0,1.0,89.0
0.0,1182.3128409057795,624.1823123432641,0.0,0.0,1.0,89.0
0.0,1182.9766606958724,633.193316384816,0.0,0.0,1.0,89.0
0.0,1190.289888385811,686.327114877904,0.0,0.0,1.0,89.0
0.0,1153.2641844500095,651.3534728892787,0.0,0.0,1.0,89.0
0.0,1200.6314565573898,633.4847221983614,0.0,0.0,1.0,89.0
0.0,1204.835709257381,613.4471997260382,0.0,0.0,1.0,89.0
0.0,1191.1291698294676,615.6208092106358,0.0,0.0,1.0,89.0
0.0,1200.2908924025946,626.3489456858993,0.0,0.0,1.0,89.0
0.0,1187.9497323214318,624.1277979620684,0.0,0.0,1.0,89.0
0.0,1209.443488428582,641.4389850995367,0.0,0.0,1.0,89.0
0.0,1194.4377271775652,623.5870875597261,0.0,0.0,1.0,89.0
0.0,1216.0836264794998,635.5480930354856,0.0,0.0,1.0,89.0
0.0,1189.381627362371,629.9334792232062,0.0,0.0,1.0,89.0
0.0,1203.1650115976809,615.1860600489194,0.0,0.0,1.0,89.0
0.0,1200.5259929682225,621.5142130571874,0.0,0.0,1.0,89.0
0.0,1201.3103840849271,649.979083753502,0.0,0.0,1.0,89.0
0.0,1197.925550409615,633.6948589872136,0.0,0.0,1.0,89.0
0.0,1215.2083992203866,623.1461501817903,0.0,0.0,1.0,89.0
0.0,1203.3219154871254,618.8830286214843,0.0,0.0,1.0,89.0
0.0,1197.2404788569825,599.8920359687595,0.0,0.0,1.0,89.0
0.0,1203.9215853363999,617.5544614774803,0.0,0.0,1.0,89.0
0.0,1183.8978471231244,644.4439178242151,0.0,0.0,1.0,89.0
0.0,1172.5916174567224,677.0823277394666,0.0,0.0,1.0,89.0
0.0,1173.7368140671533,690.682038029403,0.0,0.0,1.0,89.0
0.0,1188.547395574728,676.1216602837308,0.0,0.0,1.0,89.0
0.0,1242.1770692510222,687.2964394398266,0.0,0.0,1.0,89.0
0.0,1203.1629030167783,613.9544192076401,0.0,0.0,1.0,89.0
0.0,1184.6350735700794,678.5716060788563,0.0,0.0,1.0,89.0
0.0,1195.9955565409696,624.1257126120299,0.0,0.0,1.0,89.0
0.0,1256.476857629977,603.0394382578631,0.0,0.0,1.0,89.0
0.0,1226.97903143973,612.5707438125455,0.0,0.0,1.0,89.0
0.0,1256.4441825869571,606.5957811328067,0.0,0.0,1.0,89.0
0.0,1269.1053259142313,627.2810696820738,0.0,0.0,1.0,89.0
0.0,1269.5034794775734,582.2213322779214,0.0,0.0,1.0,89.0
0.0,1257.2252024748573,682.4123623427345,0.0,0.0,1.0,89.0
0.0,1280.0562817592668,619.9578321451149,0.0,0.0,1.0,89.0
0.0,1215.0160890616648,609.6717177867888,0.0,0.0,1.0,89.0
0.0,1246.563253650344,601.0414724164914,0.0,0.0,1.0,89.0
0.0,1260.030980909571,612.7257907321061,0.0,0.0,1.0,89.0
0.0,1264.421948129248,596.3224713836119,0.0,0.0,1.0,89.0
0.0,1267.4154323920761,626.9485695923386,0.0,0.0,1.0,89.0
0.0,1227.717753502654,617.0939611125787,0.0,0.0,1.0,89.0
0.0,1241.6722049263044,606.2908169656769,0.0,0.0,1.0,89.0
0.0,1280.2508326550492,638.0057827762648,0.0,0.0,1.0,89.0
0.0,1268.486724822374,608.3698041991995,0.0,0.0,1.0,89.0
0.0,1266.3680545919292,615.7241036216501,0.0,0.0,1.0,89.0
0.0,1241.6980795669592,627.6843887707641,0.0,0.0,1.0,89.0
0.0,1251.0457170403297,595.9978096734858,0.0,0.0,1.0,89.0
0.0,1247.4187449953629,605.0172198851935,0.0,0.0,1.0,89.0
0.0,1281.8964305013683,649.8144846426012,0.0,0.0,1.0,89.0
0.0,1244.0346891028248,603.3569829173034,0.0,0.0,1.0,89.0
0.0,1254.0172186432033,587.2442682351775,0.0,0.0,1.0,89.0
0.0,1240.597240671926,605.7067119276039,0.0,0.0,1.0,89.0
0.0,1255.526488338392,627.3880384799832,0.0,0.0,1.0,89.0
0.0,1246.0661425996127,582.5935348380322,0.0,0.0,1.0,89.0
0.0,1225.0592714302265,632.2758552468958,0.0,0.0,1.0,89.0
0.0,1247.0252469087477,593.3754587007911,0.0,0.0,1.0,89.0
0.0,1231.344470437622,633.6393340414479,0.0,0.0,1.0,89.0
0.0,1239.3764717192057,595.6395111326563,0.0,0.0,1.0,89.0
0.0,1263.473811283427,596.2259007163639,0.0,0.0,1.0,89.0
0.0,1289.1029736987457,653.7697155546812,0.0,0.0,1.0,89.0
0.0,1226.4620163478558,643.5601393977463,0.0,0.0,1.0,89.0
0.0,1292.366277188266,656.8275561779203,0.0,0.0,1.0,89.0
0.0,1308.7354650123793,676.905724813905,0.0,0.0,1.0,89.0
0.0,1319.7884641034884,704.5564148650114,0.0,0.0,1.0,89.0
0.0,1284.5411068269873,746.1569351213543,0.0,0.0,1.0,89.0
0.0,1301.1230167476174,687.9568477129608,0.0,0.0,1.0,89.0
0.0,1325.1265595726995,744.5002812044777,0.0,0.0,1.0,89.0
0.0,1273.5648545773115,745.887997657861,0.0,0.0,1.0,89.0
0.0,1278.8298812558778,656.758677235546,0.0,0.0,1.0,89.0
0.0,1304.5312939936116,697.7113360172125,0.0,0.0,1.0,89.0
0.0,1301.984979873243,692.1278866962289,0.0,0.0,1.0,89.0
0.0,1314.8647242591073,692.3562120274923,0.0,0.0,1.0,89.0
0.0,1312.7154318575153,729.3235330820817,0.0,0.0,1.0,89.0
0.0,1316.0845809105963,681.2781932235482,0.0,0.0,1.0,89.0
0.0,1306.0734323337601,712.5615832444469,0.0,0.0,1.0,89.0
0.0,1325.7077268281255,702.7350603926798,0.0,0.0,1.0,89.0
0.0,1316.868989455213,717.680451143593,0.0,0.0,1.0,89.0
0.0,1306.5815915564967,718.0990179503524,0.0,0.0,1.0,89.0
0.0,1314.494981351997,725.4313440883461,0.0,0.0,1.0,89.0
0.0,1321.2758732932348,717.1412089476853,0.0,0.0,1.0,89.0
0.0,1307.7578340132445,696.2876641990429,0.0,0.0,1.0,89.0
0.0,1303.7905742465932,704.9649565679638,0.0,0.0,1.0,89.0
0.0,1325.0232891077544,694.6069394889473,0.0,0.0,1.0,89.0
0.0,1286.50390311196,708.1308299739912,0.0,0.0,1.0,89.0
0.0,1288.2814557071947,770.9558620839998,0.0,0.0,1.0,89.0
0.0,1288.5624627209077,745.4435140580717,0.0,0.0,1.0,89.0
0.0,1264.7037549271404,728.3404636658033,0.0,0.0,1.0,89.0
0.0,1263.5917263904585,727.164736666743,0.0,0.0,1.0,89.0
0.0,1285.9179555559476,761.750597253741,0.0,0.0,1.0,89.0
0.0,1274.605833218769,750.2484201704651,0.0,0.0,1.0,89.0
0.0,1280.2637313180485,733.9506454425459,0.0,0.0,1.0,89.0
0.0,1274.2574670669396,759.9329280756037,0.0,0.0,1.0,89.0
0.0,1281.3482947319876,746.5108956208619,0.0,0.0,1.0,89.0
0.0,1261.1530357118095,757.5298910095416,0.0,0.0,1.0,89.0
0.0,1299.387547117919,724.2826573772509,0.0,0.0,1.0,89.0
0.0,1314.8329274880894,760.1564628723363,0.0,0.0,1.0,89.0
0.0,1239.4681737578908,771.8215425832555,0.0,0.0,1.0,89.0
0.0,1241.9638996286253,697.2540910737443,0.0,0.0,1.0,89.0
0.0,1294.3690750830897,731.6647085229097,0.0,0.0,1.0,89.0
0.0,1277.062899918646,738.2026822201478,0.0,0.0,1.0,89.0
0.0,1256.9894360912667,737.0869515869299,0.0,0.0,1.0,89.0
0.0,1273.7038263841782,763.8525514386683,0.0,0.0,1.0,89.0
0.0,1274.2348354677365,762.9379931378871,0.0,0.0,1.0,89.0
0.0,1264.0963792697357,729.2248349261154,0.0,0.0,1.0,89.0
0.0,1309.531773023119,768.0854858928606,0.0,0.0,1.0,89.0
0.0,1266.8389503324101,754.9629650235047,0.0,0.0,1.0,89.0
0.0,1277.420427588816,744.184814947544,0.0,0.0,1.0,89.0
0.0,1282.5093783883572,735.7201939493189,0.0,0.0,1.0,89.0
0.0,1271.2013969881496,743.6333313556006,0.0,0.0,1.0,89.0
0.0,1270.0211599011313,728.1412830930703,0.0,0.0,1.0,89.0
0.0,1298.7418198136352,771.0396522779565,0.0,0.0,1.0,89.0
0.0,1263.8697962584342,729.9630985858616,0.0,0.0,1.0,89.0
0.0,1284.1757469475401,746.258825986059,0.0,0.0,1.0,89.0
0.0,1268.9603668673299,759.2690754001064,0.0,0.0,1.0,89.0
0.0,1275.217536437112,770.3729590067496,0.0,0.0,1.0,89.0
0.0,1213.0684928791193,760.2058793712295,0.0,0.0,1.0,89.0
0.0,1281.9529157324541,684.6052690082504,0.0,0.0,1.0,89.0
0.0,1215.733102772711,755.5934292478714,0.0,0.0,1.0,89.0
0.0,1254.9658533555053,759.8530012384808,0.0,0.0,1.0,89.0
0.0,1200.961535987733,755.5890893526162,0.0,0.0,1.0,89.0
0.0,1235.290839461583,733.9941949570039,0.0,0.0,1.0,89.0
0.0,1233.9338338423058,756.864714720456,0.0,0.0,1.0,89.0
0.0,1211.211381540888,772.8412750031393,0.0,0.0,1.0,89.0
0.0,1225.553607458768,771.7105321340377,0.0,0.0,1.0,89.0
0.0,1238.696588433696,734.8230288829441,0.0,0.0,1.0,89.0
0.0,1234.084978412025,761.0542323580394,0.0,0.0,1.0,89.0
0.0,1233.1024545006057,738.3481961100601,0.0,0.0,1.0,89.0
0.0,1208.8453546613682,756.4624972191828,0.0,0.0,1.0,89.0
0.0,1213.2050373832517,752.5400858096591,0.0,0.0,1.0,89.0
0.0,1224.3849026024595,762.7120330798325,0.0,0.0,1.0,89.0
0.0,1204.9770904476504,760.7459627203943,0.0,0.0,1.0,89.0
0.0,1207.1036520352222,751.7036620613403,0.0,0.0,1.0,89.0
0.0,1211.2970603402346,737.4352212536969,0.0,0.0,1.0,89.0
0.0,1229.158828583154,739.0165869469292,0.0,0.0,1.0,89.0
0.0,1239.3773077418427,732.8772986510226,0.0,0.0,1.0,89.0
0.0,1261.658302340838,763.4206696284568,0.0,0.0,1.0,89.0
0.0,1252.9315594490904,682.7745896328979,0.0,0.0,1.0,89.0
0.0,1232.6625021772966,765.9098842880367,0.0,0.0,1.0,89.0
0.0,1238.5271746335125,778.6978083012314,0.0,0.0,1.0,89.0
0.0,1250.8127675961914,769.2863235033965,0.0,0.0,1.0,89.0
0.0,1229.21265517877,751.1096875133517,0.0,0.0,1.0,89.0
0.0,1230.6783694135634,756.1829458703537,0.0,0.0,1.0,89.0
0.0,1210.0152986756216,789.148599648327,0.0,0.0,1.0,89.0
0.0,1223.445118970139,773.6685142030074,0.0,0.0,1.0,89.0
0.0,1234.5444066443015,777.2505851206688,0.0,0.0,1.0,89.0
0.0,1234.314669963072,769.249460474668,0.0,0.0,1.0,89.0
0.0,1209.8444484840525,771.2048330376897,0.0,0.0,1.0,89.0
0.0,1184.8379809022686,687.2016011303347,0.0,0.0,1.0,89.0
0.0,1225.2262866092183,767.8244250408588,0.0,0.0,1.0,89.0
0.0,1220.1175330702172,771.8833455579365,0.0,0.0,1.0,89.0
0.0,1233.8468954970035,770.1585909494192,0.0,0.0,1.0,89.0
0.0,1214.097633008751,768.619861273638,0.0,0.0,1.0,89.0
0.0,1241.4878917797446,765.1392847093725,0.0,0.0,1.0,89.0
0.0,1233.6480095937773,741.8588755012188,0.0,0.0,1.0,89.0
0.0,1235.8074768207925,743.3337658599867,0.0,0.0,1.0,89.0
0.0,1282.8255388402717,753.7566776684962,0.0,0.0,1.0,89.0
0.0,1150.8705946355235,723.4939783137843,0.0,0.0,1.0,89.0
0.0,1170.32138356619,746.3353480912297,0.0,0.0,1.0,89.0
0.0,1167.2088093417046,737.6741035217356,0.0,0.0,1.0,89.0
0.0,1223.9142441108374,677.3451201057287,0.0,0.0,1.0,89.0
0.0,1188.4877429668327,744.9204313892178,0.0,0.0,1.0,89.0
0.0,1179.8321901041595,737.1546147826125,0.0,0.0,1.0,89.0
0.0,1157.412895082788,745.7130015347093,0.0,0.0,1.0,89.0
0.0,1174.70874685205,726.3347242017717,0.0,0.0,1.0,89.0
0.0,1163.240409073719,674.9173308504041,0.0,0.0,1.0,89.0
0.0,1166.0087781973948,726.9265948582502,0.0,0.0,1.0,89.0
0.0,1190.9112922033883,728.298791516871,0.0,0.0,1.0,89.0
0.0,1201.0139902846295,696.1970849997815,0.0,0.0,1.0,89.0
0.0,1173.6883989661083,774.9214187935518,0.0,0.0,1.0,89.0
0.0,1225.508563038516,713.4189885987585,0.0,0.0,1.0,89.0
0.0,847.6426419405661,1200.4222852102662,0.0,0.0,1.0,90.0
0.0,849.8159813666857,1161.4321258078153,0.0,0.0,1.0,90.0
0.0,851.3183160277308,1194.1542765972122,0.0,0.0,1.0,90.0
0.0,834.1279075316738,1171.7952187259834,0.0,0.0,1.0,90.0
0.0,825.6623442280329,1185.5952038394198,0.0,0.0,1.0,90.0
0.0,833.5380511406656,1192.3167899266282,0.0,0.0,1.0,90.0
0.0,852.6386663893522,1180.0239616627005,0.0,0.0,1.0,90.0
0.0,862.4963942669997,1183.301540411676,0.0,0.0,1.0,90.0
0.0,806.0362903590321,1183.5377551369934,0.0,0.0,1.0,90.0
0.0,860.2578146544834,1179.361898317312,0.0,0.0,1.0,90.0
0.0,839.853599691101,1174.8479024625003,0.0,0.0,1.0,90.0
0.0,840.1778424925087,1166.8016741410606,0.0,0.0,1.0,90.0
0.0,842.7857183514925,1182.9639571392408,0.0,0.0,1.0,90.0
0.0,845.8296459612307,1175.6861321928745,0.0,0.0,1.0,90.0
0.0,826.6972077318555,1206.665769625084,0.0,0.0,1.0,90.0
0.0,856.076808743213,1194.734269571281,0.0,0.0,1.0,90.0
0.0,846.2171445941726,1175.6620753027228,0.0,0.0,1.0,90.0
0.0,822.6001859052253,1179.4260932436318,0.0,0.0,1.0,90.0
0.0,829.5883994576575,1169.515223264153,0.0,0.0,1.0,90.0
0.0,858.5528701864496,1160.3324013937881,0.0,0.0,1.0,90.0
0.0,824.7320413612865,1129.4459070310254,0.0,0.0,1.0,90.0
0.0,849.9488647378034,1204.445705021306,0.0,0.0,1.0,90.0
0.0,816.9999056646261,1179.8716824005141,0.0,0.0,1.0,90.0
0.0,822.9500079219342,1115.1092821303978,0.0,0.0,1.0,90.0
0.0,827.3354927550886,1189.9720263703512,0.0,0.0,1.0,90.0
0.0,831.8506605267398,1193.5276876717248,0.0,0.0,1.0,90.0
0.0,846.0815474035744,1099.558279938602,0.0,0.0,1.0,90.0
0.0,819.2011004966748,1168.333132411702,0.0,0.0,1.0,90.0
0.0,848.3195105198092,1171.7697233688514,0.0,0.0,1.0,90.0
0.0,816.8473638893624,1159.4732522270651,0.0,0.0,1.0,90.0
0.0,824.0692824490111,1181.831392804832,0.0,0.0,1.0,90.0
0.0,838.7476690723283,1191.1690305900083,0.0,0.0,1.0,90.0
0.0,830.4840614823393,1194.1351827215058,0.0,0.0,1.0,90.0
0.0,839.6849993353849,1161.0669144764279,0.0,0.0,1.0,90.0
0.0,825.6017153614516,1194.8624033748256,0.0,0.0,1.0,90.0
0.0,812.8105234684303,1166.6987094422184,0.0,0.0,1.0,90.0
0.0,785.9277865897425,1194.2649489481205,0.0,0.0,1.0,90.0
0.0,783.4708046649184,1218.4177364739294,0.0,0.0,1.0,90.0
0.0,796.5149420929474,1192.830612031492,0.0,0.0,1.0,90.0
0.0,763.1863212710282,1199.1122994115335,0.0,0.0,1.0,90.0
0.0,764.8633848634954,1171.597343892563,0.0,0.0,1.0,90.0
0.0,793.0283798646119,1194.691840124592,0.0,0.0,1.0,90.0
0.0,768.5732032023811,1199.8719191059117,0.0,0.0,1.0,90.0
0.0,769.1704243280487,1169.461450320845,0.0,0.0,1.0,90.0
0.0,739.3156808742283,1172.4314173565758,0.0,0.0,1.0,90.0
0.0,818.2757312798954,1206.699912234656,0.0,0.0,1.0,90.0
0.0,786.6622662755708,1198.0471970146878,0.0,0.0,1.0,90.0
0.0,776.0368134850801,1195.6925812860009,0.0,0.0,1.0,90.0
0.0,821.6315633117715,1178.1508160080894,0.0,0.0,1.0,90.0
0.0,768.2043715719051,1167.9644804568884,0.0,0.0,1.0,90.0
0.0,779.1385459673552,1166.4519917678172,0.0,0.0,1.0,90.0
0.0,798.2897008558862,1154.3579407202028,0.0,0.0,1.0,90.0
0.0,751.0306130645599,1172.8743489915328,0.0,0.0,1.0,90.0
0.0,775.3623752557796,1208.1377278491086,0.0,0.0,1.0,90.0
0.0,815.7167918723103,1143.0575123482781,0.0,0.0,1.0,90.0
0.0,769.9109289295652,1210.8435785484994,0.0,0.0,1.0,90.0
0.0,789.8467463554084,1206.4169062875412,0.0,0.0,1.0,90.0
0.0,760.5926043635809,1178.2505942285643,0.0,0.0,1.0,90.0
0.0,773.4344692644172,1196.8990170943857,0.0,0.0,1.0,90.0
0.0,759.9485909777873,1214.265506097574,0.0,0.0,1.0,90.0
0.0,785.632358184816,1177.2935730818172,0.0,0.0,1.0,90.0
0.0,800.1321219361835,1186.0790310027696,0.0,0.0,1.0,90.0
0.0,771.5052840759272,1152.0935673416652,0.0,0.0,1.0,90.0
0.0,777.9727277430497,1201.6542074812992,0.0,0.0,1.0,90.0
0.0,776.8527411622376,1200.9499514111158,0.0,0.0,1.0,90.0
0.0,794.7358996336288,1168.1174674899185,0.0,0.0,1.0,90.0
0.0,779.4143808127387,1194.9628596183252,0.0,0.0,1.0,90.0
0.0,778.8161903332907,1188.2169588552683,0.0,0.0,1.0,90.0
0.0,763.5165981891291,1207.6667271495476,0.0,0.0,1.0,90.0
0.0,781.5166387021395,1195.6109804282469,0.0,0.0,1.0,90.0
0.0,777.1972497852266,1179.8258962377763,0.0,0.0,1.0,90.0
0.0,742.6225868537767,1079.567921002641,0.0,0.0,1.0,90.0
0.0,776.6530818554152,1107.163026154693,0.0,0.0,1.0,90.0
0.0,764.6740834684892,1122.0424137746259,0.0,0.0,1.0,90.0
0.0,748.4820605065097,1140.9931976054331,0.0,0.0,1.0,90.0
0.0,748.1522889959306,1131.238013666094,0.0,0.0,1.0,90.0
0.0,751.230580401977,1179.388571606159,0.0,0.0,1.0,90.0
0.0,735.4770162186746,1136.7004468317182,0.0,0.0,1.0,90.0
0.0,780.1148031200405,1162.7695121878733,0.0,0.0,1.0,90.0
0.0,725.1317253825587,1133.2870310458748,0.0,0.0,1.0,90.0
0.0,750.6532386917047,1150.0373815735247,0.0,0.0,1.0,90.0
0.0,738.6709458487258,1135.223263243956,0.0,0.0,1.0,90.0
0.0,765.4910340155516,1173.4637160666898,0.0,0.0,1.0,90.0
0.0,743.8248015598192,1134.3437614789286,0.0,0.0,1.0,90.0
0.0,766.9314928953781,1188.5237003540055,0.0,0.0,1.0,90.0
0.0,730.2951866440858,1151.5523713496073,0.0,0.0,1.0,90.0
0.0,738.666383508084,1135.905802920869,0.0,0.0,1.0,90.0
0.0,727.3429826902529,1155.145808998936,0.0,0.0,1.0,90.0
0.0,720.3644846945158,1172.3779905524948,0.0,0.0,1.0,90.0
0.0,732.365470492758,1126.8224464782625,0.0,0.0,1.0,90.0
0.0,727.296110066181,1143.9004338716813,0.0,0.0,1.0,90.0
0.0,730.538239846846,1148.5554464573324,0.0,0.0,1.0,90.0
0.0,746.2988283143545,1177.1547076804222,0.0,0.0,1.0,90.0
0.0,756.8793576053517,1162.4764519062905,0.0,0.0,1.0,90.0
0.0,729.0409997038564,1133.3823824451401,0.0,0.0,1.0,90.0
0.0,739.5227479341597,1147.3575897251476,0.0,0.0,1.0,90.0
0.0,700.6915692793982,1157.6341177201184,0.0,0.0,1.0,90.0
0.0,747.8628346852197,1146.6382637585466,0.0,0.0,1.0,90.0
0.0,727.2090475903337,1125.0461296968524,0.0,0.0,1.0,90.0
0.0,757.6522444586476,1186.4666457869744,0.0,0.0,1.0,90.0
0.0,741.2349682539275,1144.9291950760125,0.0,0.0,1.0,90.0
0.0,760.1831262846044,1175.055459285867,0.0,0.0,1.0,90.0
0.0,745.3938028048201,1144.0065500473347,0.0,0.0,1.0,90.0
0.0,720.4002963243724,1148.9002218586165,0.0,0.0,1.0,90.0
0.0,743.4124713875608,1142.973276712286,0.0,0.0,1.0,90.0
0.0,722.6938065094305,1145.8064520691187,0.0,0.0,1.0,90.0
0.0,763.4163097924452,1149.5352292937064,0.0,0.0,1.0,90.0
0.0,729.3567724241643,1137.3274062641167,0.0,0.0,1.0,90.0
0.0,723.6973513011094,1137.3796327003956,0.0,0.0,1.0,90.0
0.0,724.0431782391083,1149.7163807904772,0.0,0.0,1.0,90.0
0.0,793.6910587705943,1125.524391169226,0.0,0.0,1.0,90.0
0.0,749.5844214160265,1156.3964742739554,0.0,0.0,1.0,90.0
0.0,764.3532453594744,1147.8254705183044,0.0,0.0,1.0,90.0
0.0,732.7012568496916,1146.1045637837847,0.0,0.0,1.0,90.0
0.0,731.428675069254,1068.5998801497744,0.0,0.0,1.0,90.0
0.0,740.4075452916,1115.5004365779623,0.0,0.0,1.0,90.0
0.0,731.6995865322237,1101.0445068572194,0.0,0.0,1.0,90.0
0.0,723.5908513728232,1096.2930820886913,0.0,0.0,1.0,90.0
0.0,738.0779902913014,1070.3138888369658,0.0,0.0,1.0,90.0
0.0,756.8464913282446,1085.0324643114059,0.0,0.0,1.0,90.0
0.0,750.2143068648434,1133.2358694596296,0.0,0.0,1.0,90.0
0.0,715.0555360982644,1085.7934141523388,0.0,0.0,1.0,90.0
0.0,706.8804887257083,1089.824621367416,0.0,0.0,1.0,90.0
0.0,750.6042283422335,1124.1106338394547,0.0,0.0,1.0,90.0
0.0,748.1838408311974,1107.0217352001223,0.0,0.0,1.0,90.0
0.0,742.7795157798496,1079.8163448774949,0.0,0.0,1.0,90.0
0.0,716.4820203917325,1091.5976026831,0.0,0.0,1.0,90.0
0.0,713.8233159531537,1082.7926656676977,0.0,0.0,1.0,90.0
0.0,741.3606473344148,1097.053992071415,0.0,0.0,1.0,90.0
0.0,713.1078418298334,1110.536063516617,0.0,0.0,1.0,90.0
0.0,748.4147616492901,1109.7419245743718,0.0,0.0,1.0,90.0
0.0,733.973551754224,1081.9762452442778,0.0,0.0,1.0,90.0
0.0,724.394121102288,1102.6891698138843,0.0,0.0,1.0,90.0
0.0,729.9820124936859,1112.5713515391144,0.0,0.0,1.0,90.0
0.0,746.6979078142372,1089.9595944606144,0.0,0.0,1.0,90.0
0.0,737.6195890171557,1099.561735615439,0.0,0.0,1.0,90.0
0.0,696.5569732127351,1081.246989411724,0.0,0.0,1.0,90.0
0.0,743.3705946082587,1116.2528459335526,0.0,0.0,1.0,90.0
0.0,743.4085340199404,1084.1805731861746,0.0,0.0,1.0,90.0
0.0,734.3554929443494,1082.1258713373863,0.0,0.0,1.0,90.0
0.0,764.262272068218,1101.1027727362066,0.0,0.0,1.0,90.0
0.0,718.2266287464549,1101.5091521811746,0.0,0.0,1.0,90.0
0.0,749.9023262567803,1069.63778482604,0.0,0.0,1.0,90.0
0.0,800.1901960757054,1051.3463635716262,0.0,0.0,1.0,90.0
0.0,786.0182911244774,1044.0317410928374,0.0,0.0,1.0,90.0
0.0,748.875607348416,1050.8988538357362,0.0,0.0,1.0,90.0
0.0,802.5160183458306,1066.756428938439,0.0,0.0,1.0,90.0
0.0,790.2030239370556,1035.4367373346236,0.0,0.0,1.0,90.0
0.0,766.5648768122624,1083.2729171460296,0.0,0.0,1.0,90.0
0.0,785.8893611513881,1057.719643365071,0.0,0.0,1.0,90.0
0.0,724.6663172060262,1081.6930135897128,0.0,0.0,1.0,90.0
0.0,769.967823546041,1057.15848905845,0.0,0.0,1.0,90.0
0.0,755.1025706096593,1049.3830488416456,0.0,0.0,1.0,90.0
0.0,771.293991405515,1065.724335553718,0.0,0.0,1.0,90.0
0.0,781.9110728660162,1050.21241964814,0.0,0.0,1.0,90.0
0.0,777.344382870931,1060.7370177370472,0.0,0.0,1.0,90.0
0.0,768.7953181809889,1061.199101151652,0.0,0.0,1.0,90.0
0.0,789.5247940759482,1052.5395583023828,0.0,0.0,1.0,90.0
0.0,762.9812279240855,1052.8419102198604,0.0,0.0,1.0,90.0
0.0,731.2578026701622,1116.9540236137545,0.0,0.0,1.0,90.0
0.0,780.0692367365823,1050.722929823673,0.0,0.0,1.0,90.0
0.0,762.6604996635629,1051.6511988346824,0.0,0.0,1.0,90.0
0.0,796.4061111366686,1054.884323272157,0.0,0.0,1.0,90.0
0.0,768.0749540318943,1068.6036877049619,0.0,0.0,1.0,90.0
0.0,785.4056918888082,1064.1469777079487,0.0,0.0,1.0,90.0
0.0,756.2145239974834,1073.9466019333295,0.0,0.0,1.0,90.0
0.0,754.1629042321624,1053.837183698411,0.0,0.0,1.0,90.0
0.0,796.3344090805222,1075.5769437172794,0.0,0.0,1.0,90.0
0.0,773.5438291623632,1035.937328920877,0.0,0.0,1.0,90.0
0.0,782.8795239444953,1040.9739558117162,0.0,0.0,1.0,90.0
0.0,743.4701947828194,1062.3396328808994,0.0,0.0,1.0,90.0
0.0,774.672965828056,1049.3942156000503,0.0,0.0,1.0,90.0
0.0,799.2154438079447,1037.8961594965176,0.0,0.0,1.0,90.0
0.0,762.1488557239072,1057.0978772053904,0.0,0.0,1.0,90.0
0.0,767.5960503733668,1038.5846112219951,0.0,0.0,1.0,90.0
0.0,755.5256082074029,1052.7692116473027,0.0,0.0,1.0,90.0
0.0,765.4339852576295,1051.937691562493,0.0,0.0,1.0,90.0
0.0,852.232000907165,1041.8013753481987,0.0,0.0,1.0,90.0
0.0,837.1191661827547,1048.3246929454563,0.0,0.0,1.0,90.0
0.0,813.2752512827465,1047.1871793877372,0.0,0.0,1.0,90.0
0.0,800.1035644302224,1040.8702201448455,0.0,0.0,1.0,90.0
0.0,828.523866518572,1069.9053873820803,0.0,0.0,1.0,90.0
0.0,832.5204898359302,1045.5675952227853,0.0,0.0,1.0,90.0
0.0,824.9316080373278,1022.9915693173102,0.0,0.0,1.0,90.0
0.0,810.767432754245,1072.10798987198,0.0,0.0,1.0,90.0
0.0,813.9933720103263,1039.7130506194753,0.0,0.0,1.0,90.0
0.0,823.3890362482898,1052.978066359251,0.0,0.0,1.0,90.0
0.0,843.555072869759,1062.4500679690254,0.0,0.0,1.0,90.0
0.0,806.6563564226271,1037.363771820158,0.0,0.0,1.0,90.0
0.0,810.3031316521619,1030.680008165993,0.0,0.0,1.0,90.0
0.0,832.806398835939,1050.4728410095986,0.0,0.0,1.0,90.0
0.0,813.5924025064119,1054.3808274056028,0.0,0.0,1.0,90.0
0.0,833.2161762553537,1050.3348783636566,0.0,0.0,1.0,90.0
0.0,841.4817023160972,1069.8115198490668,0.0,0.0,1.0,90.0
0.0,811.3002951535377,1036.3135636813681,0.0,0.0,1.0,90.0
0.0,792.2078012427864,1056.3819997310366,0.0,0.0,1.0,90.0
0.0,843.9383519584771,1045.9870967818833,0.0,0.0,1.0,90.0
0.0,841.2543641517409,1051.075521303735,0.0,0.0,1.0,90.0
0.0,809.5746306698766,1027.919749712497,0.0,0.0,1.0,90.0
0.0,808.3348105689042,1075.0159554239644,0.0,0.0,1.0,90.0
0.0,810.8754039446708,1037.5908652941607,0.0,0.0,1.0,90.0
0.0,814.4150563437802,1090.8382821943983,0.0,0.0,1.0,90.0
0.0,832.2701838868697,1048.5142136959307,0.0,0.0,1.0,90.0
0.0,840.3739074100968,1039.095545045011,0.0,0.0,1.0,90.0
0.0,819.0751226546804,1039.4818990916674,0.0,0.0,1.0,90.0
0.0,814.1594133808026,1061.3879918924113,0.0,0.0,1.0,90.0
0.0,803.3981126632157,1058.6794278320695,0.0,0.0,1.0,90.0
0.0,780.3372897775766,1072.3156537781133,0.0,0.0,1.0,90.0
0.0,845.3270863952807,1040.4412835947564,0.0,0.0,1.0,90.0
0.0,765.3574264684248,1048.2774160171202,0.0,0.0,1.0,90.0
0.0,818.4694552150381,1024.0275612410755,0.0,0.0,1.0,90.0
0.0,817.300447480583,1042.3549807931076,0.0,0.0,1.0,90.0
0.0,817.436048674158,1032.777435063082,0.0,0.0,1.0,90.0
0.0,839.6846327614721,1055.9875454687071,0.0,0.0,1.0,90.0
0.0,805.1966730874697,1050.464524087377,0.0,0.0,1.0,90.0
0.0,831.7527388950944,1031.0106802797795,0.0,0.0,1.0,90.0
0.0,809.5239447625936,1075.353526852516,0.0,0.0,1.0,90.0
0.0,792.020719364526,1052.4485242639903,0.0,0.0,1.0,90.0
0.0,859.5069258982094,1085.7088989693352,0.0,0.0,1.0,90.0
0.0,815.0338802137871,1104.5641925859013,0.0,0.0,1.0,90.0
0.0,871.8558894091807,1126.5988645647235,0.0,0.0,1.0,90.0
0.0,847.0164094828542,1052.7695165997197,0.0,0.0,1.0,90.0
0.0,859.6791924631743,1085.5334800329379,0.0,0.0,1.0,90.0
0.0,840.9938729632977,1082.834812041554,0.0,0.0,1.0,90.0
0.0,843.9171335811966,1081.9665473445702,0.0,0.0,1.0,90.0
0.0,843.3222669020001,1151.0294654048662,0.0,0.0,1.0,90.0
0.0,874.5039888652955,1054.934725947674,0.0,0.0,1.0,90.0
0.0,855.7284634017487,1073.6825012381337,0.0,0.0,1.0,90.0
0.0,874.412059091736,1088.6877123644958,0.0,0.0,1.0,90.0
0.0,850.1304207641547,1067.1153989486493,0.0,0.0,1.0,90.0
0.0,852.514675737375,1078.9831966834272,0.0,0.0,1.0,90.0
0.0,861.6540817423129,1138.4164311012432,0.0,0.0,1.0,90.0
0.0,879.7799358342409,1094.1816897089534,0.0,0.0,1.0,90.0
0.0,855.5176020284348,1083.9992647312483,0.0,0.0,1.0,90.0
0.0,841.388206488818,1069.2062161479462,0.0,0.0,1.0,90.0
0.0,850.067625736971,1078.8477702619848,0.0,0.0,1.0,90.0
0.0,856.5052779466423,1078.3814741478577,0.0,0.0,1.0,90.0
0.0,843.7252517617394,1133.0271023939194,0.0,0.0,1.0,90.0
0.0,869.5868347911078,1107.7558228326207,0.0,0.0,1.0,90.0
0.0,835.368711110113,1047.1358894855434,0.0,0.0,1.0,90.0
0.0,866.7189560178535,1107.1688007784887,0.0,0.0,1.0,90.0
0.0,857.0386630283156,1072.794897986404,0.0,0.0,1.0,90.0
0.0,830.0573153377677,1061.4147067609438,0.0,0.0,1.0,90.0
0.0,851.2378308356542,1081.0821301312103,0.0,0.0,1.0,90.0
0.0,869.3110915566035,1053.3566012139863,0.0,0.0,1.0,90.0
0.0,872.7089235354538,1065.2757344454703,0.0,0.0,1.0,90.0
0.0,870.8098383225711,1101.9968542356482,0.0,0.0,1.0,90.0
0.0,801.4099619969479,1070.9847582991915,0.0,0.0,1.0,90.0
0.0,878.7391078788987,1076.3033920109356,0.0,0.0,1.0,90.0
0.0,861.7745360262661,1083.0318456541859,0.0,0.0,1.0,90.0
0.0,849.4371267461293,1067.3072001043452,0.0,0.0,1.0,90.0
0.0,858.7547252718027,1072.1608613386106,0.0,0.0,1.0,90.0
0.0,873.3338982765217,1084.585628651977,0.0,0.0,1.0,90.0
0.0,843.3888144200469,1085.580143084323,0.0,0.0,1.0,90.0
0.0,861.4212178381422,1086.6513326594886,0.0,0.0,1.0,90.0
0.0,707.1143304129141,1236.6045069682914,0.0,0.0,1.0,91.0
0.0,661.2569308891107,1250.2180601433292,0.0,0.0,1.0,91.0
0.0,728.3191419642985,1239.06289838488,0.0,0.0,1.0,91.0
0.0,732.4623642735919,1236.518816865183,0.0,0.0,1.0,91.0
0.0,704.8767944214605,1233.1998178309104,0.0,0.0,1.0,91.0
0.0,719.8168628023368,1237.5187965957157,0.0,0.0,1.0,91.0
0.0,684.8754207695442,1222.3213097496118,0.0,0.0,1.0,91.0
0.0,709.0634491464184,1197.8588871044308,0.0,0.0,1.0,91.0
0.0,702.2099513282051,1228.2316128862103,0.0,0.0,1.0,91.0
0.0,680.2368753975652,1274.3986795203973,0.0,0.0,1.0,91.0
0.0,724.4762597048552,1242.3668952926005,0.0,0.0,1.0,91.0
0.0,714.4569452948531,1266.6485547172006,0.0,0.0,1.0,91.0
0.0,719.1540212436516,1235.0445219462663,0.0,0.0,1.0,91.0
0.0,720.5442769328542,1247.88465334568,0.0,0.0,1.0,91.0
0.0,721.7735861882161,1245.324461918991,0.0,0.0,1.0,91.0
0.0,703.3269728533705,1253.7662605072546,0.0,0.0,1.0,91.0
0.0,708.8872452725873,1228.598153504552,0.0,0.0,1.0,91.0
0.0,683.3551266760032,1261.1375340795585,0.0,0.0,1.0,91.0
0.0,709.1348067740091,1266.5591050766188,0.0,0.0,1.0,91.0
0.0,692.1908337758744,1290.561266553063,0.0,0.0,1.0,91.0
0.0,608.8543222398168,1336.4841514081236,0.0,0.0,1.0,91.0
0.0,624.6298860904119,1340.3783271336515,0.0,0.0,1.0,91.0
0.0,619.4630026851214,1325.39115760399,0.0,0.0,1.0,91.0
0.0,622.2082834170278,1342.0165791378786,0.0,0.0,1.0,91.0
0.0,612.3718574543368,1317.8171969068053,0.0,0.0,1.0,91.0
0.0,673.6282778178668,1288.666516897939,0.0,0.0,1.0,91.0
0.0,595.5339439808322,1323.359148084045,0.0,0.0,1.0,91.0
0.0,615.6516648169468,1315.7225693851656,0.0,0.0,1.0,91.0
0.0,644.5731139837585,1321.080045481046,0.0,0.0,1.0,91.0
0.0,635.953467501547,1332.992742992813,0.0,0.0,1.0,91.0
0.0,625.2425244882288,1343.2084478484385,0.0,0.0,1.0,91.0
0.0,638.8800783707823,1310.449324917363,0.0,0.0,1.0,91.0
0.0,617.692756878037,1322.991514813235,0.0,0.0,1.0,91.0
0.0,625.8838577719966,1335.4134843489278,0.0,0.0,1.0,91.0
0.0,612.5895003094729,1310.0639906279903,0.0,0.0,1.0,91.0
0.0,616.0903925928646,1269.7038060339041,0.0,0.0,1.0,91.0
0.0,579.9749189875865,1243.1313047510544,0.0,0.0,1.0,91.0
0.0,619.1061715507785,1238.274324953104,0.0,0.0,1.0,91.0
0.0,629.8597244206755,1316.312077297629,0.0,0.0,1.0,91.0
0.0,632.4702991000954,1340.4197485416666,0.0,0.0,1.0,91.0
0.0,624.7864560024818,1315.8347489901253,0.0,0.0,1.0,91.0
0.0,615.7741966613289,1328.6238636203789,0.0,0.0,1.0,91.0
0.0,613.1461044510095,1326.0375643676975,0.0,0.0,1.0,91.0
0.0,638.8827852026168,1320.2138340882075,0.0,0.0,1.0,91.0
0.0,626.4849870034059,1324.0229554315756,0.0,0.0,1.0,91.0
0.0,642.0360358715111,1336.3321376641607,0.0,0.0,1.0,91.0
0.0,619.665131860917,1318.4798483020213,0.0,0.0,1.0,91.0
0.0,620.2947998724503,1308.1396294892766,0.0,0.0,1.0,91.0
0.0,649.7619892312082,1297.3950300636443,0.0,0.0,1.0,91.0
0.0,610.4879642390706,1357.8482755039595,0.0,0.0,1.0,91.0
0.0,562.7852012825876,1320.2289652604331,0.0,0.0,1.0,91.0
0.0,617.9408695176937,1318.1298652535852,0.0,0.0,1.0,91.0
0.0,544.9577419695411,1285.4968952327936,0.0,0.0,1.0,91.0
0.0,587.2514829951563,1287.9693617185803,0.0,0.0,1.0,91.0
0.0,563.0622308949082,1263.1602216087203,0.0,0.0,1.0,91.0
0.0,582.9139606288684,1311.1775097250284,0.0,0.0,1.0,91.0
0.0,535.7203500341277,1281.7987785806108,0.0,0.0,1.0,91.0
0.0,578.4659109144038,1313.8868328270592,0.0,0.0,1.0,91.0
0.0,569.0980431111007,1310.4055549731338,0.0,0.0,1.0,91.0
0.0,561.9222621869405,1298.4178011196882,0.0,0.0,1.0,91.0
0.0,564.4636872629694,1276.6810813829197,0.0,0.0,1.0,91.0
0.0,589.7203798956602,1307.7341153109428,0.0,0.0,1.0,91.0
0.0,583.4980479415192,1286.981574466603,0.0,0.0,1.0,91.0
0.0,548.2982387829111,1278.1677175197296,0.0,0.0,1.0,91.0
0.0,542.334417878498,1318.7632222872821,0.0,0.0,1.0,91.0
0.0,546.1052874682014,1290.530528054976,0.0,0.0,1.0,91.0
0.0,572.4107791267766,1280.704552741554,0.0,0.0,1.0,91.0
0.0,557.6421834654802,1301.8029809729287,0.0,0.0,1.0,91.0
0.0,579.8093807453806,1284.2650383287832,0.0,0.0,1.0,91.0
0.0,556.2946951962454,1277.4600059582713,0.0,0.0,1.0,91.0
0.0,525.908744682501,1210.329964320781,0.0,0.0,1.0,91.0
0.0,544.6644786274367,1255.4310598085322,0.0,0.0,1.0,91.0
0.0,567.5122213637792,1233.9700738674574,0.0,0.0,1.0,91.0
0.0,592.7710362845648,1235.2142499739098,0.0,0.0,1.0,91.0
0.0,540.8719566114569,1238.9788798532932,0.0,0.0,1.0,91.0
0.0,552.1178937377888,1238.6950223987797,0.0,0.0,1.0,91.0
0.0,540.2274927927224,1265.605601378354,0.0,0.0,1.0,91.0
0.0,557.3039175652677,1263.1488316662349,0.0,0.0,1.0,91.0
0.0,552.0865410503507,1256.577066251792,0.0,0.0,1.0,91.0
0.0,554.9712249907379,1237.8538322162326,0.0,0.0,1.0,91.0
0.0,536.9313342400083,1229.2912869828524,0.0,0.0,1.0,91.0
0.0,561.2730097359824,1229.886052553497,0.0,0.0,1.0,91.0
0.0,520.7584384893125,1221.882559772232,0.0,0.0,1.0,91.0
0.0,584.5775398676028,1310.786289992635,0.0,0.0,1.0,91.0
0.0,585.0730773174946,1237.191948349925,0.0,0.0,1.0,91.0
0.0,540.8241408324013,1255.256440269247,0.0,0.0,1.0,91.0
0.0,534.4746577792466,1250.4919234952094,0.0,0.0,1.0,91.0
0.0,555.3686573878265,1243.2489111929672,0.0,0.0,1.0,91.0
0.0,535.2491537460994,1244.9184323022591,0.0,0.0,1.0,91.0
0.0,533.0961684223619,1242.773422238095,0.0,0.0,1.0,91.0
0.0,553.8188772880487,1221.1140066927742,0.0,0.0,1.0,91.0
0.0,565.8573633012318,1244.5441043108776,0.0,0.0,1.0,91.0
0.0,559.0717530078296,1241.1511173619515,0.0,0.0,1.0,91.0
0.0,574.9501970561928,1198.8580007441037,0.0,0.0,1.0,91.0
0.0,579.0006709319923,1159.7712599042325,0.0,0.0,1.0,91.0
0.0,547.6518306156829,1195.2090795386393,0.0,0.0,1.0,91.0
0.0,565.2936556511863,1177.466166836537,0.0,0.0,1.0,91.0
0.0,588.4783767407432,1183.2518242697224,0.0,0.0,1.0,91.0
0.0,573.7778303583,1153.3830135377202,0.0,0.0,1.0,91.0
0.0,589.1768686064083,1173.757171174847,0.0,0.0,1.0,91.0
0.0,560.4513172518132,1211.3455113950945,0.0,0.0,1.0,91.0
0.0,555.5345078982846,1152.2178935625038,0.0,0.0,1.0,91.0
0.0,555.5981298566367,1181.1335496141292,0.0,0.0,1.0,91.0
0.0,554.5753629585897,1149.8113841878653,0.0,0.0,1.0,91.0
0.0,562.1335650887506,1198.984741016066,0.0,0.0,1.0,91.0
0.0,578.2512068434846,1167.708045231494,0.0,0.0,1.0,91.0
0.0,563.0299015088772,1185.1463748484957,0.0,0.0,1.0,91.0
0.0,578.9117610665057,1186.1952149109775,0.0,0.0,1.0,91.0
0.0,538.8776779331099,1165.5550174738237,0.0,0.0,1.0,91.0
0.0,556.6792479768733,1219.6131634468925,0.0,0.0,1.0,91.0
0.0,561.9098910818198,1186.3378218001853,0.0,0.0,1.0,91.0
0.0,577.8830308320084,1168.99897521278,0.0,0.0,1.0,91.0
0.0,560.6564429846426,1177.8287183053199,0.0,0.0,1.0,91.0
0.0,551.748260220993,1168.2437926604825,0.0,0.0,1.0,91.0
0.0,565.3787328183789,1157.144217500525,0.0,0.0,1.0,91.0
0.0,572.3145420492269,1154.0580952165028,0.0,0.0,1.0,91.0
0.0,569.2188065526852,1171.7914942996504,0.0,0.0,1.0,91.0
0.0,564.1398354258017,1238.4901199675323,0.0,0.0,1.0,91.0
0.0,578.8872206332574,1170.4792994532127,0.0,0.0,1.0,91.0
0.0,559.3937909230717,1159.4138434119632,0.0,0.0,1.0,91.0
0.0,551.611184086275,1199.3085110468173,0.0,0.0,1.0,91.0
0.0,633.8970134312233,1193.9973934504087,0.0,0.0,1.0,91.0
0.0,576.372846977828,1179.126560855535,0.0,0.0,1.0,91.0
0.0,583.9281618460536,1203.3734112112375,0.0,0.0,1.0,91.0
0.0,612.467596610245,1220.4914037252202,0.0,0.0,1.0,91.0
0.0,561.0659103205057,1189.6028312186377,0.0,0.0,1.0,91.0
0.0,563.9493376211944,1179.6776993974945,0.0,0.0,1.0,91.0
0.0,553.9294108403756,1195.7003204597818,0.0,0.0,1.0,91.0
0.0,590.6798767293365,1149.9740185101332,0.0,0.0,1.0,91.0
0.0,579.4481021969141,1170.5746141532745,0.0,0.0,1.0,91.0
0.0,580.5912783637673,1166.9324396984725,0.0,0.0,1.0,91.0
0.0,589.2703840424572,1162.9245338826404,0.0,0.0,1.0,91.0
0.0,560.9833805715452,1183.437208445122,0.0,0.0,1.0,91.0
0.0,578.3155451805583,1191.2907792490955,0.0,0.0,1.0,91.0
0.0,572.7057244260634,1204.5845613423116,0.0,0.0,1.0,91.0
0.0,595.3463950730331,1177.8664732510606,0.0,0.0,1.0,91.0
0.0,565.7503623925545,1196.084392263484,0.0,0.0,1.0,91.0
0.0,558.1413321427679,1181.6991890036334,0.0,0.0,1.0,91.0
0.0,588.6583959604436,1137.5869912555158,0.0,0.0,1.0,91.0
0.0,611.6165911510388,1166.805696630271,0.0,0.0,1.0,91.0
0.0,646.1050228486547,1142.59722103913,0.0,0.0,1.0,91.0
0.0,671.5814630548671,1160.9755561841712,0.0,0.0,1.0,91.0
0.0,627.7955090257926,1140.5244615890515,0.0,0.0,1.0,91.0
0.0,671.5404651906392,1160.9198162207786,0.0,0.0,1.0,91.0
0.0,629.4845117599602,1159.9638926148446,0.0,0.0,1.0,91.0
0.0,636.2567566562554,1148.394640129888,0.0,0.0,1.0,91.0
0.0,637.2519152110201,1174.6496861872101,0.0,0.0,1.0,91.0
0.0,623.9990115894727,1149.2482559178643,0.0,0.0,1.0,91.0
0.0,620.2596746445281,1171.0502578046935,0.0,0.0,1.0,91.0
0.0,639.1805276522955,1152.358730874434,0.0,0.0,1.0,91.0
0.0,646.4722365658026,1152.910313193429,0.0,0.0,1.0,91.0
0.0,675.7185762007275,1172.9352992334798,0.0,0.0,1.0,91.0
0.0,625.3065320659673,1142.0636048295373,0.0,0.0,1.0,91.0
0.0,643.6216246268805,1160.5592610728218,0.0,0.0,1.0,91.0
0.0,631.164581457587,1145.3884722914254,0.0,0.0,1.0,91.0
0.0,595.8526983312663,1145.2117773057003,0.0,0.0,1.0,91.0
0.0,624.5441974362084,1150.9280416781148,0.0,0.0,1.0,91.0
0.0,631.1909587123678,1158.4645642397336,0.0,0.0,1.0,91.0
0.0,673.4022186366647,1168.647089879324,0.0,0.0,1.0,91.0
0.0,648.6934105968039,1165.2518889419225,0.0,0.0,1.0,91.0
0.0,644.2244104176402,1165.925345376325,0.0,0.0,1.0,91.0
0.0,630.270780861159,1157.927716999825,0.0,0.0,1.0,91.0
0.0,619.4035512876808,1166.573277760709,0.0,0.0,1.0,91.0
0.0,595.0554231473589,1152.181198238818,0.0,0.0,1.0,91.0
0.0,591.1548436130101,1166.7725899214993,0.0,0.0,1.0,91.0
0.0,591.5847901050083,1150.6196571167065,0.0,0.0,1.0,91.0
0.0,635.9011579010512,1164.7260302123595,0.0,0.0,1.0,91.0
0.0,678.2180675666314,1196.510884846311,0.0,0.0,1.0,91.0
0.0,596.6101696814635,1149.5152947836305,0.0,0.0,1.0,91.0
0.0,664.2317496487665,1149.8974295146622,0.0,0.0,1.0,91.0
0.0,634.405522920569,1126.6278510580032,0.0,0.0,1.0,91.0
0.0,614.1342979359804,1166.570095239213,0.0,0.0,1.0,91.0
0.0,646.6569242041865,1143.949485299128,0.0,0.0,1.0,91.0
0.0,690.3368163003815,1177.4310372420232,0.0,0.0,1.0,91.0
0.0,679.8179164110643,1160.3664695194616,0.0,0.0,1.0,91.0
0.0,597.898269422881,1159.2793450410918,0.0,0.0,1.0,91.0
0.0,602.0080507441176,1173.756702767765,0.0,0.0,1.0,91.0
0.0,588.971893437204,1155.2086430123763,0.0,0.0,1.0,91.0
0.0,640.0570583829776,1162.833695070497,0.0,0.0,1.0,91.0
0.0,631.0741224005164,1148.9096853030105,0.0,0.0,1.0,91.0
0.0,618.0191151787685,1151.9450590809197,0.0,0.0,1.0,91.0
0.0,643.0990226108179,1167.3751355468544,0.0,0.0,1.0,91.0
0.0,705.2495302125803,1195.3124397100828,0.0,0.0,1.0,91.0
0.0,683.7652346993823,1154.516848318398,0.0,0.0,1.0,91.0
0.0,702.4649761592077,1208.0666782499475,0.0,0.0,1.0,91.0
0.0,673.9046691421518,1176.0095652508508,0.0,0.0,1.0,91.0
0.0,705.3807883647683,1186.8403843967017,0.0,0.0,1.0,91.0
0.0,644.2095754534334,1191.8914339447097,0.0,0.0,1.0,91.0
0.0,698.6174567554322,1199.7305170367854,0.0,0.0,1.0,91.0
0.0,688.3281082678486,1181.5164260928723,0.0,0.0,1.0,91.0
0.0,690.9554857986323,1160.44770665356,0.0,0.0,1.0,91.0
0.0,691.9566210148296,1188.6516424020956,0.0,0.0,1.0,91.0
0.0,703.356344285578,1168.95349983274,0.0,0.0,1.0,91.0
0.0,672.0774222317873,1236.2836133858227,0.0,0.0,1.0,91.0
0.0,692.5362864024187,1161.8229334501116,0.0,0.0,1.0,91.0
0.0,705.1199810875769,1170.3863631680638,0.0,0.0,1.0,91.0
0.0,658.9587699187232,1168.165060048439,0.0,0.0,1.0,91.0
0.0,616.5881368056707,1164.118710677039,0.0,0.0,1.0,91.0
0.0,693.2944442709418,1192.036110969119,0.0,0.0,1.0,91.0
0.0,671.3834247621937,1156.9823996156265,0.0,0.0,1.0,91.0
0.0,727.2206648592055,1193.3149840700771,0.0,0.0,1.0,91.0
0.0,677.8343030856131,1198.9426159244313,0.0,0.0,1.0,91.0
0.0,675.2335900829567,1181.0523510769572,0.0,0.0,1.0,91.0
0.0,694.1273320888404,1196.187705187333,0.0,0.0,1.0,91.0
0.0,-411.05407708843654,1215.0276366987955,0.0,0.0,1.0,92.0
0.0,-467.9682702179448,1226.9716120479206,0.0,0.0,1.0,92.0
0.0,-445.83807517292985,1281.184846983213,0.0,0.0,1.0,92.0
0.0,-395.8769162010128,1235.3381890884043,0.0,0.0,1.0,92.0
0.0,-434.999568314973,1286.1139262555062,0.0,0.0,1.0,92.0
0.0,-439.9312910085479,1285.999293127361,0.0,0.0,1.0,92.0
0.0,-433.2002925123413,1270.2990847173369,0.0,0.0,1.0,92.0
0.0,-397.14644406317086,1242.7123111374149,0.0,0.0,1.0,92.0
0.0,-437.03784779682815,1279.7370603413815,0.0,0.0,1.0,92.0
0.0,-437.79004756512177,1293.607756866395,0.0,0.0,1.0,92.0
0.0,-448.800469039366,1279.227602725503,0.0,0.0,1.0,92.0
0.0,-430.0042129862229,1292.4832385710824,0.0,0.0,1.0,92.0
0.0,-441.8653326796334,1267.7798240565153,0.0,0.0,1.0,92.0
0.0,-423.16289534582415,1268.7254635417403,0.0,0.0,1.0,92.0
0.0,-376.8778542503121,1258.219795311562,0.0,0.0,1.0,92.0
0.0,-431.6236400372277,1262.1137957992623,0.0,0.0,1.0,92.0
0.0,-442.8967933650189,1296.6385219333833,0.0,0.0,1.0,92.0
0.0,-469.66595413056893,1255.9975260109018,0.0,0.0,1.0,92.0
0.0,-447.6323836931389,1297.1825555601336,0.0,0.0,1.0,92.0
0.0,-459.894425994185,1299.0245369161312,0.0,0.0,1.0,92.0
0.0,-440.1825981414354,1292.3842523782123,0.0,0.0,1.0,92.0
0.0,-434.04710280621134,1284.7584493741988,0.0,0.0,1.0,92.0
0.0,-448.1028705372935,1268.9218896384155,0.0,0.0,1.0,92.0
0.0,-444.3891305241842,1280.723270722825,0.0,0.0,1.0,92.0
0.0,-369.79483055720925,1264.4111553241073,0.0,0.0,1.0,92.0
0.0,-352.61912095911157,1264.830897457417,0.0,0.0,1.0,92.0
0.0,-442.11562908424867,1276.5166413865963,0.0,0.0,1.0,92.0
0.0,-448.9718177264127,1289.1686162012602,0.0,0.0,1.0,92.0
0.0,-403.16533472737103,1256.0142173314662,0.0,0.0,1.0,92.0
0.0,-444.35216512446857,1265.9455497803838,0.0,0.0,1.0,92.0
0.0,-389.9510212310406,1291.5895446955228,0.0,0.0,1.0,92.0
0.0,-393.0621559042211,1265.5356393902543,0.0,0.0,1.0,92.0
0.0,-439.0797991651697,1235.0218017402221,0.0,0.0,1.0,92.0
0.0,-447.2629195080158,1281.2571816277687,0.0,0.0,1.0,92.0
0.0,-444.4065032103722,1278.9099658824152,0.0,0.0,1.0,92.0
0.0,-454.17657237026947,1282.8722499687865,0.0,0.0,1.0,92.0
0.0,-453.70498041764756,1317.2883348219952,0.0,0.0,1.0,92.0
0.0,-436.62598995049166,1271.526679721299,0.0,0.0,1.0,92.0
0.0,-436.5271737891901,1306.6689328338925,0.0,0.0,1.0,92.0
0.0,-442.4653808216997,1265.5340087891068,0.0,0.0,1.0,92.0
0.0,-437.60069384886185,1263.5652856937327,0.0,0.0,1.0,92.0
0.0,-450.1097783559188,1294.1741761599292,0.0,0.0,1.0,92.0
0.0,-445.60712145225284,1261.3366969378044,0.0,0.0,1.0,92.0
0.0,-432.90849443828404,1305.9095841449844,0.0,0.0,1.0,92.0
0.0,-385.5093833985917,1284.7530869823968,0.0,0.0,1.0,92.0
0.0,-349.31312842977695,1266.7397963570984,0.0,0.0,1.0,92.0
0.0,-423.228775917711,1281.7699519025841,0.0,0.0,1.0,92.0
0.0,-454.06958864478383,1297.342454191823,0.0,0.0,1.0,92.0
0.0,-435.50215615550655,1218.3884466904142,0.0,0.0,1.0,92.0
0.0,-441.2046253237826,1298.1895520971948,0.0,0.0,1.0,92.0
0.0,-460.37609313389976,1247.1281107063614,0.0,0.0,1.0,92.0
0.0,-440.28120077682365,1189.1331988463253,0.0,0.0,1.0,92.0
0.0,-411.7789794767473,1222.7317457459721,0.0,0.0,1.0,92.0
0.0,-476.1457815927839,1221.0877109733246,0.0,0.0,1.0,92.0
0.0,-452.78792379911624,1234.4439615893411,0.0,0.0,1.0,92.0
0.0,-465.8650591871483,1224.7524354506668,0.0,0.0,1.0,92.0
0.0,-442.42846230667465,1241.1972239541715,0.0,0.0,1.0,92.0
0.0,-465.2245089680814,1233.7670061596937,0.0,0.0,1.0,92.0
0.0,-451.81958474059775,1237.029949518686,0.0,0.0,1.0,92.0
0.0,-467.6919816423285,1253.415230923787,0.0,0.0,1.0,92.0
0.0,-448.56321637183146,1250.8451128924953,0.0,0.0,1.0,92.0
0.0,-398.16342357950566,1241.9397374380105,0.0,0.0,1.0,92.0
0.0,-457.4611497592623,1223.1144441095148,0.0,0.0,1.0,92.0
0.0,-473.73683473267135,1222.263823801858,0.0,0.0,1.0,92.0
0.0,-450.52998136033216,1219.4808956813258,0.0,0.0,1.0,92.0
0.0,-470.7286146466215,1244.2180115243127,0.0,0.0,1.0,92.0
0.0,-471.52925707215013,1222.4844419547544,0.0,0.0,1.0,92.0
0.0,-452.6007546438925,1238.6126092899003,0.0,0.0,1.0,92.0
0.0,-455.3394605638507,1207.4532592934384,0.0,0.0,1.0,92.0
0.0,-444.7823658080929,1234.5714161279247,0.0,0.0,1.0,92.0
0.0,-478.95128199443707,1232.8934358340316,0.0,0.0,1.0,92.0
0.0,-462.1600953040511,1240.548490173942,0.0,0.0,1.0,92.0
0.0,-419.5133095274074,1216.8727545493152,0.0,0.0,1.0,92.0
0.0,-447.3663268316636,1234.428504476693,0.0,0.0,1.0,92.0
0.0,-441.88911496601816,1188.9914252178369,0.0,0.0,1.0,92.0
0.0,-464.3590175415395,1235.0925879214515,0.0,0.0,1.0,92.0
0.0,-445.54988668103783,1245.184173338086,0.0,0.0,1.0,92.0
0.0,-432.5835421465015,1233.3124219687143,0.0,0.0,1.0,92.0
0.0,-459.14889115374945,1215.144763719204,0.0,0.0,1.0,92.0
0.0,-432.4942769580582,1225.6587766037483,0.0,0.0,1.0,92.0
0.0,-483.9817673073926,1233.8623075166515,0.0,0.0,1.0,92.0
0.0,-431.76322531577136,1210.0854067696605,0.0,0.0,1.0,92.0
0.0,-447.36241303034365,1226.110860576674,0.0,0.0,1.0,92.0
0.0,-416.035290366078,1217.8476727536608,0.0,0.0,1.0,92.0
0.0,-452.83100807124697,1223.2590648888581,0.0,0.0,1.0,92.0
0.0,-450.5269160042617,1225.932511383182,0.0,0.0,1.0,92.0
0.0,-450.93317607127847,1248.9995280344356,0.0,0.0,1.0,92.0
0.0,-453.491365761887,1217.8723541118657,0.0,0.0,1.0,92.0
0.0,-437.98261056977185,1210.3500593051017,0.0,0.0,1.0,92.0
0.0,-438.020100282714,1207.1234215026816,0.0,0.0,1.0,92.0
0.0,-430.5665480658038,1216.8555158380095,0.0,0.0,1.0,92.0
0.0,-455.57226263992095,1187.6108891770991,0.0,0.0,1.0,92.0
0.0,-427.3843156765804,1175.4599592382942,0.0,0.0,1.0,92.0
0.0,-433.65446786237635,1194.5566367219253,0.0,0.0,1.0,92.0
0.0,-420.3563306926915,1217.3430773428026,0.0,0.0,1.0,92.0
0.0,-417.6836122451357,1194.779317061625,0.0,0.0,1.0,92.0
0.0,-409.24990502504875,1187.3000098812317,0.0,0.0,1.0,92.0
0.0,-462.1328233291565,1165.1598664763878,0.0,0.0,1.0,92.0
0.0,-434.2313973030771,1181.212599266698,0.0,0.0,1.0,92.0
0.0,-440.2521558706686,1178.7330247907694,0.0,0.0,1.0,92.0
0.0,-428.4623831536758,1191.5398834653997,0.0,0.0,1.0,92.0
0.0,-395.59446887848105,1191.975414296934,0.0,0.0,1.0,92.0
0.0,-450.4212185169115,1184.9141515255892,0.0,0.0,1.0,92.0
0.0,-413.01992391120666,1188.9940183803255,0.0,0.0,1.0,92.0
0.0,-423.19035629094355,1194.432409779367,0.0,0.0,1.0,92.0
0.0,-426.09683515774987,1213.172618965386,0.0,0.0,1.0,92.0
0.0,-419.73873704486414,1186.4893162483795,0.0,0.0,1.0,92.0
0.0,-424.2687421164269,1185.5071410926503,0.0,0.0,1.0,92.0
0.0,-445.1794828536538,1172.8519124364848,0.0,0.0,1.0,92.0
0.0,-393.4253018796396,1155.174093347413,0.0,0.0,1.0,92.0
0.0,-420.79714812586076,1169.2243692095662,0.0,0.0,1.0,92.0
0.0,-439.7797962432917,1182.6563607141165,0.0,0.0,1.0,92.0
0.0,-430.3685543967015,1163.0073686759606,0.0,0.0,1.0,92.0
0.0,-430.5475421856422,1167.1367279104052,0.0,0.0,1.0,92.0
0.0,-432.165284374415,1224.9139008119892,0.0,0.0,1.0,92.0
0.0,-416.2979547635424,1160.1572024999869,0.0,0.0,1.0,92.0
0.0,-419.22749567971255,1157.7531177805631,0.0,0.0,1.0,92.0
0.0,-417.70687234260186,1189.0160291672155,0.0,0.0,1.0,92.0
0.0,-432.7229121361172,1205.1856653310147,0.0,0.0,1.0,92.0
0.0,-429.7332638170228,1170.3583574352924,0.0,0.0,1.0,92.0
0.0,-448.09520656795985,1181.651547104536,0.0,0.0,1.0,92.0
0.0,-372.64501459500843,1148.6259869418773,0.0,0.0,1.0,92.0
0.0,-367.55760302574765,1184.7491150141714,0.0,0.0,1.0,92.0
0.0,-388.9880206741102,1192.4095060079458,0.0,0.0,1.0,92.0
0.0,-393.9893287353277,1155.6638746744602,0.0,0.0,1.0,92.0
0.0,-392.95997285204044,1175.4483224798587,0.0,0.0,1.0,92.0
0.0,-392.13624479409566,1171.7029246200286,0.0,0.0,1.0,92.0
0.0,-395.99103072529533,1180.6840676880347,0.0,0.0,1.0,92.0
0.0,-395.58165632134956,1181.2335064633971,0.0,0.0,1.0,92.0
0.0,-413.5891130679404,1177.4665924766946,0.0,0.0,1.0,92.0
0.0,-399.89346038460417,1166.2120927873234,0.0,0.0,1.0,92.0
0.0,-434.6693154812292,1234.7975772683712,0.0,0.0,1.0,92.0
0.0,-376.4743035201476,1188.8121931798892,0.0,0.0,1.0,92.0
0.0,-397.59214404514546,1157.15340827126,0.0,0.0,1.0,92.0
0.0,-396.67578457554066,1205.9640053586868,0.0,0.0,1.0,92.0
0.0,-373.6794890270951,1198.8216130937926,0.0,0.0,1.0,92.0
0.0,-362.4185517757278,1167.3952154664453,0.0,0.0,1.0,92.0
0.0,-363.6074200319845,1178.8808100590918,0.0,0.0,1.0,92.0
0.0,-375.8138964368467,1183.4136959764614,0.0,0.0,1.0,92.0
0.0,-392.29702563230603,1142.789182749474,0.0,0.0,1.0,92.0
0.0,-420.0640815977513,1158.031283674738,0.0,0.0,1.0,92.0
0.0,-391.6305840247271,1192.4766518275983,0.0,0.0,1.0,92.0
0.0,-368.76809124886745,1167.090412795107,0.0,0.0,1.0,92.0
0.0,-393.15291806835705,1173.4994623449975,0.0,0.0,1.0,92.0
0.0,-397.1448961355843,1176.6329962992345,0.0,0.0,1.0,92.0
0.0,-359.2773272336867,1149.0852180754082,0.0,0.0,1.0,92.0
0.0,-366.30369587760833,1188.4753952027895,0.0,0.0,1.0,92.0
0.0,-368.6700035848496,1157.7659132098106,0.0,0.0,1.0,92.0
0.0,-368.8165183873814,1187.4470101065917,0.0,0.0,1.0,92.0
0.0,-352.93409229438066,1167.0271643174838,0.0,0.0,1.0,92.0
0.0,-382.6486285939218,1158.7072077917537,0.0,0.0,1.0,92.0
0.0,-369.7916049216866,1178.9346894657183,0.0,0.0,1.0,92.0
0.0,-388.1957249053585,1166.1395947423648,0.0,0.0,1.0,92.0
0.0,-335.9631871237689,1173.8926618806663,0.0,0.0,1.0,92.0
0.0,-387.88131792035756,1142.05965558948,0.0,0.0,1.0,92.0
0.0,-375.4843306399987,1155.3261704311603,0.0,0.0,1.0,92.0
0.0,-320.1408674877457,1194.9122659756963,0.0,0.0,1.0,92.0
0.0,-391.8113806034669,1185.8739793492055,0.0,0.0,1.0,92.0
0.0,-382.5526414217079,1171.5112785991214,0.0,0.0,1.0,92.0
0.0,-401.48271202284855,1182.0955197902267,0.0,0.0,1.0,92.0
0.0,-373.63150601298,1190.8719537757233,0.0,0.0,1.0,92.0
0.0,-355.086074517822,1184.9376468775017,0.0,0.0,1.0,92.0
0.0,-393.01320450263984,1170.285933584978,0.0,0.0,1.0,92.0
0.0,-378.8475265092526,1190.4303490449302,0.0,0.0,1.0,92.0
0.0,-381.1022189210553,1198.164574361142,0.0,0.0,1.0,92.0
0.0,-375.35641862473415,1163.6442072475356,0.0,0.0,1.0,92.0
0.0,-387.62854822783606,1165.9585647285767,0.0,0.0,1.0,92.0
0.0,-360.15878442826306,1174.0983650320204,0.0,0.0,1.0,92.0
0.0,-367.00208835428555,1190.1219801628022,0.0,0.0,1.0,92.0
0.0,-419.6236767440155,1167.2544115996834,0.0,0.0,1.0,92.0
0.0,-371.9185770342855,1185.0891763694099,0.0,0.0,1.0,92.0
0.0,-305.7128428130759,1193.9624056294401,0.0,0.0,1.0,92.0
0.0,-304.8944772045893,1195.85617855498,0.0,0.0,1.0,92.0
0.0,-328.01342891133527,1214.6909170203849,0.0,0.0,1.0,92.0
0.0,-353.3455034358923,1205.8250242959966,0.0,0.0,1.0,92.0
0.0,-364.5996889130945,1197.4915861014842,0.0,0.0,1.0,92.0
0.0,-330.6300068216276,1181.677491764448,0.0,0.0,1.0,92.0
0.0,-348.80573617482855,1209.8974966224996,0.0,0.0,1.0,92.0
0.0,-326.6886156427081,1178.2393870276696,0.0,0.0,1.0,92.0
0.0,-295.93212114008475,1179.365483795034,0.0,0.0,1.0,92.0
0.0,-323.97145612598206,1183.2827920149748,0.0,0.0,1.0,92.0
0.0,-349.1827998888559,1188.1773454468857,0.0,0.0,1.0,92.0
0.0,-313.9021762509519,1177.6806917478098,0.0,0.0,1.0,92.0
0.0,-333.2163739689811,1201.6025062625276,0.0,0.0,1.0,92.0
0.0,-321.8369765703658,1191.0424508311144,0.0,0.0,1.0,92.0
0.0,-332.14973083792006,1178.4892483428462,0.0,0.0,1.0,92.0
0.0,-324.1465177743926,1181.1088194440244,0.0,0.0,1.0,92.0
0.0,-306.41025362030064,1212.8046107312666,0.0,0.0,1.0,92.0
0.0,-320.0624421372527,1177.5358537878055,0.0,0.0,1.0,92.0
0.0,-354.5179234108209,1190.8710425889599,0.0,0.0,1.0,92.0
0.0,-346.9469522118793,1205.8067372577425,0.0,0.0,1.0,92.0
0.0,-341.2489017812027,1202.4080787767844,0.0,0.0,1.0,92.0
0.0,-340.2210962637107,1188.2325195481235,0.0,0.0,1.0,92.0
0.0,-313.4660753452458,1218.4525994222358,0.0,0.0,1.0,92.0
0.0,-343.4130286581618,1201.7891806682342,0.0,0.0,1.0,92.0
0.0,-386.5650982317844,1169.5013903939816,0.0,0.0,1.0,92.0
0.0,-358.28910972602057,1195.2899922633978,0.0,0.0,1.0,92.0
0.0,-325.0557102454129,1186.3084666163836,0.0,0.0,1.0,92.0
0.0,-401.75974694485944,1198.098072727823,0.0,0.0,1.0,92.0
0.0,-338.8750155633635,1277.3760769424198,0.0,0.0,1.0,92.0
0.0,-343.3681501047091,1282.8132490202443,0.0,0.0,1.0,92.0
0.0,-317.13716287203397,1251.6239908218722,0.0,0.0,1.0,92.0
0.0,-388.9821816795479,1234.890598751953,0.0,0.0,1.0,92.0
0.0,-325.18809244491877,1257.5176347636966,0.0,0.0,1.0,92.0
0.0,-297.23195101327565,1247.186675727883,0.0,0.0,1.0,92.0
0.0,-331.87148850102903,1245.2794711413871,0.0,0.0,1.0,92.0
0.0,-291.0661031657471,1248.6443354156108,0.0,0.0,1.0,92.0
0.0,-321.0475373933018,1277.4766974812442,0.0,0.0,1.0,92.0
0.0,-312.5597662985738,1231.8729272941682,0.0,0.0,1.0,92.0
0.0,-302.44560092157053,1247.3118467833901,0.0,0.0,1.0,92.0
0.0,-317.6908987224165,1250.8788711969455,0.0,0.0,1.0,92.0
0.0,-301.39834139828076,1255.594585756301,0.0,0.0,1.0,92.0
0.0,-317.9635611803046,1289.1155707975522,0.0,0.0,1.0,92.0
0.0,-339.5682939566002,1307.504209338077,0.0,0.0,1.0,92.0
0.0,-361.66817269931505,1292.3504687130453,0.0,0.0,1.0,92.0
0.0,-358.4696521781333,1287.0087116437244,0.0,0.0,1.0,92.0
0.0,-347.7889661496894,1304.8356599217468,0.0,0.0,1.0,92.0
0.0,-346.1206662156852,1311.680783044666,0.0,0.0,1.0,92.0
0.0,-342.1712524929551,1282.2851600370045,0.0,0.0,1.0,92.0
0.0,-333.6823497090543,1313.9973248559813,0.0,0.0,1.0,92.0
0.0,-323.99229693400025,1258.444464085353,0.0,0.0,1.0,92.0
0.0,-322.1056014839844,1305.291995610919,0.0,0.0,1.0,92.0
0.0,-307.6279756844567,1290.753200919154,0.0,0.0,1.0,92.0
0.0,-358.8331192009714,1315.0821857600513,0.0,0.0,1.0,92.0
0.0,-342.28658142623806,1277.3975383531015,0.0,0.0,1.0,92.0
0.0,-368.406878559578,1279.1666051844,0.0,0.0,1.0,92.0
0.0,-326.66013419662386,1285.500282700517,0.0,0.0,1.0,92.0
0.0,-364.4275716028892,1321.5207776531288,0.0,0.0,1.0,92.0
0.0,-370.3894773116772,1247.4460112672023,0.0,0.0,1.0,92.0
0.0,-371.37207767625966,1249.3252758197032,0.0,0.0,1.0,92.0
0.0,-354.47628606631395,1293.9582318193216,0.0,0.0,1.0,92.0
0.0,-335.8257935548294,1287.8621024193262,0.0,0.0,1.0,92.0
0.0,-337.60651731839255,1286.0419574317166,0.0,0.0,1.0,92.0
0.0,-345.3292170498087,1276.9842137923124,0.0,0.0,1.0,92.0
0.0,-332.88491955100335,1274.8277875068234,0.0,0.0,1.0,92.0
0.0,-322.8778312011236,1312.118219027736,0.0,0.0,1.0,92.0
0.0,-351.98419231311516,1274.2879563631132,0.0,0.0,1.0,92.0
0.0,-332.3085845049077,1315.9785718877356,0.0,0.0,1.0,92.0
0.0,-358.79938336849364,1304.688995526324,0.0,0.0,1.0,92.0
0.0,-406.1662958782788,1277.7517427954053,0.0,0.0,1.0,92.0
0.0,-389.5521236617975,1281.0711916128166,0.0,0.0,1.0,92.0
0.0,-358.0557196380946,1290.6108267668815,0.0,0.0,1.0,92.0
0.0,-377.6231370660388,1245.7752497332012,0.0,0.0,1.0,92.0
0.0,-361.10796553141904,1255.766620713507,0.0,0.0,1.0,92.0
0.0,-339.7144788921844,1281.069315934972,0.0,0.0,1.0,92.0
0.0,-324.414399342651,1294.4207129111428,0.0,0.0,1.0,92.0
0.0,-305.86395431425103,1270.9576496253494,0.0,0.0,1.0,92.0
0.0,-335.012678158007,1276.1675446869294,0.0,0.0,1.0,92.0
0.0,-345.73918784230636,1305.0140135644424,0.0,0.0,1.0,92.0
0.0,-343.64011334840427,1260.221506221712,0.0,0.0,1.0,92.0
0.0,-347.97304465672426,1304.385601969389,0.0,0.0,1.0,92.0
0.0,-343.6224780449238,1279.0051255986455,0.0,0.0,1.0,92.0
0.0,-332.7131361851982,1274.9882798767467,0.0,0.0,1.0,92.0
0.0,-366.2673317408637,1284.8828706430895,0.0,0.0,1.0,92.0
0.0,-525.9504316446516,1259.6285075488977,0.0,0.0,1.0,93.0
0.0,-529.172174007197,1252.0417755504159,0.0,0.0,1.0,93.0
0.0,-535.7482498061246,1270.23088168621,0.0,0.0,1.0,93.0
0.0,-572.3202332824252,1272.3027245545754,0.0,0.0,1.0,93.0
0.0,-535.4464658848194,1182.8913736947643,0.0,0.0,1.0,93.0
0.0,-512.0938924932128,1268.470898827356,0.0,0.0,1.0,93.0
0.0,-549.7799164765856,1284.6232845779314,0.0,0.0,1.0,93.0
0.0,-521.7642373669356,1277.5849284216838,0.0,0.0,1.0,93.0
0.0,-534.2832013082567,1265.7336728207438,0.0,0.0,1.0,93.0
0.0,-520.3694381126728,1260.2996938105052,0.0,0.0,1.0,93.0
0.0,-531.2628551420123,1281.2066715770088,0.0,0.0,1.0,93.0
0.0,-551.3225320111455,1258.6109441380631,0.0,0.0,1.0,93.0
0.0,-535.626109252887,1260.1969007476305,0.0,0.0,1.0,93.0
0.0,-534.3155737523709,1260.1742883006236,0.0,0.0,1.0,93.0
0.0,-524.1987156573969,1245.5364323843223,0.0,0.0,1.0,93.0
0.0,-528.4893760743855,1242.448648732363,0.0,0.0,1.0,93.0
0.0,-518.8978765717469,1257.1978646068692,0.0,0.0,1.0,93.0
0.0,-566.0245008109039,1275.1874362376784,0.0,0.0,1.0,93.0
0.0,-562.7924815316401,1263.355927744276,0.0,0.0,1.0,93.0
0.0,-544.9787102358611,1280.1956195706784,0.0,0.0,1.0,93.0
0.0,-524.4398072488639,1260.8150133189956,0.0,0.0,1.0,93.0
0.0,-497.8766479520367,1215.2893523088837,0.0,0.0,1.0,93.0
0.0,-547.5993467627559,1288.6558553779914,0.0,0.0,1.0,93.0
0.0,-566.0172213249804,1271.2928199587827,0.0,0.0,1.0,93.0
0.0,-502.75191058928783,1292.7785690807882,0.0,0.0,1.0,93.0
0.0,-530.0816684075008,1261.8815984172002,0.0,0.0,1.0,93.0
0.0,-525.8865755518008,1255.7161482884462,0.0,0.0,1.0,93.0
0.0,-483.28669259752326,1264.0007206816535,0.0,0.0,1.0,93.0
0.0,-548.7296579324434,1290.0443649044855,0.0,0.0,1.0,93.0
0.0,-522.8666689160519,1243.5699564897022,0.0,0.0,1.0,93.0
0.0,-521.53230333303,1239.2412521846381,0.0,0.0,1.0,93.0
0.0,-529.1083829911946,1296.0561215241414,0.0,0.0,1.0,93.0
0.0,-521.8962233445056,1261.7515825233318,0.0,0.0,1.0,93.0
0.0,-514.381392900409,1251.2054530632795,0.0,0.0,1.0,93.0
0.0,-527.6223141574827,1261.167121725488,0.0,0.0,1.0,93.0
0.0,-560.9039773956137,1244.344418516379,0.0,0.0,1.0,93.0
0.0,-525.8885372285748,1258.0168516779304,0.0,0.0,1.0,93.0
0.0,-529.7959511112917,1259.3825517577425,0.0,0.0,1.0,93.0
0.0,-586.4789657335158,1312.401533675018,0.0,0.0,1.0,93.0
0.0,-558.7881386833222,1259.1455112778922,0.0,0.0,1.0,93.0
0.0,-565.7504042658794,1292.670619916842,0.0,0.0,1.0,93.0
0.0,-595.1772585300998,1282.593490529167,0.0,0.0,1.0,93.0
0.0,-604.3047499920497,1271.6360660467299,0.0,0.0,1.0,93.0
0.0,-552.6656637404526,1323.5761667003935,0.0,0.0,1.0,93.0
0.0,-571.935538418812,1297.8196121664741,0.0,0.0,1.0,93.0
0.0,-591.6986042218299,1281.4694261163795,0.0,0.0,1.0,93.0
0.0,-545.5524888837199,1266.4255319534868,0.0,0.0,1.0,93.0
0.0,-576.9067405631359,1289.7180023289138,0.0,0.0,1.0,93.0
0.0,-591.0501971184331,1269.9273512494406,0.0,0.0,1.0,93.0
0.0,-599.3007127479261,1291.7931574465802,0.0,0.0,1.0,93.0
0.0,-599.5331483629644,1256.9851339278903,0.0,0.0,1.0,93.0
0.0,-574.11940958851,1301.5345940335783,0.0,0.0,1.0,93.0
0.0,-564.2332721400388,1313.8350536132598,0.0,0.0,1.0,93.0
0.0,-609.7205318263142,1276.3667942643842,0.0,0.0,1.0,93.0
0.0,-622.2899968905156,1291.482198260699,0.0,0.0,1.0,93.0
0.0,-605.4227802803605,1305.0855337732146,0.0,0.0,1.0,93.0
0.0,-587.3990579934818,1290.1877159309734,0.0,0.0,1.0,93.0
0.0,-564.7218630369678,1303.5984999194447,0.0,0.0,1.0,93.0
0.0,-610.7910516260829,1276.2046716298123,0.0,0.0,1.0,93.0
0.0,-589.9698498551516,1288.8496311820372,0.0,0.0,1.0,93.0
0.0,-595.2938361625501,1305.3435255393597,0.0,0.0,1.0,93.0
0.0,-590.1438599206108,1303.768967662937,0.0,0.0,1.0,93.0
0.0,-577.1384735915112,1244.5088022877799,0.0,0.0,1.0,93.0
0.0,-579.7733191363765,1295.1984401290101,0.0,0.0,1.0,93.0
0.0,-607.5414461405935,1225.581633491105,0.0,0.0,1.0,93.0
0.0,-591.7587514991835,1292.7102478631364,0.0,0.0,1.0,93.0
0.0,-603.8774378142074,1314.7058749837433,0.0,0.0,1.0,93.0
0.0,-672.8396101903861,1246.5753923874772,0.0,0.0,1.0,93.0
0.0,-673.5848166323062,1254.0947092269612,0.0,0.0,1.0,93.0
0.0,-615.0366180537519,1271.446680706873,0.0,0.0,1.0,93.0
0.0,-678.3909514999848,1295.7907754926282,0.0,0.0,1.0,93.0
0.0,-669.4668681733802,1259.1156809814092,0.0,0.0,1.0,93.0
0.0,-661.9286216953834,1267.4903420490919,0.0,0.0,1.0,93.0
0.0,-632.1209705700945,1271.9946664699373,0.0,0.0,1.0,93.0
0.0,-656.4850527865108,1253.290022523699,0.0,0.0,1.0,93.0
0.0,-665.7851978509607,1265.2108868748765,0.0,0.0,1.0,93.0
0.0,-651.1045523146994,1286.8202863926122,0.0,0.0,1.0,93.0
0.0,-656.4313107545614,1256.689796091252,0.0,0.0,1.0,93.0
0.0,-683.6507794387765,1228.0133861963845,0.0,0.0,1.0,93.0
0.0,-652.5427872262316,1276.5736860521752,0.0,0.0,1.0,93.0
0.0,-648.4538047235702,1278.2081746732424,0.0,0.0,1.0,93.0
0.0,-652.1965421367215,1283.9447137157522,0.0,0.0,1.0,93.0
0.0,-664.2889940307628,1278.6084066824124,0.0,0.0,1.0,93.0
0.0,-645.3799724635602,1267.7425915445228,0.0,0.0,1.0,93.0
0.0,-641.4440492164435,1284.7124192459273,0.0,0.0,1.0,93.0
0.0,-644.251856507733,1270.8354596675017,0.0,0.0,1.0,93.0
0.0,-675.981819242224,1256.1679594624293,0.0,0.0,1.0,93.0
0.0,-637.5081168168307,1257.9047217229222,0.0,0.0,1.0,93.0
0.0,-654.8719855366454,1173.5894023252085,0.0,0.0,1.0,93.0
0.0,-660.9397285591338,1268.27906529033,0.0,0.0,1.0,93.0
0.0,-612.6793893733119,1245.4638733309703,0.0,0.0,1.0,93.0
0.0,-664.839915734557,1279.0285961174823,0.0,0.0,1.0,93.0
0.0,-633.5126065790598,1276.3700378864223,0.0,0.0,1.0,93.0
0.0,-637.0851060625984,1276.2789365988874,0.0,0.0,1.0,93.0
0.0,-665.487497661457,1255.4383104363724,0.0,0.0,1.0,93.0
0.0,-688.0064337116829,1259.604505868766,0.0,0.0,1.0,93.0
0.0,-667.756679517252,1292.7460147988659,0.0,0.0,1.0,93.0
0.0,-612.1471864115695,1214.914808211518,0.0,0.0,1.0,93.0
0.0,-656.1367567477832,1292.3548588919193,0.0,0.0,1.0,93.0
0.0,-708.0225447035435,1213.8456858724098,0.0,0.0,1.0,93.0
0.0,-671.953052375814,1222.276669454317,0.0,0.0,1.0,93.0
0.0,-697.429338903757,1178.813351107291,0.0,0.0,1.0,93.0
0.0,-681.6700187503368,1221.3173108112887,0.0,0.0,1.0,93.0
0.0,-664.4404729365447,1208.373399479587,0.0,0.0,1.0,93.0
0.0,-667.2319991839693,1223.5649439126228,0.0,0.0,1.0,93.0
0.0,-686.4661160923185,1207.702235556575,0.0,0.0,1.0,93.0
0.0,-690.7721270180832,1226.5825551903022,0.0,0.0,1.0,93.0
0.0,-690.7490022760086,1212.0486757386157,0.0,0.0,1.0,93.0
0.0,-682.5992557123895,1239.1217486951364,0.0,0.0,1.0,93.0
0.0,-684.3355266340407,1190.314597595714,0.0,0.0,1.0,93.0
0.0,-671.6930319683858,1253.4855291127155,0.0,0.0,1.0,93.0
0.0,-703.8527489822551,1212.5974160140595,0.0,0.0,1.0,93.0
0.0,-694.1003166803689,1198.4715673543483,0.0,0.0,1.0,93.0
0.0,-706.6700776474502,1193.02634257508,0.0,0.0,1.0,93.0
0.0,-677.0784692575463,1199.6412474471108,0.0,0.0,1.0,93.0
0.0,-625.4127739936412,1175.136186054201,0.0,0.0,1.0,93.0
0.0,-694.6598343887076,1203.3562253088212,0.0,0.0,1.0,93.0
0.0,-708.4045641761196,1226.6291040163787,0.0,0.0,1.0,93.0
0.0,-694.2514405804613,1199.07031217743,0.0,0.0,1.0,93.0
0.0,-705.6948743557734,1221.111784452266,0.0,0.0,1.0,93.0
0.0,-689.1134438337785,1216.5164089257423,0.0,0.0,1.0,93.0
0.0,-648.6574526090161,1186.6273553352244,0.0,0.0,1.0,93.0
0.0,-702.6314671693312,1209.2586173025293,0.0,0.0,1.0,93.0
0.0,-683.0582477098313,1221.9038551051663,0.0,0.0,1.0,93.0
0.0,-702.68050850603,1229.193993636476,0.0,0.0,1.0,93.0
0.0,-684.4567121854103,1202.1439966062499,0.0,0.0,1.0,93.0
0.0,-699.6442366909298,1209.9540416218324,0.0,0.0,1.0,93.0
0.0,-661.3992610386861,1217.5637924069488,0.0,0.0,1.0,93.0
0.0,-685.5013236473169,1211.6556358656148,0.0,0.0,1.0,93.0
0.0,-671.275848621899,1176.5911360111927,0.0,0.0,1.0,93.0
0.0,-697.0231179764556,1208.519776096844,0.0,0.0,1.0,93.0
0.0,-665.9718379172355,1207.1053717123868,0.0,0.0,1.0,93.0
0.0,-686.7267052671606,1202.9301382531626,0.0,0.0,1.0,93.0
0.0,-690.5517687659694,1216.8753741693267,0.0,0.0,1.0,93.0
0.0,-674.9772426343158,1189.648457444985,0.0,0.0,1.0,93.0
0.0,-657.3969103738674,1160.9258523145327,0.0,0.0,1.0,93.0
0.0,-675.8563739558516,1183.3799278193756,0.0,0.0,1.0,93.0
0.0,-687.5964847280992,1138.0754695814749,0.0,0.0,1.0,93.0
0.0,-668.4968498749129,1152.8976337333393,0.0,0.0,1.0,93.0
0.0,-675.8399325211019,1182.0141196133063,0.0,0.0,1.0,93.0
0.0,-670.6984097832816,1162.0555576067259,0.0,0.0,1.0,93.0
0.0,-666.9828074583467,1137.9775421164177,0.0,0.0,1.0,93.0
0.0,-668.0069164054702,1121.740915841856,0.0,0.0,1.0,93.0
0.0,-669.9528559328983,1163.9301078266044,0.0,0.0,1.0,93.0
0.0,-688.9739203647217,1140.5992634236045,0.0,0.0,1.0,93.0
0.0,-644.4764655265456,1193.3169964501872,0.0,0.0,1.0,93.0
0.0,-645.2417390985322,1155.203148491773,0.0,0.0,1.0,93.0
0.0,-653.1204864181414,1132.7752601238517,0.0,0.0,1.0,93.0
0.0,-613.7678849589026,1137.8989866137395,0.0,0.0,1.0,93.0
0.0,-669.5218020667129,1150.6204914585019,0.0,0.0,1.0,93.0
0.0,-668.972376341014,1157.6653070610228,0.0,0.0,1.0,93.0
0.0,-668.8437895448214,1133.8499968599695,0.0,0.0,1.0,93.0
0.0,-646.3864039379782,1141.9955044027265,0.0,0.0,1.0,93.0
0.0,-661.8581275398045,1125.1112403545835,0.0,0.0,1.0,93.0
0.0,-646.0208785995533,1164.8249292133178,0.0,0.0,1.0,93.0
0.0,-660.4837480745488,1132.9561429581458,0.0,0.0,1.0,93.0
0.0,-648.6405677996673,1149.2503154650976,0.0,0.0,1.0,93.0
0.0,-651.0694815979759,1139.9996728486772,0.0,0.0,1.0,93.0
0.0,-666.0785881372817,1115.5524302172576,0.0,0.0,1.0,93.0
0.0,-695.2312659454842,1154.2115263519086,0.0,0.0,1.0,93.0
0.0,-663.0485263678308,1119.0228605114653,0.0,0.0,1.0,93.0
0.0,-662.7391541392421,1142.6743680342533,0.0,0.0,1.0,93.0
0.0,-716.1241702827784,1136.708476736927,0.0,0.0,1.0,93.0
0.0,-662.8618788698611,1154.5835883178966,0.0,0.0,1.0,93.0
0.0,-634.6628924197892,1130.2936965983454,0.0,0.0,1.0,93.0
0.0,-624.8261700537942,1119.8336335332838,0.0,0.0,1.0,93.0
0.0,-619.6371088365378,1136.0832864135486,0.0,0.0,1.0,93.0
0.0,-644.2573828085175,1132.342879752534,0.0,0.0,1.0,93.0
0.0,-636.0345687068253,1129.9453791305955,0.0,0.0,1.0,93.0
0.0,-661.2649586016826,1148.0886258553764,0.0,0.0,1.0,93.0
0.0,-598.0205609775394,1118.2023750375388,0.0,0.0,1.0,93.0
0.0,-618.2806329260035,1114.7305435857538,0.0,0.0,1.0,93.0
0.0,-607.3722781341884,1113.9622166390427,0.0,0.0,1.0,93.0
0.0,-619.243001464436,1094.5730489323105,0.0,0.0,1.0,93.0
0.0,-625.7114402897779,1094.0707578713436,0.0,0.0,1.0,93.0
0.0,-601.0709719296626,1105.6376377197998,0.0,0.0,1.0,93.0
0.0,-607.7774280627185,1109.25614327318,0.0,0.0,1.0,93.0
0.0,-605.389148756998,1120.9884111819415,0.0,0.0,1.0,93.0
0.0,-584.6445409439482,1126.724213946266,0.0,0.0,1.0,93.0
0.0,-606.6668675184421,1136.2125728659475,0.0,0.0,1.0,93.0
0.0,-647.8868975848302,1174.1479407712095,0.0,0.0,1.0,93.0
0.0,-618.9469358749905,1131.6177304487665,0.0,0.0,1.0,93.0
0.0,-584.2906890033563,1122.2612341017384,0.0,0.0,1.0,93.0
0.0,-613.332148237661,1099.4740882843712,0.0,0.0,1.0,93.0
0.0,-604.4686466100213,1150.6457466661036,0.0,0.0,1.0,93.0
0.0,-615.5331405816694,1108.6834166604344,0.0,0.0,1.0,93.0
0.0,-621.3940245424639,1103.953225476415,0.0,0.0,1.0,93.0
0.0,-595.1974357770068,1119.400971027102,0.0,0.0,1.0,93.0
0.0,-593.9735907081123,1126.1987431307725,0.0,0.0,1.0,93.0
0.0,-617.6555263866129,1100.2870616798082,0.0,0.0,1.0,93.0
0.0,-612.3916536938962,1101.052381467363,0.0,0.0,1.0,93.0
0.0,-583.7092939147834,1102.3853043864628,0.0,0.0,1.0,93.0
0.0,-608.5551130514724,1130.5297864714535,0.0,0.0,1.0,93.0
0.0,-592.6058929927838,1115.175499654546,0.0,0.0,1.0,93.0
0.0,-613.705827942658,1139.0936371377388,0.0,0.0,1.0,93.0
0.0,-606.0741886512039,1125.8644393483755,0.0,0.0,1.0,93.0
0.0,-579.6968837708899,1122.1781417013494,0.0,0.0,1.0,93.0
0.0,-615.5466305243516,1128.9278354377607,0.0,0.0,1.0,93.0
0.0,-604.5651648144792,1106.5674998347122,0.0,0.0,1.0,93.0
0.0,-615.8827890307399,1121.3912987947615,0.0,0.0,1.0,93.0
0.0,-564.7277263388988,1166.0883573468018,0.0,0.0,1.0,93.0
0.0,-607.9812582776863,1104.9738005645386,0.0,0.0,1.0,93.0
0.0,-588.3527264922092,1130.2915895505485,0.0,0.0,1.0,93.0
0.0,-613.4825426331088,1111.2052314143993,0.0,0.0,1.0,93.0
0.0,-591.6962156566713,1108.8028979149822,0.0,0.0,1.0,93.0
0.0,-619.8887605541336,1140.5120584990855,0.0,0.0,1.0,93.0
0.0,-589.9966699109463,1115.4890462773933,0.0,0.0,1.0,93.0
0.0,-553.8301100967076,1192.497872424835,0.0,0.0,1.0,93.0
0.0,-631.6386445625484,1152.0948201143597,0.0,0.0,1.0,93.0
0.0,-553.4059155307474,1120.4675065193546,0.0,0.0,1.0,93.0
0.0,-530.0074625299507,1147.8712691813744,0.0,0.0,1.0,93.0
0.0,-523.8520559829426,1140.8407763815517,0.0,0.0,1.0,93.0
0.0,-511.7242601845543,1147.610944927449,0.0,0.0,1.0,93.0
0.0,-608.508495876367,1141.7162326712773,0.0,0.0,1.0,93.0
0.0,-541.5747839158508,1152.342363869101,0.0,0.0,1.0,93.0
0.0,-554.7351576379813,1161.1659707351364,0.0,0.0,1.0,93.0
0.0,-532.2454219119013,1129.2954902885022,0.0,0.0,1.0,93.0
0.0,-531.1598707224849,1139.6491490358985,0.0,0.0,1.0,93.0
0.0,-527.8150975705432,1149.0393074656672,0.0,0.0,1.0,93.0
0.0,-577.8259364698305,1180.4484583193062,0.0,0.0,1.0,93.0
0.0,-542.5800831224474,1155.524480089769,0.0,0.0,1.0,93.0
0.0,-551.0222056775713,1124.7154166209675,0.0,0.0,1.0,93.0
0.0,-553.9038643413876,1158.0003412288238,0.0,0.0,1.0,93.0
0.0,-551.7370373358119,1115.27965936482,0.0,0.0,1.0,93.0
0.0,-553.7746390864556,1143.3054988652293,0.0,0.0,1.0,93.0
0.0,-535.4862890447937,1127.5996463426554,0.0,0.0,1.0,93.0
0.0,-553.0216119593288,1151.8056406055298,0.0,0.0,1.0,93.0
0.0,-530.2062503036385,1155.1108930462365,0.0,0.0,1.0,93.0
0.0,-546.4156788345703,1147.2847378425686,0.0,0.0,1.0,93.0
0.0,-559.083322143845,1151.3119417402095,0.0,0.0,1.0,93.0
0.0,-547.1074175556447,1158.5320975562759,0.0,0.0,1.0,93.0
0.0,-544.9720773279395,1136.9735162282268,0.0,0.0,1.0,93.0
0.0,-535.9635199379617,1131.1675020129105,0.0,0.0,1.0,93.0
0.0,-535.8029582809946,1102.2565424703353,0.0,0.0,1.0,93.0
0.0,-560.4365293038467,1140.8883994830385,0.0,0.0,1.0,93.0
0.0,-578.4816107440978,1129.6793417616964,0.0,0.0,1.0,93.0
0.0,-537.0777292992967,1133.7255518565707,0.0,0.0,1.0,93.0
0.0,-557.138822120841,1135.2856723965315,0.0,0.0,1.0,93.0
0.0,-554.6720510789456,1150.1682180890466,0.0,0.0,1.0,93.0
0.0,-571.7229964539272,1115.618437612863,0.0,0.0,1.0,93.0
0.0,-519.1837625738073,1136.2395525002757,0.0,0.0,1.0,93.0
0.0,-564.7373478022645,1122.9167371310823,0.0,0.0,1.0,93.0
0.0,-564.0213706913479,1113.0813750940488,0.0,0.0,1.0,93.0
0.0,-554.9902516462488,1114.7014301776908,0.0,0.0,1.0,93.0
0.0,-538.6900236008512,1169.51888663726,0.0,0.0,1.0,93.0
0.0,-539.385685947307,1122.6865958586327,0.0,0.0,1.0,93.0
0.0,-549.0896732452755,1153.5154391049996,0.0,0.0,1.0,93.0
0.0,-554.1209363722639,1132.3247690163544,0.0,0.0,1.0,93.0
0.0,-560.0012631869768,1156.9383923377682,0.0,0.0,1.0,93.0
0.0,-547.0045628488164,1099.899519078478,0.0,0.0,1.0,93.0
0.0,-535.1139166376038,1203.8605904757114,0.0,0.0,1.0,93.0
0.0,-536.8859528773847,1198.000851099575,0.0,0.0,1.0,93.0
0.0,-506.7340226272187,1249.891495806076,0.0,0.0,1.0,93.0
0.0,-479.94976493446984,1176.9006393423151,0.0,0.0,1.0,93.0
0.0,-512.4004980588435,1175.474401407556,0.0,0.0,1.0,93.0
0.0,-533.9676197888556,1205.249047691198,0.0,0.0,1.0,93.0
0.0,-511.29255415522675,1199.184370025967,0.0,0.0,1.0,93.0
0.0,-510.5173025267228,1169.1163466626913,0.0,0.0,1.0,93.0
0.0,-517.404537259803,1158.6432463883466,0.0,0.0,1.0,93.0
0.0,-514.3489062825289,1197.707463394895,0.0,0.0,1.0,93.0
0.0,-540.8211319516985,1236.3013540097063,0.0,0.0,1.0,93.0
0.0,-532.2748259186645,1254.762782861144,0.0,0.0,1.0,93.0
0.0,-502.9146614143116,1195.3922011612558,0.0,0.0,1.0,93.0
0.0,-508.43837357872064,1187.8065400734463,0.0,0.0,1.0,93.0
0.0,-510.7647277961337,1194.8997333836214,0.0,0.0,1.0,93.0
0.0,-509.1314577236168,1214.7441834704018,0.0,0.0,1.0,93.0
0.0,-598.8013635674445,1166.2627018015955,0.0,0.0,1.0,93.0
0.0,-519.3175192322917,1187.2623495366524,0.0,0.0,1.0,93.0
0.0,-501.1799082422443,1183.1344834835786,0.0,0.0,1.0,93.0
0.0,-480.60340214033727,1189.5352311709635,0.0,0.0,1.0,93.0
0.0,-493.2999200164485,1198.62341362379,0.0,0.0,1.0,93.0
0.0,-586.6342923847885,1142.7621849968373,0.0,0.0,1.0,93.0
0.0,-494.90199146904297,1190.3838734084325,0.0,0.0,1.0,93.0
0.0,-507.38027818800856,1193.628846259624,0.0,0.0,1.0,93.0
0.0,-506.9780162891466,1202.3735669076168,0.0,0.0,1.0,93.0
0.0,-514.7275827748037,1180.1170658468527,0.0,0.0,1.0,93.0
0.0,-529.4241621093267,1184.6131076374127,0.0,0.0,1.0,93.0
0.0,-514.1671168453989,1223.9367493103928,0.0,0.0,1.0,93.0
0.0,-528.2861297886978,1227.163230959165,0.0,0.0,1.0,93.0
0.0,-495.02256269952215,1206.40973297434,0.0,0.0,1.0,93.0
0.0,-556.7810722648537,1158.674273385052,0.0,0.0,1.0,93.0
0.0,-516.6746230339388,1192.7899650472432,0.0,0.0,1.0,93.0
0.0,-515.0364991852265,1204.628453249241,0.0,0.0,1.0,93.0
0.0,-532.1463146168124,1229.6165172525098,0.0,0.0,1.0,93.0
0.0,-518.6029384318163,1180.3261741484212,0.0,0.0,1.0,93.0
0.0,-546.5831497006277,1189.88481778374,0.0,0.0,1.0,93.0
0.0,-519.7495146889945,1193.6239381739892,0.0,0.0,1.0,93.0
0.0,-516.417831600951,1186.1767766353928,0.0,0.0,1.0,93.0
0.0,-869.2768881656458,1116.6419087281124,0.0,0.0,1.0,94.0
0.0,-889.6610583807222,1094.7323591285094,0.0,0.0,1.0,94.0
0.0,-907.919597640602,1092.8903145743316,0.0,0.0,1.0,94.0
0.0,-838.4270776730257,1070.3179189545735,0.0,0.0,1.0,94.0
0.0,-920.7957758148391,1078.44484871441,0.0,0.0,1.0,94.0
0.0,-864.7107420397854,1090.3806401064767,0.0,0.0,1.0,94.0
0.0,-868.2536764450159,1085.0833377158,0.0,0.0,1.0,94.0
0.0,-895.56612158805,1085.6579556284778,0.0,0.0,1.0,94.0
0.0,-887.3333217047802,1068.3280159600172,0.0,0.0,1.0,94.0
0.0,-903.3009835030877,1070.6432126446516,0.0,0.0,1.0,94.0
0.0,-866.2725471407009,1093.8591826513389,0.0,0.0,1.0,94.0
0.0,-885.5201367550876,1084.7482837008192,0.0,0.0,1.0,94.0
0.0,-914.6505622358729,1081.9332423363503,0.0,0.0,1.0,94.0
0.0,-883.0066825162896,1090.635774344927,0.0,0.0,1.0,94.0
0.0,-890.3330473526904,1052.5218512952702,0.0,0.0,1.0,94.0
0.0,-844.8069306130473,1042.9847187681007,0.0,0.0,1.0,94.0
0.0,-832.5709157348082,1103.176482653042,0.0,0.0,1.0,94.0
0.0,-891.1703965678079,1082.5809602186232,0.0,0.0,1.0,94.0
0.0,-869.0910881888506,1113.569148866,0.0,0.0,1.0,94.0
0.0,-860.6540910867378,1093.2354940146329,0.0,0.0,1.0,94.0
0.0,-893.7810741826221,1089.515618194519,0.0,0.0,1.0,94.0
0.0,-875.1790092013662,1062.0747780101983,0.0,0.0,1.0,94.0
0.0,-886.313308292985,1091.046815705392,0.0,0.0,1.0,94.0
0.0,-888.7549740206533,1078.3964144793913,0.0,0.0,1.0,94.0
0.0,-882.0046950325973,1084.0812527089288,0.0,0.0,1.0,94.0
0.0,-834.5126274383717,1120.4829020933075,0.0,0.0,1.0,94.0
0.0,-913.3418006763675,1107.0518259297396,0.0,0.0,1.0,94.0
0.0,-861.6319446348612,1073.3547818513834,0.0,0.0,1.0,94.0
0.0,-849.1715666707676,1114.074413773923,0.0,0.0,1.0,94.0
0.0,-897.0545659915108,1088.8269431652811,0.0,0.0,1.0,94.0
0.0,-872.508640929197,1074.8738833615803,0.0,0.0,1.0,94.0
0.0,-876.2501986878293,1090.583273436543,0.0,0.0,1.0,94.0
0.0,-883.4991935496267,1107.678634821108,0.0,0.0,1.0,94.0
0.0,-831.9237459356426,1090.0987894687632,0.0,0.0,1.0,94.0
0.0,-888.5109099172295,1072.0429137699543,0.0,0.0,1.0,94.0
0.0,-878.334766093113,1120.8975812950298,0.0,0.0,1.0,94.0
0.0,-875.3456302017578,1087.856004195084,0.0,0.0,1.0,94.0
0.0,-898.2151788681243,1064.8620750605273,0.0,0.0,1.0,94.0
0.0,-894.6538912594957,1091.8170378097411,0.0,0.0,1.0,94.0
0.0,-872.2652554997233,1118.0591260963324,0.0,0.0,1.0,94.0
0.0,-887.6217439101928,1081.1441018310265,0.0,0.0,1.0,94.0
0.0,-897.6780233499168,1113.8560406229726,0.0,0.0,1.0,94.0
0.0,-805.3297598538311,1030.6670486848648,0.0,0.0,1.0,94.0
0.0,-853.0667677933735,1035.607712665042,0.0,0.0,1.0,94.0
0.0,-853.2426525276638,1106.8679888320548,0.0,0.0,1.0,94.0
0.0,-838.6525709147867,1046.4187997613976,0.0,0.0,1.0,94.0
0.0,-858.4938117745018,1034.6873399981573,0.0,0.0,1.0,94.0
0.0,-825.5153583336019,1036.3200711466689,0.0,0.0,1.0,94.0
0.0,-845.0325327272511,1035.881861416251,0.0,0.0,1.0,94.0
0.0,-844.0756794596069,1037.9017171045998,0.0,0.0,1.0,94.0
0.0,-794.6412703797748,1023.5966519565277,0.0,0.0,1.0,94.0
0.0,-791.9337291506212,1044.4307561158735,0.0,0.0,1.0,94.0
0.0,-770.264018300997,1011.5184317519243,0.0,0.0,1.0,94.0
0.0,-800.5230362839296,1063.6131018763544,0.0,0.0,1.0,94.0
0.0,-810.3673761315546,1036.6009250887082,0.0,0.0,1.0,94.0
0.0,-745.5300483856663,1004.6188775742685,0.0,0.0,1.0,94.0
0.0,-788.8175296943487,1019.5540936055745,0.0,0.0,1.0,94.0
0.0,-777.9989702506439,1028.3558511555593,0.0,0.0,1.0,94.0
0.0,-804.434022772257,1091.4645538625928,0.0,0.0,1.0,94.0
0.0,-779.843645667824,1037.0926669322716,0.0,0.0,1.0,94.0
0.0,-767.4593546318248,1035.3370346351112,0.0,0.0,1.0,94.0
0.0,-793.4368096181594,1069.1100526533155,0.0,0.0,1.0,94.0
0.0,-784.9857423054287,1050.9782689985655,0.0,0.0,1.0,94.0
0.0,-853.0001393985355,1039.6341428249598,0.0,0.0,1.0,94.0
0.0,-770.2965797319831,1044.3363275498282,0.0,0.0,1.0,94.0
0.0,-776.5024392335221,1015.4265223941256,0.0,0.0,1.0,94.0
0.0,-801.6481568947269,1049.2431260573794,0.0,0.0,1.0,94.0
0.0,-787.8538751315076,1077.3625442505177,0.0,0.0,1.0,94.0
0.0,-786.5684165754722,1029.4510989747496,0.0,0.0,1.0,94.0
0.0,-766.754753971013,1017.5281260788602,0.0,0.0,1.0,94.0
0.0,-765.0918904844065,1021.3151955931976,0.0,0.0,1.0,94.0
0.0,-801.3092649866982,1076.5937102522757,0.0,0.0,1.0,94.0
0.0,-785.7209121517093,1024.3623272658706,0.0,0.0,1.0,94.0
0.0,-800.4844063527264,1020.9267833132244,0.0,0.0,1.0,94.0
0.0,-788.0594094155832,1022.9209204593126,0.0,0.0,1.0,94.0
0.0,-795.504737859223,1028.2661445986196,0.0,0.0,1.0,94.0
0.0,-806.1060709571342,1033.7129175364198,0.0,0.0,1.0,94.0
0.0,-732.009601528277,1060.653860276936,0.0,0.0,1.0,94.0
0.0,-724.4206830954939,1054.8326624244582,0.0,0.0,1.0,94.0
0.0,-717.7140012905851,1067.5152227238614,0.0,0.0,1.0,94.0
0.0,-712.8412742506114,1078.1457499010671,0.0,0.0,1.0,94.0
0.0,-732.0081751960729,1080.2976122070718,0.0,0.0,1.0,94.0
0.0,-707.3608398078,1048.5507675175804,0.0,0.0,1.0,94.0
0.0,-724.3936468052957,1038.3532058376018,0.0,0.0,1.0,94.0
0.0,-724.509757191578,1062.8438474026834,0.0,0.0,1.0,94.0
0.0,-757.2455262340006,1145.6714313229004,0.0,0.0,1.0,94.0
0.0,-751.6562990037634,1106.145583236349,0.0,0.0,1.0,94.0
0.0,-740.0054075768727,1076.2958446985422,0.0,0.0,1.0,94.0
0.0,-713.0819688043289,1079.5187174772632,0.0,0.0,1.0,94.0
0.0,-704.2595135371644,1071.8688548257674,0.0,0.0,1.0,94.0
0.0,-707.5565173428456,1072.4676390378709,0.0,0.0,1.0,94.0
0.0,-732.1258101598356,1067.5810402084753,0.0,0.0,1.0,94.0
0.0,-725.6526151365962,1064.8913912504258,0.0,0.0,1.0,94.0
0.0,-738.5498266147026,1053.9135226671888,0.0,0.0,1.0,94.0
0.0,-723.4192059002678,1055.1023856151287,0.0,0.0,1.0,94.0
0.0,-773.0744894838778,1081.2926277998386,0.0,0.0,1.0,94.0
0.0,-749.7585910340023,1112.2199039206498,0.0,0.0,1.0,94.0
0.0,-721.5753854114366,1047.1938981641033,0.0,0.0,1.0,94.0
0.0,-738.6664254140014,1069.8472774108304,0.0,0.0,1.0,94.0
0.0,-716.646619101406,1062.8633463624665,0.0,0.0,1.0,94.0
0.0,-757.6119778586426,1047.9603445414268,0.0,0.0,1.0,94.0
0.0,-756.2055883817065,1056.0984742097603,0.0,0.0,1.0,94.0
0.0,-714.6612572780595,1086.4681613774997,0.0,0.0,1.0,94.0
0.0,-746.55551229846,1080.9777607824703,0.0,0.0,1.0,94.0
0.0,-734.0322995995109,1066.7970520440103,0.0,0.0,1.0,94.0
0.0,-748.2053423416788,1085.7036614393974,0.0,0.0,1.0,94.0
0.0,-719.6490572348899,1053.1782967619242,0.0,0.0,1.0,94.0
0.0,-769.7520845951134,1077.6725780583229,0.0,0.0,1.0,94.0
0.0,-717.0706117570967,1068.613903977749,0.0,0.0,1.0,94.0
0.0,-729.0839137778337,1071.4785276245066,0.0,0.0,1.0,94.0
0.0,-742.1129270123921,1071.9959043500107,0.0,0.0,1.0,94.0
0.0,-727.9069795688323,1071.526187229255,0.0,0.0,1.0,94.0
0.0,-722.0602301389331,1080.034930317423,0.0,0.0,1.0,94.0
0.0,-717.2808735835254,1078.9472108018558,0.0,0.0,1.0,94.0
0.0,-734.9805241760305,1093.0877368698257,0.0,0.0,1.0,94.0
0.0,-740.7460910794665,1069.265718663015,0.0,0.0,1.0,94.0
0.0,-732.7599612732605,1049.5932449681159,0.0,0.0,1.0,94.0
0.0,-726.7547688657123,1074.5889120733482,0.0,0.0,1.0,94.0
0.0,-752.4184543577462,1066.630189808393,0.0,0.0,1.0,94.0
0.0,-722.0688289541315,1142.675608522968,0.0,0.0,1.0,94.0
0.0,-719.5641132884303,1136.7400524420718,0.0,0.0,1.0,94.0
0.0,-724.4503958456135,1102.7708395333007,0.0,0.0,1.0,94.0
0.0,-724.6960690962936,1119.5310695488797,0.0,0.0,1.0,94.0
0.0,-720.3371038302222,1080.505233168048,0.0,0.0,1.0,94.0
0.0,-711.9652156034338,1141.5790861589726,0.0,0.0,1.0,94.0
0.0,-738.5331246252109,1125.8322604707014,0.0,0.0,1.0,94.0
0.0,-730.8339376515231,1137.5868936435509,0.0,0.0,1.0,94.0
0.0,-743.7543657547052,1129.8608289378926,0.0,0.0,1.0,94.0
0.0,-701.98359592577,1145.5857574934184,0.0,0.0,1.0,94.0
0.0,-800.0569550568601,1083.3571714935729,0.0,0.0,1.0,94.0
0.0,-722.4573285568704,1138.4980269714174,0.0,0.0,1.0,94.0
0.0,-719.4847031019137,1156.4841813394255,0.0,0.0,1.0,94.0
0.0,-725.0120450617353,1134.8449045387656,0.0,0.0,1.0,94.0
0.0,-721.5090476484799,1160.759332819689,0.0,0.0,1.0,94.0
0.0,-722.1604677646765,1133.894221843299,0.0,0.0,1.0,94.0
0.0,-733.1098692293108,1094.3706695538026,0.0,0.0,1.0,94.0
0.0,-745.4574967630624,1126.7749226149676,0.0,0.0,1.0,94.0
0.0,-730.4784001683018,1160.9858755757227,0.0,0.0,1.0,94.0
0.0,-781.0055487642193,1140.4620940133486,0.0,0.0,1.0,94.0
0.0,-742.8920621920081,1137.9429115993858,0.0,0.0,1.0,94.0
0.0,-740.3239524215451,1110.974695868441,0.0,0.0,1.0,94.0
0.0,-713.9547951544232,1112.4830834259665,0.0,0.0,1.0,94.0
0.0,-730.1148042000818,1138.9529230462222,0.0,0.0,1.0,94.0
0.0,-700.3434750286953,1149.5854693711308,0.0,0.0,1.0,94.0
0.0,-716.446846163836,1139.881063533985,0.0,0.0,1.0,94.0
0.0,-706.6541402305954,1129.8467491703677,0.0,0.0,1.0,94.0
0.0,-717.553706243709,1126.1091046153906,0.0,0.0,1.0,94.0
0.0,-736.275506361079,1132.8824994112574,0.0,0.0,1.0,94.0
0.0,-728.1278699462896,1134.1272620511604,0.0,0.0,1.0,94.0
0.0,-764.2826451110808,1071.8535693117155,0.0,0.0,1.0,94.0
0.0,-753.3796038506291,1110.6107419232753,0.0,0.0,1.0,94.0
0.0,-749.3215044880382,1115.0597921110898,0.0,0.0,1.0,94.0
0.0,-709.5554310549103,1127.3741482567539,0.0,0.0,1.0,94.0
0.0,-745.4892717182302,1123.0005675138918,0.0,0.0,1.0,94.0
0.0,-721.7913636734055,1133.8332720402914,0.0,0.0,1.0,94.0
0.0,-746.6761867400986,1187.652398654764,0.0,0.0,1.0,94.0
0.0,-778.1211217655207,1195.3811041421686,0.0,0.0,1.0,94.0
0.0,-779.911405118992,1177.7549729938924,0.0,0.0,1.0,94.0
0.0,-757.1060083436209,1208.201233387692,0.0,0.0,1.0,94.0
0.0,-746.3386170565425,1173.5077211944372,0.0,0.0,1.0,94.0
0.0,-755.4094550629962,1179.9336504951889,0.0,0.0,1.0,94.0
0.0,-773.8571193159102,1201.3713786396793,0.0,0.0,1.0,94.0
0.0,-766.791732356087,1151.9677428322448,0.0,0.0,1.0,94.0
0.0,-777.8165419590698,1171.4983783333496,0.0,0.0,1.0,94.0
0.0,-781.0013767698279,1110.102077243916,0.0,0.0,1.0,94.0
0.0,-754.2769414945604,1179.7618723026353,0.0,0.0,1.0,94.0
0.0,-765.2619309442485,1157.7717438843756,0.0,0.0,1.0,94.0
0.0,-830.5485900458143,1143.9396283064534,0.0,0.0,1.0,94.0
0.0,-777.8741657144631,1165.7969438098835,0.0,0.0,1.0,94.0
0.0,-763.0249015881443,1183.5705604851987,0.0,0.0,1.0,94.0
0.0,-765.4789512719414,1162.6893617597193,0.0,0.0,1.0,94.0
0.0,-766.6203374177651,1166.2950597350682,0.0,0.0,1.0,94.0
0.0,-725.8909452028603,1169.315313706832,0.0,0.0,1.0,94.0
0.0,-768.4845823743467,1171.7155094179702,0.0,0.0,1.0,94.0
0.0,-755.1578909780326,1195.1874292858874,0.0,0.0,1.0,94.0
0.0,-764.102225416771,1136.0067355702622,0.0,0.0,1.0,94.0
0.0,-747.4744646206849,1082.2772778725866,0.0,0.0,1.0,94.0
0.0,-760.3759429473889,1170.5733516609416,0.0,0.0,1.0,94.0
0.0,-767.7331976489277,1178.9380705049089,0.0,0.0,1.0,94.0
0.0,-798.8967367152868,1181.4262407211722,0.0,0.0,1.0,94.0
0.0,-794.3311505280797,1126.5132224692238,0.0,0.0,1.0,94.0
0.0,-750.356140917285,1182.3298644739198,0.0,0.0,1.0,94.0
0.0,-761.0286827990598,1162.1617805612104,0.0,0.0,1.0,94.0
0.0,-760.9134001190284,1149.8864318432397,0.0,0.0,1.0,94.0
0.0,-761.3898928171675,1153.208847375391,0.0,0.0,1.0,94.0
0.0,-825.3026895272898,1188.4725233093632,0.0,0.0,1.0,94.0
0.0,-859.5631234641808,1194.9589491685306,0.0,0.0,1.0,94.0
0.0,-818.0619985910823,1195.8306210506544,0.0,0.0,1.0,94.0
0.0,-860.1892000748243,1181.498085630119,0.0,0.0,1.0,94.0
0.0,-848.653420148994,1146.3948771741557,0.0,0.0,1.0,94.0
0.0,-837.5920539857523,1192.4008038677557,0.0,0.0,1.0,94.0
0.0,-830.0631207828105,1189.080233285324,0.0,0.0,1.0,94.0
0.0,-825.1154586113892,1176.6376197640652,0.0,0.0,1.0,94.0
0.0,-773.1943982103647,1132.267893334847,0.0,0.0,1.0,94.0
0.0,-849.1229148097174,1166.0417429013778,0.0,0.0,1.0,94.0
0.0,-827.8109987262361,1198.5902180342714,0.0,0.0,1.0,94.0
0.0,-826.2212283289799,1170.6669624835804,0.0,0.0,1.0,94.0
0.0,-833.5502769461758,1201.9717825008165,0.0,0.0,1.0,94.0
0.0,-821.686516742151,1172.6615237843002,0.0,0.0,1.0,94.0
0.0,-811.2049504203669,1192.1549845059717,0.0,0.0,1.0,94.0
0.0,-812.5333614665556,1192.9156664984448,0.0,0.0,1.0,94.0
0.0,-830.4825232710812,1203.274871015008,0.0,0.0,1.0,94.0
0.0,-831.4397465634028,1170.1093437281565,0.0,0.0,1.0,94.0
0.0,-805.381884685845,1207.6695287680604,0.0,0.0,1.0,94.0
0.0,-786.7054131243116,1154.1879025030348,0.0,0.0,1.0,94.0
0.0,-821.7236006541474,1191.3810475432756,0.0,0.0,1.0,94.0
0.0,-819.7342590603206,1194.5701994680767,0.0,0.0,1.0,94.0
0.0,-838.2823629849897,1176.6981586597294,0.0,0.0,1.0,94.0
0.0,-826.4964627525032,1209.1088707350527,0.0,0.0,1.0,94.0
0.0,-895.9460200747164,1146.970984956375,0.0,0.0,1.0,94.0
0.0,-912.0448011834576,1118.112614659508,0.0,0.0,1.0,94.0
0.0,-883.4758501999332,1143.6388775554387,0.0,0.0,1.0,94.0
0.0,-846.7679418240307,1155.6627939688333,0.0,0.0,1.0,94.0
0.0,-874.0349395522865,1157.552815995623,0.0,0.0,1.0,94.0
0.0,-885.9322295095612,1160.7199921951442,0.0,0.0,1.0,94.0
0.0,-874.1158740802127,1129.5896008529517,0.0,0.0,1.0,94.0
0.0,-885.3091340900904,1140.5883011271799,0.0,0.0,1.0,94.0
0.0,-895.9285607773269,1155.6172363357296,0.0,0.0,1.0,94.0
0.0,-886.9574185904949,1149.9785868627432,0.0,0.0,1.0,94.0
0.0,-835.9813487400255,1132.4791578451577,0.0,0.0,1.0,94.0
0.0,-855.0517415638586,1131.557133296617,0.0,0.0,1.0,94.0
0.0,-883.1195449092799,1134.9270541166693,0.0,0.0,1.0,94.0
0.0,-915.5080888620583,1162.2424368627817,0.0,0.0,1.0,94.0
0.0,-885.8661715016973,1165.7887271960344,0.0,0.0,1.0,94.0
0.0,-888.3810611124647,1142.3733740789412,0.0,0.0,1.0,94.0
0.0,-878.3316957380679,1140.2777991366665,0.0,0.0,1.0,94.0
0.0,-871.468968493431,1130.3427123273177,0.0,0.0,1.0,94.0
0.0,-832.3877401366194,1128.175843564169,0.0,0.0,1.0,94.0
0.0,-871.2394541804514,1145.2402717113628,0.0,0.0,1.0,94.0
0.0,-882.3399565529008,1155.2170023658532,0.0,0.0,1.0,94.0
0.0,-863.4668292104569,1125.045163412497,0.0,0.0,1.0,94.0
0.0,-859.4900643304587,1147.3749127878937,0.0,0.0,1.0,94.0
0.0,-840.3221160118488,1171.3095421791731,0.0,0.0,1.0,94.0
0.0,-886.2241129126082,1130.3471512619858,0.0,0.0,1.0,94.0
0.0,-891.638219295115,1167.7376380522242,0.0,0.0,1.0,94.0
0.0,-862.572842206571,1163.9468383605245,0.0,0.0,1.0,94.0
0.0,-840.1693871843905,1082.759785212455,0.0,0.0,1.0,94.0
0.0,-869.5150511519467,1133.282907271726,0.0,0.0,1.0,94.0
0.0,-788.8591250983789,1116.4103578779213,0.0,0.0,1.0,94.0
0.0,-874.6263306591708,1156.292473461789,0.0,0.0,1.0,94.0
0.0,-862.5446286438497,1152.0230515809385,0.0,0.0,1.0,94.0
0.0,-853.8209369511836,1127.7318657194437,0.0,0.0,1.0,94.0
0.0,-879.7336394618167,1134.564611996855,0.0,0.0,1.0,94.0
0.0,-844.832575245963,1120.3297633092416,0.0,0.0,1.0,94.0
0.0,-877.2853687862751,1149.2716852770563,0.0,0.0,1.0,94.0
0.0,-834.8026259287857,1136.1139162186182,0.0,0.0,1.0,94.0
0.0,-871.077492645534,1170.543464168637,0.0,0.0,1.0,94.0
0.0,-1029.0776370933033,987.9731686839768,0.0,0.0,1.0,95.0
0.0,-1022.6153276703487,1011.0964754667662,0.0,0.0,1.0,95.0
0.0,-1025.2914990194006,1009.081108065845,0.0,0.0,1.0,95.0
0.0,-1031.7991825490183,1005.2535680873139,0.0,0.0,1.0,95.0
0.0,-995.0467081032709,955.9841122052803,0.0,0.0,1.0,95.0
0.0,-1019.8578342656592,1020.328977399432,0.0,0.0,1.0,95.0
0.0,-1031.6150926534192,1001.4190908926048,0.0,0.0,1.0,95.0
0.0,-1012.0766564656974,970.9760434630507,0.0,0.0,1.0,95.0
0.0,-1025.626858901035,1046.0435187636626,0.0,0.0,1.0,95.0
0.0,-1032.6226062975545,974.458092632497,0.0,0.0,1.0,95.0
0.0,-1039.1237247359493,985.5106700132574,0.0,0.0,1.0,95.0
0.0,-1038.0125832558795,997.905554529028,0.0,0.0,1.0,95.0
0.0,-1037.7797979670133,997.1449776181657,0.0,0.0,1.0,95.0
0.0,-1043.5645063714705,987.5120889996178,0.0,0.0,1.0,95.0
0.0,-1005.1652341933129,978.7527391878925,0.0,0.0,1.0,95.0
0.0,-1052.3276565663773,978.730303010103,0.0,0.0,1.0,95.0
0.0,-1051.0259473770186,987.093595622081,0.0,0.0,1.0,95.0
0.0,-1029.1798330625857,988.0342580304505,0.0,0.0,1.0,95.0
0.0,-1031.1758795960857,979.3496999272438,0.0,0.0,1.0,95.0
0.0,-1060.102721006969,992.7409264647931,0.0,0.0,1.0,95.0
0.0,-1030.547736591182,983.3105396289111,0.0,0.0,1.0,95.0
0.0,-1026.558652314366,1000.5402268451776,0.0,0.0,1.0,95.0
0.0,-1028.8354872698953,1004.1790144692459,0.0,0.0,1.0,95.0
0.0,-1062.703535498761,1001.8412206882808,0.0,0.0,1.0,95.0
0.0,-1030.9998481009864,987.021565627736,0.0,0.0,1.0,95.0
0.0,-1048.937626996205,1018.8907985088149,0.0,0.0,1.0,95.0
0.0,-1006.6573022165992,1030.7445380668428,0.0,0.0,1.0,95.0
0.0,-992.533920822776,975.0942376206058,0.0,0.0,1.0,95.0
0.0,-1003.8888347834575,1000.2996951444475,0.0,0.0,1.0,95.0
0.0,-1019.7352862956216,967.0346499588259,0.0,0.0,1.0,95.0
0.0,-1023.5638334955902,982.7406180494477,0.0,0.0,1.0,95.0
0.0,-1006.3341081913172,964.0859770917086,0.0,0.0,1.0,95.0
0.0,-1028.6341833344832,1019.7719780552952,0.0,0.0,1.0,95.0
0.0,-1010.6164535432415,999.9025568823881,0.0,0.0,1.0,95.0
0.0,-1046.0727410486038,1005.5268390177562,0.0,0.0,1.0,95.0
0.0,-975.663185425996,987.2504624470785,0.0,0.0,1.0,95.0
0.0,-1046.816552998051,983.9449267459709,0.0,0.0,1.0,95.0
0.0,-1029.9729941976623,988.0582881777527,0.0,0.0,1.0,95.0
0.0,-1049.7470975835938,945.3800861476811,0.0,0.0,1.0,95.0
0.0,-1022.1899801925638,954.607299762004,0.0,0.0,1.0,95.0
0.0,-1037.203390799162,965.3900406932507,0.0,0.0,1.0,95.0
0.0,-1010.8643153939008,956.0911939488128,0.0,0.0,1.0,95.0
0.0,-1033.503372329776,943.1330765092002,0.0,0.0,1.0,95.0
0.0,-1037.4660750476041,945.094817154757,0.0,0.0,1.0,95.0
0.0,-1052.4973471430653,961.505792760775,0.0,0.0,1.0,95.0
0.0,-1057.1494582346302,912.3304025608959,0.0,0.0,1.0,95.0
0.0,-1041.1458757989774,949.4361438445771,0.0,0.0,1.0,95.0
0.0,-1024.3759296411122,932.2480751537091,0.0,0.0,1.0,95.0
0.0,-1064.725759724885,958.6325895363398,0.0,0.0,1.0,95.0
0.0,-1020.5868300057009,969.1751241948828,0.0,0.0,1.0,95.0
0.0,-988.8099237719891,938.1756883827929,0.0,0.0,1.0,95.0
0.0,-1032.1198088124675,942.2061674069555,0.0,0.0,1.0,95.0
0.0,-1045.853573725494,952.6803246398645,0.0,0.0,1.0,95.0
0.0,-1021.2838542541624,934.1560033909732,0.0,0.0,1.0,95.0
0.0,-1046.9691736072286,958.0181809761971,0.0,0.0,1.0,95.0
0.0,-1029.680750740558,1006.2079493026431,0.0,0.0,1.0,95.0
0.0,-1038.4602079791728,938.4528895393842,0.0,0.0,1.0,95.0
0.0,-1019.9725005722867,938.342526789108,0.0,0.0,1.0,95.0
0.0,-1052.8486498499008,947.8737597883683,0.0,0.0,1.0,95.0
0.0,-1026.6874380935137,942.2271735018235,0.0,0.0,1.0,95.0
0.0,-1050.116655562053,945.5246192970526,0.0,0.0,1.0,95.0
0.0,-1008.170746108151,946.0673768154065,0.0,0.0,1.0,95.0
0.0,-1006.031006629614,902.2580537546942,0.0,0.0,1.0,95.0
0.0,-950.9709106041081,944.5460745884161,0.0,0.0,1.0,95.0
0.0,-1000.6849389722306,902.9874071150384,0.0,0.0,1.0,95.0
0.0,-980.2232173812237,904.6909166411656,0.0,0.0,1.0,95.0
0.0,-952.2170437238622,911.7284623638279,0.0,0.0,1.0,95.0
0.0,-997.1208398771296,905.0093256399414,0.0,0.0,1.0,95.0
0.0,-966.8279861708681,910.9699620766405,0.0,0.0,1.0,95.0
0.0,-1012.3849707402248,891.9860300500563,0.0,0.0,1.0,95.0
0.0,-974.117986087135,926.1358238908474,0.0,0.0,1.0,95.0
0.0,-966.1000786348744,968.6346494478389,0.0,0.0,1.0,95.0
0.0,-1025.118375632611,912.6200084609727,0.0,0.0,1.0,95.0
0.0,-980.6998634220408,934.7502090308826,0.0,0.0,1.0,95.0
0.0,-1013.3224728066825,908.2842077066521,0.0,0.0,1.0,95.0
0.0,-1008.6546563532868,914.7372808696282,0.0,0.0,1.0,95.0
0.0,-992.7716015013737,898.4779541917756,0.0,0.0,1.0,95.0
0.0,-989.0873647913961,938.4510079553825,0.0,0.0,1.0,95.0
0.0,-984.9053423660808,907.2599232643397,0.0,0.0,1.0,95.0
0.0,-1000.3691102026571,913.5959902100526,0.0,0.0,1.0,95.0
0.0,-1010.4314779319516,933.0890941963203,0.0,0.0,1.0,95.0
0.0,-999.5283146975391,925.0568764608083,0.0,0.0,1.0,95.0
0.0,-1008.2132599861588,929.7797864495133,0.0,0.0,1.0,95.0
0.0,-1010.80186172095,949.2022724993803,0.0,0.0,1.0,95.0
0.0,-1004.8782355200406,923.6994706342462,0.0,0.0,1.0,95.0
0.0,-992.6787754344498,915.8961022763242,0.0,0.0,1.0,95.0
0.0,-1009.5305299691306,925.7232732288312,0.0,0.0,1.0,95.0
0.0,-1017.1809462987524,934.356140826811,0.0,0.0,1.0,95.0
0.0,-986.146805366735,913.269233899005,0.0,0.0,1.0,95.0
0.0,-1013.5227092584976,889.8482153872937,0.0,0.0,1.0,95.0
0.0,-1007.3523926287005,902.0360580652068,0.0,0.0,1.0,95.0
0.0,-988.6034478040385,913.3332338842802,0.0,0.0,1.0,95.0
0.0,-986.2325453603244,907.3745488704908,0.0,0.0,1.0,95.0
0.0,-1032.5404891361538,982.903663816538,0.0,0.0,1.0,95.0
0.0,-976.7764911358851,926.3720372171883,0.0,0.0,1.0,95.0
0.0,-993.8912579924324,921.8370417169854,0.0,0.0,1.0,95.0
0.0,-1008.3002527587435,921.0296621797584,0.0,0.0,1.0,95.0
0.0,-988.1085614019191,906.6528055039062,0.0,0.0,1.0,95.0
0.0,-1003.1469340891581,920.3517344080069,0.0,0.0,1.0,95.0
0.0,-1030.043573209175,898.0103376705001,0.0,0.0,1.0,95.0
0.0,-991.6134598940855,921.7233034019282,0.0,0.0,1.0,95.0
0.0,-1022.1179406257431,924.029306762523,0.0,0.0,1.0,95.0
0.0,-960.8113935232633,936.8972811946142,0.0,0.0,1.0,95.0
0.0,-978.1171015265636,934.822327428385,0.0,0.0,1.0,95.0
0.0,-928.6777881913123,914.3192670236858,0.0,0.0,1.0,95.0
0.0,-945.88400748598,915.000812424506,0.0,0.0,1.0,95.0
0.0,-942.636788049425,914.0092905986853,0.0,0.0,1.0,95.0
0.0,-969.8728367569554,911.5965789962543,0.0,0.0,1.0,95.0
0.0,-945.4833046969311,937.4320875124358,0.0,0.0,1.0,95.0
0.0,-932.2102765998533,912.3885726040994,0.0,0.0,1.0,95.0
0.0,-943.1605755725323,919.645891477212,0.0,0.0,1.0,95.0
0.0,-934.8979420182937,891.6242576254085,0.0,0.0,1.0,95.0
0.0,-956.3313569195687,910.4288590913602,0.0,0.0,1.0,95.0
0.0,-916.1310329948882,915.7794551912757,0.0,0.0,1.0,95.0
0.0,-923.1679837627545,933.3002357527862,0.0,0.0,1.0,95.0
0.0,-940.4782465447745,907.2936995857049,0.0,0.0,1.0,95.0
0.0,-953.1703423129931,918.169093182601,0.0,0.0,1.0,95.0
0.0,-918.8519409151893,906.4280443454263,0.0,0.0,1.0,95.0
0.0,-947.5259767311013,930.2346309835198,0.0,0.0,1.0,95.0
0.0,-932.3198301022936,910.1566719406496,0.0,0.0,1.0,95.0
0.0,-927.4711521785008,925.6451011186809,0.0,0.0,1.0,95.0
0.0,-906.6158763213527,953.1833852756463,0.0,0.0,1.0,95.0
0.0,-911.9514694956623,943.1924127175398,0.0,0.0,1.0,95.0
0.0,-913.5943495688557,972.4994047855807,0.0,0.0,1.0,95.0
0.0,-901.3536300460207,964.220958365333,0.0,0.0,1.0,95.0
0.0,-922.3989464079318,956.1582414596392,0.0,0.0,1.0,95.0
0.0,-911.0071607473983,932.9398099938826,0.0,0.0,1.0,95.0
0.0,-911.9191132256898,935.7090770602717,0.0,0.0,1.0,95.0
0.0,-903.564690054795,953.9650047336954,0.0,0.0,1.0,95.0
0.0,-914.0529952148136,965.681846049979,0.0,0.0,1.0,95.0
0.0,-913.2142540944217,977.7708819368777,0.0,0.0,1.0,95.0
0.0,-895.0461628663085,959.359773643368,0.0,0.0,1.0,95.0
0.0,-909.4071403075409,975.9651547772723,0.0,0.0,1.0,95.0
0.0,-888.5725989070884,939.2717729779524,0.0,0.0,1.0,95.0
0.0,-910.580028452622,956.0060765436237,0.0,0.0,1.0,95.0
0.0,-903.4968704008611,941.5323186571027,0.0,0.0,1.0,95.0
0.0,-914.9865566018284,985.7830990701514,0.0,0.0,1.0,95.0
0.0,-919.1060776454859,963.9281952373385,0.0,0.0,1.0,95.0
0.0,-964.7543369228276,949.7962001633159,0.0,0.0,1.0,95.0
0.0,-920.8663377836831,950.0022413028405,0.0,0.0,1.0,95.0
0.0,-897.8739599125306,962.8656876699552,0.0,0.0,1.0,95.0
0.0,-904.2460125918748,963.8444916020981,0.0,0.0,1.0,95.0
0.0,-929.1216347823668,956.7158211498718,0.0,0.0,1.0,95.0
0.0,-916.2500648382386,959.4411043372384,0.0,0.0,1.0,95.0
0.0,-936.2951322418472,958.8057531578406,0.0,0.0,1.0,95.0
0.0,-927.312989200103,959.5149101826337,0.0,0.0,1.0,95.0
0.0,-923.1070815622546,975.2735621718457,0.0,0.0,1.0,95.0
0.0,-916.4871897710684,951.8294038057356,0.0,0.0,1.0,95.0
0.0,-913.5183766717419,946.0474876328681,0.0,0.0,1.0,95.0
0.0,-918.089185524171,955.4560226407111,0.0,0.0,1.0,95.0
0.0,-935.398308968578,1026.2004059050814,0.0,0.0,1.0,95.0
0.0,-914.5081868516066,1021.8407844366066,0.0,0.0,1.0,95.0
0.0,-905.4159794563716,1017.8661824184169,0.0,0.0,1.0,95.0
0.0,-937.241873137624,1004.194135322175,0.0,0.0,1.0,95.0
0.0,-902.2670867656176,1030.4309454493123,0.0,0.0,1.0,95.0
0.0,-905.3615724228811,1019.5285887189907,0.0,0.0,1.0,95.0
0.0,-943.0194688862007,1043.9526720703748,0.0,0.0,1.0,95.0
0.0,-929.4733205256858,1000.7926945643876,0.0,0.0,1.0,95.0
0.0,-936.6824988879928,1020.4320429217655,0.0,0.0,1.0,95.0
0.0,-904.1482540722262,1010.5672575920853,0.0,0.0,1.0,95.0
0.0,-906.4184122801901,1001.7241983303729,0.0,0.0,1.0,95.0
0.0,-911.2269099381639,1010.9188304193904,0.0,0.0,1.0,95.0
0.0,-954.3416676283994,1017.5743801648659,0.0,0.0,1.0,95.0
0.0,-950.7895488323711,985.5666700146594,0.0,0.0,1.0,95.0
0.0,-946.3521640896554,995.6672084410334,0.0,0.0,1.0,95.0
0.0,-928.9438611220211,994.1008496143309,0.0,0.0,1.0,95.0
0.0,-881.5813179413428,1015.780382741114,0.0,0.0,1.0,95.0
0.0,-920.7678392238732,971.3944452614874,0.0,0.0,1.0,95.0
0.0,-919.9497426727161,1038.6135815330563,0.0,0.0,1.0,95.0
0.0,-956.7986980449467,1026.0242555620434,0.0,0.0,1.0,95.0
0.0,-876.7545655182831,1008.8701372340902,0.0,0.0,1.0,95.0
0.0,-913.3822207089311,1020.5327627840961,0.0,0.0,1.0,95.0
0.0,-919.9805918936878,985.1392174510547,0.0,0.0,1.0,95.0
0.0,-914.2980177465322,992.785513007454,0.0,0.0,1.0,95.0
0.0,-964.3059822385518,981.089796488357,0.0,0.0,1.0,95.0
0.0,-929.1411476544831,988.9614618912756,0.0,0.0,1.0,95.0
0.0,-940.0964060487062,983.4903778622861,0.0,0.0,1.0,95.0
0.0,-901.4227178442787,1014.849121609042,0.0,0.0,1.0,95.0
0.0,-918.5914912014673,1004.2327406963946,0.0,0.0,1.0,95.0
0.0,-947.9896749378399,991.0848877274498,0.0,0.0,1.0,95.0
0.0,-932.5216611251841,1003.9766549608844,0.0,0.0,1.0,95.0
0.0,-906.267693273047,1019.0811509769519,0.0,0.0,1.0,95.0
0.0,-915.3838281235764,1009.5414987297418,0.0,0.0,1.0,95.0
0.0,-884.7672790869265,1012.3715848696197,0.0,0.0,1.0,95.0
0.0,-907.1970611816027,1030.421658743212,0.0,0.0,1.0,95.0
0.0,-941.6577187936543,986.5532217147293,0.0,0.0,1.0,95.0
0.0,-945.4188593253804,1030.206588770091,0.0,0.0,1.0,95.0
0.0,-899.5741104005776,1007.2274234685069,0.0,0.0,1.0,95.0
0.0,-936.6349213617885,1009.3187966301307,0.0,0.0,1.0,95.0
0.0,-961.314024498728,1039.2421168167757,0.0,0.0,1.0,95.0
0.0,-946.6516438573622,1036.6441495438207,0.0,0.0,1.0,95.0
0.0,-977.0396215315774,1025.0731272266548,0.0,0.0,1.0,95.0
0.0,-928.824853402728,1006.6099144318196,0.0,0.0,1.0,95.0
0.0,-994.3628910372001,1025.9574385988071,0.0,0.0,1.0,95.0
0.0,-937.3679548383334,987.0510330320153,0.0,0.0,1.0,95.0
0.0,-977.2491553357829,1027.4782302527833,0.0,0.0,1.0,95.0
0.0,-955.7428785629429,1015.5786584843613,0.0,0.0,1.0,95.0
0.0,-958.7977112477517,1025.0700346513122,0.0,0.0,1.0,95.0
0.0,-984.8166671664169,1042.8209646178748,0.0,0.0,1.0,95.0
0.0,-960.3492506567126,1023.0376638490079,0.0,0.0,1.0,95.0
0.0,-951.5724269052861,1025.1021830809436,0.0,0.0,1.0,95.0
0.0,-938.4756710432767,1050.640077957376,0.0,0.0,1.0,95.0
0.0,-922.0502213306319,1023.6395637698802,0.0,0.0,1.0,95.0
0.0,-945.9646975937718,1045.9821409902984,0.0,0.0,1.0,95.0
0.0,-959.1943119294409,1055.2698830334161,0.0,0.0,1.0,95.0
0.0,-976.5166771411854,1062.9313771623197,0.0,0.0,1.0,95.0
0.0,-932.076957377515,1034.6322913179733,0.0,0.0,1.0,95.0
0.0,-1031.901422788039,1016.1018110174282,0.0,0.0,1.0,95.0
0.0,-997.8659880972016,1031.5688508830908,0.0,0.0,1.0,95.0
0.0,-955.5389228763371,988.4302609509464,0.0,0.0,1.0,95.0
0.0,-997.3331664810794,1053.401997649671,0.0,0.0,1.0,95.0
0.0,-1009.5000992024779,1060.5650281574085,0.0,0.0,1.0,95.0
0.0,-992.8473502444554,1037.6776000482855,0.0,0.0,1.0,95.0
0.0,-984.5270890846685,1014.1005355157081,0.0,0.0,1.0,95.0
0.0,-993.0346494597707,1046.734322796795,0.0,0.0,1.0,95.0
0.0,-1022.8392576313488,1045.067244783966,0.0,0.0,1.0,95.0
0.0,-990.2891627737858,1048.6735449616858,0.0,0.0,1.0,95.0
0.0,-951.9230714884164,1019.5920694304923,0.0,0.0,1.0,95.0
0.0,-989.7766913838013,1012.9989401304338,0.0,0.0,1.0,95.0
0.0,-980.3510047371005,1020.6714205683761,0.0,0.0,1.0,95.0
0.0,-967.17433611753,1046.2208339513663,0.0,0.0,1.0,95.0
0.0,-982.5189046175091,1019.6505757716604,0.0,0.0,1.0,95.0
0.0,-996.4564394307222,997.05374339947,0.0,0.0,1.0,95.0
0.0,-1009.1420758715694,1026.9774681962149,0.0,0.0,1.0,95.0
0.0,-1027.2376551578977,1018.5559718441764,0.0,0.0,1.0,95.0
0.0,-995.0185500106973,1035.485486556524,0.0,0.0,1.0,95.0
0.0,-1023.0388936973245,1046.2453431928266,0.0,0.0,1.0,95.0
0.0,-1001.3525187705018,1041.9504466578064,0.0,0.0,1.0,95.0
0.0,-993.6667034848817,1036.010782815622,0.0,0.0,1.0,95.0
0.0,-1021.9242036690748,1038.535920453543,0.0,0.0,1.0,95.0
0.0,-999.3529402921163,1037.2109574056576,0.0,0.0,1.0,95.0
0.0,-986.2929868057076,1040.3165323212352,0.0,0.0,1.0,95.0
0.0,-961.1946626820849,1013.5849174030718,0.0,0.0,1.0,95.0
0.0,-1128.7968703160786,786.1402010050301,0.0,0.0,1.0,96.0
0.0,-1110.2945652638045,773.6037449353389,0.0,0.0,1.0,96.0
0.0,-1101.1189468058058,767.3820491920278,0.0,0.0,1.0,96.0
0.0,-1147.65640135306,753.4665409702375,0.0,0.0,1.0,96.0
0.0,-1105.8481950680987,747.6457802379578,0.0,0.0,1.0,96.0
0.0,-1092.959583926399,741.0401157932415,0.0,0.0,1.0,96.0
0.0,-1130.6147526300645,802.5665298640565,0.0,0.0,1.0,96.0
0.0,-1139.8392579163503,784.5497287593653,0.0,0.0,1.0,96.0
0.0,-1072.9035912335405,764.5117191515255,0.0,0.0,1.0,96.0
0.0,-1108.5652068480904,791.1899764481514,0.0,0.0,1.0,96.0
0.0,-1120.5607569248195,780.0874853992646,0.0,0.0,1.0,96.0
0.0,-1122.2403741952946,785.0799636923384,0.0,0.0,1.0,96.0
0.0,-1108.9818962839033,784.0125570365453,0.0,0.0,1.0,96.0
0.0,-1134.2115163272429,788.5128942637361,0.0,0.0,1.0,96.0
0.0,-1122.1696069241395,790.3916002497881,0.0,0.0,1.0,96.0
0.0,-1099.0198891509556,774.8880474453949,0.0,0.0,1.0,96.0
0.0,-1070.1394131570232,741.5483276169657,0.0,0.0,1.0,96.0
0.0,-1124.2011188297529,790.1588966914692,0.0,0.0,1.0,96.0
0.0,-1154.1936373055541,773.6097717219104,0.0,0.0,1.0,96.0
0.0,-1119.3797087665744,773.0846394846994,0.0,0.0,1.0,96.0
0.0,-1100.349857201994,794.0050571045981,0.0,0.0,1.0,96.0
0.0,-1137.8435603877717,798.3754703013692,0.0,0.0,1.0,96.0
0.0,-1084.112277409132,803.0625827365184,0.0,0.0,1.0,96.0
0.0,-1105.4053865375543,773.8576069080868,0.0,0.0,1.0,96.0
0.0,-1058.4109342270067,788.0382912947398,0.0,0.0,1.0,96.0
0.0,-1056.665133206861,713.3892582161816,0.0,0.0,1.0,96.0
0.0,-1107.6984095333082,765.2294664268143,0.0,0.0,1.0,96.0
0.0,-1095.803255004019,759.509936903949,0.0,0.0,1.0,96.0
0.0,-1111.6100224229247,719.8453085931505,0.0,0.0,1.0,96.0
0.0,-1095.047137286559,731.0298566906172,0.0,0.0,1.0,96.0
0.0,-1115.185324337101,729.8121754879312,0.0,0.0,1.0,96.0
0.0,-1115.7246627792435,715.0756191093119,0.0,0.0,1.0,96.0
0.0,-1108.7092845024297,717.9183828180085,0.0,0.0,1.0,96.0
0.0,-1044.125464606164,759.3081867756609,0.0,0.0,1.0,96.0
0.0,-1051.9157514706274,712.8706307107745,0.0,0.0,1.0,96.0
0.0,-1094.6522468094827,729.7137074937073,0.0,0.0,1.0,96.0
0.0,-1089.2898595496729,736.5234077450209,0.0,0.0,1.0,96.0
0.0,-1048.6837061418803,777.7411758501953,0.0,0.0,1.0,96.0
0.0,-1085.5619731580916,730.5032273676816,0.0,0.0,1.0,96.0
0.0,-1073.4727396888827,715.8000741066171,0.0,0.0,1.0,96.0
0.0,-1116.1107532351432,751.1321431184124,0.0,0.0,1.0,96.0
0.0,-1164.4242141284537,764.2084007841563,0.0,0.0,1.0,96.0
0.0,-1120.0516082417157,716.7373514059118,0.0,0.0,1.0,96.0
0.0,-1120.0740454935717,707.5558320449563,0.0,0.0,1.0,96.0
0.0,-1121.7686399582665,731.9639026270929,0.0,0.0,1.0,96.0
0.0,-1111.1006883325906,747.447686286097,0.0,0.0,1.0,96.0
0.0,-1110.3966503398324,743.5924293424391,0.0,0.0,1.0,96.0
0.0,-1067.3976122862007,718.0112787445014,0.0,0.0,1.0,96.0
0.0,-1085.9904916523724,728.5513036371658,0.0,0.0,1.0,96.0
0.0,-1057.6107086826173,698.9171837954864,0.0,0.0,1.0,96.0
0.0,-1062.829672813766,703.0648787818936,0.0,0.0,1.0,96.0
0.0,-1023.1897166856947,705.3102339047246,0.0,0.0,1.0,96.0
0.0,-1044.056412960372,715.0998613582656,0.0,0.0,1.0,96.0
0.0,-1041.831599076103,770.6509203673422,0.0,0.0,1.0,96.0
0.0,-1045.1275422736155,721.3440133026343,0.0,0.0,1.0,96.0
0.0,-1028.612340710551,729.023015571237,0.0,0.0,1.0,96.0
0.0,-1047.8192213017644,723.6192372230639,0.0,0.0,1.0,96.0
0.0,-1069.3064284619375,727.8541130434533,0.0,0.0,1.0,96.0
0.0,-1028.4868128344817,773.1301801451436,0.0,0.0,1.0,96.0
0.0,-1038.0219349826534,724.9727240006341,0.0,0.0,1.0,96.0
0.0,-1049.6585545023815,699.4667544488289,0.0,0.0,1.0,96.0
0.0,-1061.6312884832582,729.3440017852986,0.0,0.0,1.0,96.0
0.0,-1020.4390791775754,702.6154233523093,0.0,0.0,1.0,96.0
0.0,-1012.5832066105206,724.4311146707719,0.0,0.0,1.0,96.0
0.0,-992.1588924595494,734.3366773732646,0.0,0.0,1.0,96.0
0.0,-985.4282041371451,742.4185091693953,0.0,0.0,1.0,96.0
0.0,-977.0016776843892,743.1742214887354,0.0,0.0,1.0,96.0
0.0,-989.6780156728482,708.0485998596041,0.0,0.0,1.0,96.0
0.0,-1008.0272071093545,717.8887412946592,0.0,0.0,1.0,96.0
0.0,-1016.3460833003783,726.7938029522684,0.0,0.0,1.0,96.0
0.0,-976.7448858343653,722.0326419664161,0.0,0.0,1.0,96.0
0.0,-994.0371756842771,768.1447740277813,0.0,0.0,1.0,96.0
0.0,-1028.4823756821438,708.9757123612612,0.0,0.0,1.0,96.0
0.0,-994.2907894215382,717.390599455035,0.0,0.0,1.0,96.0
0.0,-1006.8858354101699,722.7175338169509,0.0,0.0,1.0,96.0
0.0,-1038.6956593879204,698.5457997203994,0.0,0.0,1.0,96.0
0.0,-1015.3354675029632,803.2500933875872,0.0,0.0,1.0,96.0
0.0,-1055.0970802822924,794.4600503790316,0.0,0.0,1.0,96.0
0.0,-1005.6633427052707,722.1402686969996,0.0,0.0,1.0,96.0
0.0,-1006.3310100902559,715.7853330617463,0.0,0.0,1.0,96.0
0.0,-1012.4523686523676,730.1818352786217,0.0,0.0,1.0,96.0
0.0,-993.5527509056305,743.7417166895293,0.0,0.0,1.0,96.0
0.0,-1036.2661651160697,726.2720268572352,0.0,0.0,1.0,96.0
0.0,-1007.4224378431711,750.9430193148573,0.0,0.0,1.0,96.0
0.0,-1034.4840460423304,787.0910662402703,0.0,0.0,1.0,96.0
0.0,-1012.9795316304428,738.949056900557,0.0,0.0,1.0,96.0
0.0,-985.5216344189225,760.5987147039086,0.0,0.0,1.0,96.0
0.0,-1039.452507569088,768.8080889586645,0.0,0.0,1.0,96.0
0.0,-994.4567832763037,744.1326663289901,0.0,0.0,1.0,96.0
0.0,-1005.0060801448242,747.2596879826788,0.0,0.0,1.0,96.0
0.0,-1005.2178551606651,728.6430242996257,0.0,0.0,1.0,96.0
0.0,-990.089331350094,739.885324090907,0.0,0.0,1.0,96.0
0.0,-990.4698197284988,713.9025701527357,0.0,0.0,1.0,96.0
0.0,-991.2365751845173,755.7467268734858,0.0,0.0,1.0,96.0
0.0,-1000.998083587282,730.9808418465518,0.0,0.0,1.0,96.0
0.0,-1002.7760226871587,720.6092314066018,0.0,0.0,1.0,96.0
0.0,-1001.3028801515604,722.13217738403,0.0,0.0,1.0,96.0
0.0,-992.2139348713683,743.4360147438465,0.0,0.0,1.0,96.0
0.0,-982.2259561171289,750.8869082994233,0.0,0.0,1.0,96.0
0.0,-1028.2476392606575,711.9411165801912,0.0,0.0,1.0,96.0
0.0,-968.040858393418,769.6676602177527,0.0,0.0,1.0,96.0
0.0,-967.0645439506462,797.2183203781669,0.0,0.0,1.0,96.0
0.0,-961.2525407239037,783.9284627115403,0.0,0.0,1.0,96.0
0.0,-1002.6156815792044,779.762450101859,0.0,0.0,1.0,96.0
0.0,-955.9782599928091,808.3613960025195,0.0,0.0,1.0,96.0
0.0,-968.3910557515002,801.3752600479111,0.0,0.0,1.0,96.0
0.0,-965.2103237212391,748.2115051060168,0.0,0.0,1.0,96.0
0.0,-988.040574406723,800.8333350646676,0.0,0.0,1.0,96.0
0.0,-974.445654165948,773.9687706046352,0.0,0.0,1.0,96.0
0.0,-1010.0374718659025,785.8410176923971,0.0,0.0,1.0,96.0
0.0,-976.5919233617059,763.6852675981168,0.0,0.0,1.0,96.0
0.0,-992.3514314937302,776.7912963554281,0.0,0.0,1.0,96.0
0.0,-1038.2043149740541,762.7490916778002,0.0,0.0,1.0,96.0
0.0,-964.3117127506808,764.3424453911539,0.0,0.0,1.0,96.0
0.0,-964.9397889839883,785.7061009908521,0.0,0.0,1.0,96.0
0.0,-1003.3210116645387,837.1449522997773,0.0,0.0,1.0,96.0
0.0,-1012.5165934367378,748.1927147714596,0.0,0.0,1.0,96.0
0.0,-985.5298041214465,794.5606954836626,0.0,0.0,1.0,96.0
0.0,-979.3710733761749,794.3669101848659,0.0,0.0,1.0,96.0
0.0,-1008.0896775341589,759.9137305947438,0.0,0.0,1.0,96.0
0.0,-964.0788551793341,787.9503396830528,0.0,0.0,1.0,96.0
0.0,-977.6989741145244,763.15047485591,0.0,0.0,1.0,96.0
0.0,-960.3111278585958,805.2870459257665,0.0,0.0,1.0,96.0
0.0,-965.0061704111079,784.9407905426037,0.0,0.0,1.0,96.0
0.0,-973.0975159750554,796.0379248254676,0.0,0.0,1.0,96.0
0.0,-969.2282602241959,750.4686755367775,0.0,0.0,1.0,96.0
0.0,-956.8432277544307,802.6046535797004,0.0,0.0,1.0,96.0
0.0,-987.4890680512804,772.0950157959269,0.0,0.0,1.0,96.0
0.0,-955.3439898834944,775.2163013298823,0.0,0.0,1.0,96.0
0.0,-987.3391659287067,768.7511228333692,0.0,0.0,1.0,96.0
0.0,-977.5337652498529,794.1557810227496,0.0,0.0,1.0,96.0
0.0,-1008.9908037673076,808.0775958666354,0.0,0.0,1.0,96.0
0.0,-967.0491535078138,787.8835581985195,0.0,0.0,1.0,96.0
0.0,-974.1965570279231,768.8308500164057,0.0,0.0,1.0,96.0
0.0,-980.765634398957,760.4644428738566,0.0,0.0,1.0,96.0
0.0,-998.7392650495055,736.6567742927282,0.0,0.0,1.0,96.0
0.0,-993.4440182992394,855.6352632542785,0.0,0.0,1.0,96.0
0.0,-1017.8770431628382,859.9579300737123,0.0,0.0,1.0,96.0
0.0,-993.2347472157007,860.0723657633725,0.0,0.0,1.0,96.0
0.0,-1023.4351374390533,834.1910647427899,0.0,0.0,1.0,96.0
0.0,-1006.9656536059081,860.8602065311934,0.0,0.0,1.0,96.0
0.0,-1018.2260934414026,838.9821297133194,0.0,0.0,1.0,96.0
0.0,-975.4958068685468,825.2689428519743,0.0,0.0,1.0,96.0
0.0,-975.5636290479573,839.209273639126,0.0,0.0,1.0,96.0
0.0,-1064.5819113852033,798.3939212843934,0.0,0.0,1.0,96.0
0.0,-971.3190807950913,847.0535963451216,0.0,0.0,1.0,96.0
0.0,-1022.9451410448314,818.1949004122307,0.0,0.0,1.0,96.0
0.0,-1008.9840373456495,828.6043811983382,0.0,0.0,1.0,96.0
0.0,-988.6488870719452,856.5843926098423,0.0,0.0,1.0,96.0
0.0,-989.7367701592623,854.5740353477531,0.0,0.0,1.0,96.0
0.0,-997.0913023632759,844.1718666324878,0.0,0.0,1.0,96.0
0.0,-1008.0313032814042,846.6480076229991,0.0,0.0,1.0,96.0
0.0,-996.6657388220431,806.7785255922904,0.0,0.0,1.0,96.0
0.0,-1000.5055180911024,804.3103124573886,0.0,0.0,1.0,96.0
0.0,-1010.5620851295612,856.6604018881949,0.0,0.0,1.0,96.0
0.0,-986.9250010920327,846.631176866661,0.0,0.0,1.0,96.0
0.0,-1020.6633919675285,830.7115549677023,0.0,0.0,1.0,96.0
0.0,-1000.0846642575527,791.8239193611626,0.0,0.0,1.0,96.0
0.0,-1044.1157894904945,861.2349707388162,0.0,0.0,1.0,96.0
0.0,-1042.529544709706,805.3712832113197,0.0,0.0,1.0,96.0
0.0,-994.9392888837071,854.2990721568581,0.0,0.0,1.0,96.0
0.0,-1002.979305976135,838.0945673068009,0.0,0.0,1.0,96.0
0.0,-993.8344610333879,828.5306247375579,0.0,0.0,1.0,96.0
0.0,-990.88908808632,838.5191090810799,0.0,0.0,1.0,96.0
0.0,-1006.2355302041096,830.5543417871304,0.0,0.0,1.0,96.0
0.0,-999.801373142885,845.9125566123153,0.0,0.0,1.0,96.0
0.0,-1001.088675028876,857.2900251938631,0.0,0.0,1.0,96.0
0.0,-1015.0030359983239,820.9438181226087,0.0,0.0,1.0,96.0
0.0,-1030.868621016972,879.0499442248638,0.0,0.0,1.0,96.0
0.0,-1003.4182405633946,839.3655494620866,0.0,0.0,1.0,96.0
0.0,-973.719712112476,818.4259243377473,0.0,0.0,1.0,96.0
0.0,-1012.2713257254331,883.301503851515,0.0,0.0,1.0,96.0
0.0,-1020.6500480544582,859.8851459799562,0.0,0.0,1.0,96.0
0.0,-1021.1637060918183,819.0594266141229,0.0,0.0,1.0,96.0
0.0,-1033.9515618240252,856.3473086210724,0.0,0.0,1.0,96.0
0.0,-1032.4030935865196,851.2460980710835,0.0,0.0,1.0,96.0
0.0,-1069.0305819289295,866.8823745499876,0.0,0.0,1.0,96.0
0.0,-1067.6370248905946,873.1655406738432,0.0,0.0,1.0,96.0
0.0,-1062.648566727991,854.5751624512504,0.0,0.0,1.0,96.0
0.0,-1039.642273890689,878.9580211623352,0.0,0.0,1.0,96.0
0.0,-1029.029250266416,853.8732140424927,0.0,0.0,1.0,96.0
0.0,-1035.9426978666474,872.9252806054815,0.0,0.0,1.0,96.0
0.0,-1056.255517607959,845.1137094408946,0.0,0.0,1.0,96.0
0.0,-1051.6004934729199,876.150439201786,0.0,0.0,1.0,96.0
0.0,-1044.727908457487,871.1077016746767,0.0,0.0,1.0,96.0
0.0,-1089.4056908344337,852.3824471162238,0.0,0.0,1.0,96.0
0.0,-1096.6140317326606,834.5851874176601,0.0,0.0,1.0,96.0
0.0,-1041.4082052348626,845.8449279674637,0.0,0.0,1.0,96.0
0.0,-1039.2112540039868,863.7498518887942,0.0,0.0,1.0,96.0
0.0,-1048.1953018363135,842.373003602017,0.0,0.0,1.0,96.0
0.0,-1096.5232997078879,860.6854550077064,0.0,0.0,1.0,96.0
0.0,-1068.023013033402,840.095964637731,0.0,0.0,1.0,96.0
0.0,-1014.7449798775992,822.9399465756342,0.0,0.0,1.0,96.0
0.0,-1051.5704480247332,805.4440674516682,0.0,0.0,1.0,96.0
0.0,-1028.4349211844094,872.8235056806284,0.0,0.0,1.0,96.0
0.0,-1042.734666014266,881.3243983917114,0.0,0.0,1.0,96.0
0.0,-1066.8285110895085,838.565035187326,0.0,0.0,1.0,96.0
0.0,-1051.462127405034,858.6987445386485,0.0,0.0,1.0,96.0
0.0,-1074.6463075512318,873.3341325269944,0.0,0.0,1.0,96.0
0.0,-1041.135845665088,861.4537151525856,0.0,0.0,1.0,96.0
0.0,-1072.9088613449458,904.1052940701852,0.0,0.0,1.0,96.0
0.0,-1064.7959710334092,878.1790114965488,0.0,0.0,1.0,96.0
0.0,-1073.9478030062742,861.7583336623375,0.0,0.0,1.0,96.0
0.0,-1098.5599801054059,804.4173563726399,0.0,0.0,1.0,96.0
0.0,-1096.2661678369482,857.7795867969371,0.0,0.0,1.0,96.0
0.0,-1056.3354672890914,846.5165177846243,0.0,0.0,1.0,96.0
0.0,-1107.8602153528643,845.6937857132757,0.0,0.0,1.0,96.0
0.0,-1083.0800455411577,776.9499638452985,0.0,0.0,1.0,96.0
0.0,-1112.5002338312718,831.7998335402026,0.0,0.0,1.0,96.0
0.0,-1103.9975501647334,862.3300463777277,0.0,0.0,1.0,96.0
0.0,-1079.2124151735848,846.1433157931078,0.0,0.0,1.0,96.0
0.0,-1096.5335529529157,847.7820331747639,0.0,0.0,1.0,96.0
0.0,-1091.4096189581714,832.9047108081904,0.0,0.0,1.0,96.0
0.0,-1125.3051060943012,832.8980353597572,0.0,0.0,1.0,96.0
0.0,-1087.5280891297912,847.209447781258,0.0,0.0,1.0,96.0
0.0,-1046.8155550609342,865.6798726263028,0.0,0.0,1.0,96.0
0.0,-1113.3521187570377,852.209394622716,0.0,0.0,1.0,96.0
0.0,-1137.2999184174694,841.1430286025388,0.0,0.0,1.0,96.0
0.0,-1112.4086456184152,827.5147831280387,0.0,0.0,1.0,96.0
0.0,-1067.272588075239,777.8458673228879,0.0,0.0,1.0,96.0
0.0,-1072.922090748401,850.4832094181406,0.0,0.0,1.0,96.0
0.0,-1112.2026040290618,847.3161247785656,0.0,0.0,1.0,96.0
0.0,-1124.7592873673566,830.6790629089651,0.0,0.0,1.0,96.0
0.0,-1063.0145667337065,812.0394499516274,0.0,0.0,1.0,96.0
0.0,-1026.056989638871,874.4977759731737,0.0,0.0,1.0,96.0
0.0,-1133.7915259313704,852.1888210151774,0.0,0.0,1.0,96.0
0.0,-1106.530248351994,821.9156455612429,0.0,0.0,1.0,96.0
0.0,-1081.9725411955862,621.4442720791246,0.0,0.0,1.0,97.0
0.0,-1094.3153093492056,618.7400993181973,0.0,0.0,1.0,97.0
0.0,-1084.057085997084,627.6804992855823,0.0,0.0,1.0,97.0
0.0,-1101.6189726706368,624.4947726856742,0.0,0.0,1.0,97.0
0.0,-1102.6254167653083,659.3822797649395,0.0,0.0,1.0,97.0
0.0,-1081.0083542159912,641.1996868070482,0.0,0.0,1.0,97.0
0.0,-1082.439339730507,636.2332988702492,0.0,0.0,1.0,97.0
0.0,-1118.0402937514632,601.0518090785697,0.0,0.0,1.0,97.0
0.0,-1091.7457121577756,623.9086922762733,0.0,0.0,1.0,97.0
0.0,-1111.3980345519371,622.6027932621573,0.0,0.0,1.0,97.0
0.0,-1089.8865151553468,658.4814132515467,0.0,0.0,1.0,97.0
0.0,-1089.631151302727,632.1749911570703,0.0,0.0,1.0,97.0
0.0,-1114.3122941700096,623.2560250614181,0.0,0.0,1.0,97.0
0.0,-1105.0812584062974,656.4391254144712,0.0,0.0,1.0,97.0
0.0,-1094.8428301055728,637.4561213164648,0.0,0.0,1.0,97.0
0.0,-1069.8999844801165,618.6978493535998,0.0,0.0,1.0,97.0
0.0,-1090.5823183117016,606.5527147630141,0.0,0.0,1.0,97.0
0.0,-1103.3181814026887,586.0811314410196,0.0,0.0,1.0,97.0
0.0,-1089.860059694974,632.6035104625926,0.0,0.0,1.0,97.0
0.0,-1073.3924837083623,621.3078949152061,0.0,0.0,1.0,97.0
0.0,-1119.811930727025,611.7375080380793,0.0,0.0,1.0,97.0
0.0,-1078.016325480825,616.4803082879505,0.0,0.0,1.0,97.0
0.0,-1126.6085176999316,689.7408749977608,0.0,0.0,1.0,97.0
0.0,-1134.850459942713,657.1712561179497,0.0,0.0,1.0,97.0
0.0,-1155.41003666979,662.834439746415,0.0,0.0,1.0,97.0
0.0,-1130.566153224234,683.3607202048984,0.0,0.0,1.0,97.0
0.0,-1113.927442114951,675.3900294457771,0.0,0.0,1.0,97.0
0.0,-1116.3538767127366,668.3274505892762,0.0,0.0,1.0,97.0
0.0,-1124.6455028693747,681.4791249671948,0.0,0.0,1.0,97.0
0.0,-1140.1781969744964,669.2184421624574,0.0,0.0,1.0,97.0
0.0,-1127.627283952738,686.8722715335766,0.0,0.0,1.0,97.0
0.0,-1097.6309670722642,621.8196673037755,0.0,0.0,1.0,97.0
0.0,-1110.8835475020517,657.7169113589844,0.0,0.0,1.0,97.0
0.0,-1122.8569483211922,662.3904138685625,0.0,0.0,1.0,97.0
0.0,-1153.5482224114899,628.7161332723886,0.0,0.0,1.0,97.0
0.0,-1102.3250770128443,636.1309451232105,0.0,0.0,1.0,97.0
0.0,-1098.8094739886349,651.6104755704769,0.0,0.0,1.0,97.0
0.0,-1109.7023504809663,668.1498996673067,0.0,0.0,1.0,97.0
0.0,-1129.1020549927325,692.9195177261809,0.0,0.0,1.0,97.0
0.0,-1139.9949338649167,685.5371221433006,0.0,0.0,1.0,97.0
0.0,-1128.3733787239703,675.2823018546101,0.0,0.0,1.0,97.0
0.0,-1107.2474589100386,691.6139113549743,0.0,0.0,1.0,97.0
0.0,-1120.4880924561644,692.6373603776656,0.0,0.0,1.0,97.0
0.0,-1128.304396070288,673.6322846543485,0.0,0.0,1.0,97.0
0.0,-1100.5680768625875,660.015158018969,0.0,0.0,1.0,97.0
0.0,-1115.1985205878493,682.0843973168226,0.0,0.0,1.0,97.0
0.0,-1116.5506466206325,682.6439838997203,0.0,0.0,1.0,97.0
0.0,-1114.6984294236395,674.5803673937676,0.0,0.0,1.0,97.0
0.0,-1114.1126035978004,684.2881007589758,0.0,0.0,1.0,97.0
0.0,-1114.0621710268226,665.5398489139366,0.0,0.0,1.0,97.0
0.0,-1133.9349246184483,651.8886708660148,0.0,0.0,1.0,97.0
0.0,-1111.8846048288374,670.6959317061396,0.0,0.0,1.0,97.0
0.0,-1119.9149328304422,676.21128283125,0.0,0.0,1.0,97.0
0.0,-1134.7196463991106,653.859135229724,0.0,0.0,1.0,97.0
0.0,-1102.288722098485,651.844981572395,0.0,0.0,1.0,97.0
0.0,-1126.4119987702734,665.5216949444712,0.0,0.0,1.0,97.0
0.0,-1139.9274789153546,668.5213013408193,0.0,0.0,1.0,97.0
0.0,-1140.436069896653,679.2838689055502,0.0,0.0,1.0,97.0
0.0,-1180.2342942271473,682.8253042737351,0.0,0.0,1.0,97.0
0.0,-1174.1905569900564,684.5103941481646,0.0,0.0,1.0,97.0
0.0,-1165.3741285172866,676.3190827805679,0.0,0.0,1.0,97.0
0.0,-1173.2157668732748,665.8995494887529,0.0,0.0,1.0,97.0
0.0,-1159.3215798137146,670.9651673697681,0.0,0.0,1.0,97.0
0.0,-1158.7788649342756,690.0760451569138,0.0,0.0,1.0,97.0
0.0,-1154.7441796511189,698.8184571928559,0.0,0.0,1.0,97.0
0.0,-1203.0298806654057,658.468280556868,0.0,0.0,1.0,97.0
0.0,-1143.4368317448614,654.0723645390694,0.0,0.0,1.0,97.0
0.0,-1174.3763016584576,678.0346246029692,0.0,0.0,1.0,97.0
0.0,-1177.4427284857722,668.1559693546133,0.0,0.0,1.0,97.0
0.0,-1135.5379038677072,674.2422353021293,0.0,0.0,1.0,97.0
0.0,-1189.7410050204608,679.7636379234982,0.0,0.0,1.0,97.0
0.0,-1159.366555894148,681.9611677318085,0.0,0.0,1.0,97.0
0.0,-1173.659556844579,664.660335505826,0.0,0.0,1.0,97.0
0.0,-1169.2546050868239,664.1689439796694,0.0,0.0,1.0,97.0
0.0,-1136.1953586636084,647.212159216348,0.0,0.0,1.0,97.0
0.0,-1176.3671534722941,680.2751369606945,0.0,0.0,1.0,97.0
0.0,-1174.7781428012763,682.5870722007235,0.0,0.0,1.0,97.0
0.0,-1166.9287875690434,692.6968394526589,0.0,0.0,1.0,97.0
0.0,-1168.4255937036664,682.3482349614087,0.0,0.0,1.0,97.0
0.0,-1155.5006082182392,663.8733577209646,0.0,0.0,1.0,97.0
0.0,-1166.528667747261,693.2269334256575,0.0,0.0,1.0,97.0
0.0,-1137.643243100282,676.9546808607893,0.0,0.0,1.0,97.0
0.0,-1200.351803572678,651.1919469652753,0.0,0.0,1.0,97.0
0.0,-1151.3224916355175,658.1645555795149,0.0,0.0,1.0,97.0
0.0,-1181.2180714663377,688.9535463800994,0.0,0.0,1.0,97.0
0.0,-1142.245028163406,674.2689832698704,0.0,0.0,1.0,97.0
0.0,-1166.0236334451579,677.2239933034311,0.0,0.0,1.0,97.0
0.0,-1161.4060309076708,663.1425458902459,0.0,0.0,1.0,97.0
0.0,-1151.912276999621,684.2068595452961,0.0,0.0,1.0,97.0
0.0,-1164.3458786664587,700.4757060793158,0.0,0.0,1.0,97.0
0.0,-1189.267903325584,704.0957437169095,0.0,0.0,1.0,97.0
0.0,-1173.0583988612937,675.3999004005541,0.0,0.0,1.0,97.0
0.0,-1151.62860659393,688.757442716174,0.0,0.0,1.0,97.0
0.0,-1158.1797724620246,688.7272033185118,0.0,0.0,1.0,97.0
0.0,-1219.425817895264,651.6766344292973,0.0,0.0,1.0,97.0
0.0,-1179.2652162389265,660.4913206325164,0.0,0.0,1.0,97.0
0.0,-1181.7828110196544,658.2564602891248,0.0,0.0,1.0,97.0
0.0,-1218.80408278553,642.4635216780962,0.0,0.0,1.0,97.0
0.0,-1190.819392710026,637.5771176312678,0.0,0.0,1.0,97.0
0.0,-1205.1119060972067,645.0231264685785,0.0,0.0,1.0,97.0
0.0,-1212.2578140193082,655.4911231110177,0.0,0.0,1.0,97.0
0.0,-1209.1295235984294,644.3179191558929,0.0,0.0,1.0,97.0
0.0,-1216.7100240599607,656.0548105921464,0.0,0.0,1.0,97.0
0.0,-1217.0868197843863,654.265991841271,0.0,0.0,1.0,97.0
0.0,-1216.5361479818387,655.0464285324829,0.0,0.0,1.0,97.0
0.0,-1179.2156420425756,657.951796955756,0.0,0.0,1.0,97.0
0.0,-1201.6726231075002,601.8075075442252,0.0,0.0,1.0,97.0
0.0,-1192.8558860865592,641.7423596938631,0.0,0.0,1.0,97.0
0.0,-1207.8029483649511,632.7684457069377,0.0,0.0,1.0,97.0
0.0,-1210.3308866143534,639.3332827909198,0.0,0.0,1.0,97.0
0.0,-1176.7924531774793,675.7880708379259,0.0,0.0,1.0,97.0
0.0,-1219.5577762576347,658.9321825001175,0.0,0.0,1.0,97.0
0.0,-1209.8085781609184,672.7433994673761,0.0,0.0,1.0,97.0
0.0,-1188.388219897561,674.4736791890889,0.0,0.0,1.0,97.0
0.0,-1191.2962362411804,646.2307278493704,0.0,0.0,1.0,97.0
0.0,-1198.7049894542479,650.9942864886721,0.0,0.0,1.0,97.0
0.0,-1210.969321473908,527.8326755554579,0.0,0.0,1.0,97.0
0.0,-1178.8844331054645,555.2640511967563,0.0,0.0,1.0,97.0
0.0,-1211.5555276865668,592.9768287707666,0.0,0.0,1.0,97.0
0.0,-1203.7524111011364,576.6482262302316,0.0,0.0,1.0,97.0
0.0,-1178.550784935946,542.5870398066513,0.0,0.0,1.0,97.0
0.0,-1150.2972731745774,613.0197217395962,0.0,0.0,1.0,97.0
0.0,-1188.9037563121308,613.9386720435716,0.0,0.0,1.0,97.0
0.0,-1183.8234273553194,574.274409726921,0.0,0.0,1.0,97.0
0.0,-1189.0361661393972,605.9625693537018,0.0,0.0,1.0,97.0
0.0,-1184.671263959291,569.2000791204132,0.0,0.0,1.0,97.0
0.0,-1206.745957681073,551.9266142623683,0.0,0.0,1.0,97.0
0.0,-1199.4630054214965,550.8274822049596,0.0,0.0,1.0,97.0
0.0,-1202.1210029455012,535.7790527369918,0.0,0.0,1.0,97.0
0.0,-1182.2765983223123,557.4987373865533,0.0,0.0,1.0,97.0
0.0,-1142.5802526577015,612.3650277960458,0.0,0.0,1.0,97.0
0.0,-1191.8336945611502,619.5755237350402,0.0,0.0,1.0,97.0
0.0,-1194.6822880303177,555.1462149721483,0.0,0.0,1.0,97.0
0.0,-1147.6578668963557,558.2501623744997,0.0,0.0,1.0,97.0
0.0,-1181.1889224070583,562.6979707005848,0.0,0.0,1.0,97.0
0.0,-1183.36610348771,547.9546664957013,0.0,0.0,1.0,97.0
0.0,-1166.110708995017,593.2134941481179,0.0,0.0,1.0,97.0
0.0,-1155.5961359882972,557.4223544060426,0.0,0.0,1.0,97.0
0.0,-1146.6460266979082,555.357061879346,0.0,0.0,1.0,97.0
0.0,-1171.800450823776,575.3914259407647,0.0,0.0,1.0,97.0
0.0,-1170.1766049492394,568.3577375125378,0.0,0.0,1.0,97.0
0.0,-1165.3819601071725,559.0376835986935,0.0,0.0,1.0,97.0
0.0,-1165.3952029082202,560.9838912175217,0.0,0.0,1.0,97.0
0.0,-1179.8833565070897,560.5384433949043,0.0,0.0,1.0,97.0
0.0,-1138.7875304247555,518.2401632520196,0.0,0.0,1.0,97.0
0.0,-1157.4978151033883,531.7654289553766,0.0,0.0,1.0,97.0
0.0,-1138.1145308558018,540.5433146394337,0.0,0.0,1.0,97.0
0.0,-1154.162840200792,564.7836335773632,0.0,0.0,1.0,97.0
0.0,-1132.225230034598,568.2039949819386,0.0,0.0,1.0,97.0
0.0,-1116.8087530677415,573.3396145621552,0.0,0.0,1.0,97.0
0.0,-1132.3353583720786,558.4395119898093,0.0,0.0,1.0,97.0
0.0,-1141.6572091000426,592.6521969318342,0.0,0.0,1.0,97.0
0.0,-1123.6802000750515,544.4956250009757,0.0,0.0,1.0,97.0
0.0,-1148.5656338085264,569.2043290523588,0.0,0.0,1.0,97.0
0.0,-1134.8490905220754,573.4658001537159,0.0,0.0,1.0,97.0
0.0,-1174.985487866586,580.8359603889385,0.0,0.0,1.0,97.0
0.0,-1160.0486126120575,568.4201201883632,0.0,0.0,1.0,97.0
0.0,-1125.5109658995138,583.4774997550712,0.0,0.0,1.0,97.0
0.0,-1143.367179387232,530.7544200814532,0.0,0.0,1.0,97.0
0.0,-1138.379949002096,553.5913577450572,0.0,0.0,1.0,97.0
0.0,-1106.1167433708545,587.3434124756122,0.0,0.0,1.0,97.0
0.0,-1147.5210444960244,556.7160268759881,0.0,0.0,1.0,97.0
0.0,-1185.9532076149244,569.6172524974531,0.0,0.0,1.0,97.0
0.0,-1121.0254408801252,563.0015406485004,0.0,0.0,1.0,97.0
0.0,-1150.6025677913349,550.80441822895,0.0,0.0,1.0,97.0
0.0,-1175.723150336785,565.80168497971,0.0,0.0,1.0,97.0
0.0,-1148.1657598461775,542.7990406318995,0.0,0.0,1.0,97.0
0.0,-1140.563836520314,559.7012898615735,0.0,0.0,1.0,97.0
0.0,-1121.8001231153519,545.8952690910153,0.0,0.0,1.0,97.0
0.0,-1163.5078488861639,554.1295883654607,0.0,0.0,1.0,97.0
0.0,-1147.2787423601887,540.8832700860569,0.0,0.0,1.0,97.0
0.0,-1131.2433863964905,553.6264539439328,0.0,0.0,1.0,97.0
0.0,-1129.7429900170414,558.3113913490229,0.0,0.0,1.0,97.0
0.0,-1127.163484048215,551.4963127947872,0.0,0.0,1.0,97.0
0.0,-1148.2161858445568,566.164380409956,0.0,0.0,1.0,97.0
0.0,-1127.6035485674377,555.3958630910208,0.0,0.0,1.0,97.0
0.0,-1145.7718485556275,548.4339610817212,0.0,0.0,1.0,97.0
0.0,-1139.0355580659934,570.4401401452928,0.0,0.0,1.0,97.0
0.0,-1142.0425599941016,542.2453479218022,0.0,0.0,1.0,97.0
0.0,-1159.7282624876764,554.4765625251566,0.0,0.0,1.0,97.0
0.0,-1122.514074775953,569.0777401939304,0.0,0.0,1.0,97.0
0.0,-1083.4692757678913,594.193732911267,0.0,0.0,1.0,97.0
0.0,-1086.4390742920275,587.9077210315654,0.0,0.0,1.0,97.0
0.0,-1105.4896090220336,566.1189585839211,0.0,0.0,1.0,97.0
0.0,-1088.8015931923924,568.4987936852199,0.0,0.0,1.0,97.0
0.0,-1101.2398762991675,584.5755506918779,0.0,0.0,1.0,97.0
0.0,-1102.9263519366448,593.5765488282505,0.0,0.0,1.0,97.0
0.0,-1087.0188448759732,590.1615299558141,0.0,0.0,1.0,97.0
0.0,-1082.1015537214194,594.9342668408381,0.0,0.0,1.0,97.0
0.0,-1107.447027760473,555.976578902777,0.0,0.0,1.0,97.0
0.0,-1090.5486822727637,581.1142423161373,0.0,0.0,1.0,97.0
0.0,-1089.0740501181601,621.1569601993519,0.0,0.0,1.0,97.0
0.0,-1113.0356163003012,582.2122970208275,0.0,0.0,1.0,97.0
0.0,-1119.6548643907192,562.1792873214022,0.0,0.0,1.0,97.0
0.0,-1092.302737638496,572.3744861642797,0.0,0.0,1.0,97.0
0.0,-1081.6668475631288,573.3407644039316,0.0,0.0,1.0,97.0
0.0,-1103.0292467491,560.169178876962,0.0,0.0,1.0,97.0
0.0,-1080.8260457285332,591.928803762019,0.0,0.0,1.0,97.0
0.0,-1097.3939755767117,574.2848117605304,0.0,0.0,1.0,97.0
0.0,-1111.248788835884,558.3413619245928,0.0,0.0,1.0,97.0
0.0,-1117.3601194332093,571.6108753808257,0.0,0.0,1.0,97.0
0.0,-1094.020801968243,609.625660189374,0.0,0.0,1.0,97.0
0.0,-1108.8416719135898,563.3046446025387,0.0,0.0,1.0,97.0
0.0,-1095.4061382030707,578.8229350801375,0.0,0.0,1.0,97.0
0.0,-1074.7030367851469,596.4405214922831,0.0,0.0,1.0,97.0
0.0,-1098.729977909514,576.2732141940378,0.0,0.0,1.0,97.0
0.0,-1109.406084342118,587.3949329521324,0.0,0.0,1.0,97.0
0.0,-1072.4720275190857,561.878887720156,0.0,0.0,1.0,97.0
0.0,-1092.406049197968,563.9865871547249,0.0,0.0,1.0,97.0
0.0,-1134.1996855602717,573.0718107438927,0.0,0.0,1.0,97.0
0.0,-1108.0834454143733,570.3304045146872,0.0,0.0,1.0,97.0
0.0,-1114.1511777379028,576.9148677066603,0.0,0.0,1.0,97.0
0.0,-1083.0104978278885,571.7299207803335,0.0,0.0,1.0,97.0
0.0,-1110.3336197913695,579.2641665999354,0.0,0.0,1.0,97.0
0.0,-1097.921971864907,573.923065318023,0.0,0.0,1.0,97.0
0.0,-1136.5254557798419,574.6693853444403,0.0,0.0,1.0,97.0
0.0,-1101.2140693878061,579.0119190807138,0.0,0.0,1.0,97.0
0.0,-1097.1314977673246,557.5384111336502,0.0,0.0,1.0,97.0
0.0,-1098.6965433442815,587.8473345015564,0.0,0.0,1.0,97.0
0.0,-1115.427271749014,563.4607503399886,0.0,0.0,1.0,97.0
0.0,-1126.710629429375,559.5263739525351,0.0,0.0,1.0,97.0
0.0,-1222.7792459198547,425.6126348285334,0.0,0.0,1.0,98.0
0.0,-1286.3026722608988,405.2063081242777,0.0,0.0,1.0,98.0
0.0,-1298.5043560111026,404.4736539649739,0.0,0.0,1.0,98.0
0.0,-1295.743172918039,402.3575308895545,0.0,0.0,1.0,98.0
0.0,-1247.8047740755228,442.01977920108015,0.0,0.0,1.0,98.0
0.0,-1296.0945684896526,408.38784028008354,0.0,0.0,1.0,98.0
0.0,-1259.672679318226,415.7675317898793,0.0,0.0,1.0,98.0
0.0,-1298.5417059569706,411.0401566829664,0.0,0.0,1.0,98.0
0.0,-1300.0663259910048,456.8730361595369,0.0,0.0,1.0,98.0
0.0,-1304.9450473918982,389.02830089563463,0.0,0.0,1.0,98.0
0.0,-1267.4593651983382,407.4364572666577,0.0,0.0,1.0,98.0
0.0,-1261.3976524630248,389.79079557427735,0.0,0.0,1.0,98.0
0.0,-1287.7971711174373,410.69373456717267,0.0,0.0,1.0,98.0
0.0,-1322.2065352204413,415.72662109595353,0.0,0.0,1.0,98.0
0.0,-1304.001814866537,433.72015159610805,0.0,0.0,1.0,98.0
0.0,-1298.3426726877542,430.1381676685826,0.0,0.0,1.0,98.0
0.0,-1272.989152438606,421.1508859437488,0.0,0.0,1.0,98.0
0.0,-1272.257187760849,386.9069384836273,0.0,0.0,1.0,98.0
0.0,-1264.391815726682,396.6579971340011,0.0,0.0,1.0,98.0
0.0,-1298.2050055275533,414.6945877607261,0.0,0.0,1.0,98.0
0.0,-1302.6783385377357,411.55914820152225,0.0,0.0,1.0,98.0
0.0,-1288.0707940731445,382.7871528462679,0.0,0.0,1.0,98.0
0.0,-1281.0798884145042,391.09331785874883,0.0,0.0,1.0,98.0
0.0,-1300.630067114613,414.51602331241975,0.0,0.0,1.0,98.0
0.0,-1296.4749976332532,438.12445338891916,0.0,0.0,1.0,98.0
0.0,-1268.96637967312,399.3091291377864,0.0,0.0,1.0,98.0
0.0,-1278.0859125126626,432.5480792852518,0.0,0.0,1.0,98.0
0.0,-1204.9611050931094,380.28549241618384,0.0,0.0,1.0,98.0
0.0,-1183.4671052295273,393.27414790352304,0.0,0.0,1.0,98.0
0.0,-1201.6896811656295,394.6550960114639,0.0,0.0,1.0,98.0
0.0,-1185.2905402740128,394.4320566935746,0.0,0.0,1.0,98.0
0.0,-1219.606673019194,378.48750549796887,0.0,0.0,1.0,98.0
0.0,-1196.3019843197044,403.8144480837518,0.0,0.0,1.0,98.0
0.0,-1198.8314497684391,368.48489326456456,0.0,0.0,1.0,98.0
0.0,-1178.895372531097,383.09578499023837,0.0,0.0,1.0,98.0
0.0,-1193.8579276835446,394.59276220292895,0.0,0.0,1.0,98.0
0.0,-1201.5245321047555,384.57430572962517,0.0,0.0,1.0,98.0
0.0,-1205.3367758531701,386.1823594740156,0.0,0.0,1.0,98.0
0.0,-1201.797227694746,382.5143442176527,0.0,0.0,1.0,98.0
0.0,-1208.0439407567028,394.3956323584953,0.0,0.0,1.0,98.0
0.0,-1232.9971292913729,390.3091231652552,0.0,0.0,1.0,98.0
0.0,-1223.0571344240918,417.7099906217529,0.0,0.0,1.0,98.0
0.0,-1211.930025131279,371.7472724007239,0.0,0.0,1.0,98.0
0.0,-1189.0623545925055,394.9768808940971,0.0,0.0,1.0,98.0
0.0,-1219.3331643987144,375.6228245664406,0.0,0.0,1.0,98.0
0.0,-1158.4731191887033,444.5549996012887,0.0,0.0,1.0,98.0
0.0,-1198.9047163615367,419.640986475129,0.0,0.0,1.0,98.0
0.0,-1172.64077059104,430.716218460625,0.0,0.0,1.0,98.0
0.0,-1200.4882945994239,436.1737921753188,0.0,0.0,1.0,98.0
0.0,-1177.3881141060986,452.88960122218487,0.0,0.0,1.0,98.0
0.0,-1174.0398330285764,425.6292953436114,0.0,0.0,1.0,98.0
0.0,-1164.3328400349296,412.23167207704637,0.0,0.0,1.0,98.0
0.0,-1194.9547207449812,391.3096376339595,0.0,0.0,1.0,98.0
0.0,-1171.936765397669,429.3020202152659,0.0,0.0,1.0,98.0
0.0,-1210.79766891951,424.44363264356343,0.0,0.0,1.0,98.0
0.0,-1235.4285919445906,446.7994134340431,0.0,0.0,1.0,98.0
0.0,-1186.796209228753,422.4451814942381,0.0,0.0,1.0,98.0
0.0,-1161.651294843833,430.2712268534142,0.0,0.0,1.0,98.0
0.0,-1124.1211732142092,436.5197297610955,0.0,0.0,1.0,98.0
0.0,-1165.3032467300811,428.95496080194835,0.0,0.0,1.0,98.0
0.0,-1151.3969780606951,396.4115440904136,0.0,0.0,1.0,98.0
0.0,-1168.47798590976,438.43040496739445,0.0,0.0,1.0,98.0
0.0,-1136.5541836289594,434.9013386146114,0.0,0.0,1.0,98.0
0.0,-1151.298505799766,427.6983812919175,0.0,0.0,1.0,98.0
0.0,-1176.327576013751,434.29301127572944,0.0,0.0,1.0,98.0
0.0,-1198.2804717055733,464.68240469199054,0.0,0.0,1.0,98.0
0.0,-1144.425797249743,390.498027820626,0.0,0.0,1.0,98.0
0.0,-1181.8037866384984,455.69982025824584,0.0,0.0,1.0,98.0
0.0,-1153.4454750909024,500.47325098156625,0.0,0.0,1.0,98.0
0.0,-1177.3370116096494,475.36278060575205,0.0,0.0,1.0,98.0
0.0,-1167.9286555131862,477.54710925203426,0.0,0.0,1.0,98.0
0.0,-1186.6278698415247,482.51401137420453,0.0,0.0,1.0,98.0
0.0,-1178.7391114521681,447.1139486610348,0.0,0.0,1.0,98.0
0.0,-1161.6531194889435,488.40275943835513,0.0,0.0,1.0,98.0
0.0,-1185.377795196489,508.13561017523693,0.0,0.0,1.0,98.0
0.0,-1190.222133859704,488.08081786694584,0.0,0.0,1.0,98.0
0.0,-1180.5339496428862,469.3198329297602,0.0,0.0,1.0,98.0
0.0,-1180.9260491714329,471.23715907451583,0.0,0.0,1.0,98.0
0.0,-1200.4301569741674,480.1178149276743,0.0,0.0,1.0,98.0
0.0,-1175.441773918576,452.35204838625896,0.0,0.0,1.0,98.0
0.0,-1193.345737713769,482.21887325895045,0.0,0.0,1.0,98.0
0.0,-1172.2428547455306,487.4686706039604,0.0,0.0,1.0,98.0
0.0,-1187.8925452811181,496.62960076629474,0.0,0.0,1.0,98.0
0.0,-1212.182089575258,520.547160798041,0.0,0.0,1.0,98.0
0.0,-1210.214067799157,527.0814865658115,0.0,0.0,1.0,98.0
0.0,-1190.0642384581367,519.8620474846666,0.0,0.0,1.0,98.0
0.0,-1206.033837130732,509.6388540234436,0.0,0.0,1.0,98.0
0.0,-1222.96528379486,505.9834217694115,0.0,0.0,1.0,98.0
0.0,-1213.948674659905,512.3884589126283,0.0,0.0,1.0,98.0
0.0,-1228.5618717779378,525.0137591569792,0.0,0.0,1.0,98.0
0.0,-1221.2946492286371,507.6685743176465,0.0,0.0,1.0,98.0
0.0,-1217.8889290394798,514.8449679848184,0.0,0.0,1.0,98.0
0.0,-1206.9800060334971,486.2665823040029,0.0,0.0,1.0,98.0
0.0,-1225.711212081823,518.5288593652062,0.0,0.0,1.0,98.0
0.0,-1213.89735793948,520.3762857719839,0.0,0.0,1.0,98.0
0.0,-1187.7031950876437,496.39125662657943,0.0,0.0,1.0,98.0
0.0,-1206.9733740051006,501.11709673634095,0.0,0.0,1.0,98.0
0.0,-1180.3557098351919,484.2465756947215,0.0,0.0,1.0,98.0
0.0,-1241.8354450346521,504.7510449200511,0.0,0.0,1.0,98.0
0.0,-1210.1158122875536,500.8605063221662,0.0,0.0,1.0,98.0
0.0,-1192.3609873628807,516.5180111042912,0.0,0.0,1.0,98.0
0.0,-1213.0103245970852,512.6971974070325,0.0,0.0,1.0,98.0
0.0,-1202.5643998021387,483.8214740651201,0.0,0.0,1.0,98.0
0.0,-1186.9710993690876,504.9550670531644,0.0,0.0,1.0,98.0
0.0,-1220.4950990262594,502.62281234231205,0.0,0.0,1.0,98.0
0.0,-1201.3647056474958,478.00012960351387,0.0,0.0,1.0,98.0
0.0,-1228.191329581578,520.3822891293235,0.0,0.0,1.0,98.0
0.0,-1214.1290864635168,510.4137437780712,0.0,0.0,1.0,98.0
0.0,-1190.1821883466714,519.0254756279321,0.0,0.0,1.0,98.0
0.0,-1192.685680898561,501.3887042325123,0.0,0.0,1.0,98.0
0.0,-1197.0648698907432,509.5441598015989,0.0,0.0,1.0,98.0
0.0,-1190.8534206595004,522.9580253562008,0.0,0.0,1.0,98.0
0.0,-1223.673529517432,506.0502939530661,0.0,0.0,1.0,98.0
0.0,-1234.348166761763,513.4431994987763,0.0,0.0,1.0,98.0
0.0,-1254.7257218859402,510.58607965733563,0.0,0.0,1.0,98.0
0.0,-1211.1842322287073,480.95844174081594,0.0,0.0,1.0,98.0
0.0,-1238.0770422388703,505.89077466359504,0.0,0.0,1.0,98.0
0.0,-1213.628824042908,486.7637324833697,0.0,0.0,1.0,98.0
0.0,-1222.85787691226,504.9118620732572,0.0,0.0,1.0,98.0
0.0,-1215.9159592532017,507.0648158306253,0.0,0.0,1.0,98.0
0.0,-1203.6217814902454,509.64739511142943,0.0,0.0,1.0,98.0
0.0,-1223.3839966473847,488.681714476794,0.0,0.0,1.0,98.0
0.0,-1287.6331012569153,497.2521404177878,0.0,0.0,1.0,98.0
0.0,-1272.2117540801512,480.47529992869227,0.0,0.0,1.0,98.0
0.0,-1267.655154635916,506.70934971030897,0.0,0.0,1.0,98.0
0.0,-1273.0295867920227,489.36940715402466,0.0,0.0,1.0,98.0
0.0,-1247.152091689127,511.9325731742392,0.0,0.0,1.0,98.0
0.0,-1302.6423790618994,502.7876442341426,0.0,0.0,1.0,98.0
0.0,-1265.8218682698432,489.37199434187596,0.0,0.0,1.0,98.0
0.0,-1284.4517789141478,515.9135303732121,0.0,0.0,1.0,98.0
0.0,-1258.874581593583,507.5797986276748,0.0,0.0,1.0,98.0
0.0,-1216.544349021732,454.362873348432,0.0,0.0,1.0,98.0
0.0,-1284.252486502593,505.35990382105615,0.0,0.0,1.0,98.0
0.0,-1276.0055955679168,508.76199524866024,0.0,0.0,1.0,98.0
0.0,-1263.9990754011417,511.5831729234087,0.0,0.0,1.0,98.0
0.0,-1278.0228189247723,493.5685180750402,0.0,0.0,1.0,98.0
0.0,-1259.512964521504,527.53272437957,0.0,0.0,1.0,98.0
0.0,-1234.8296470260123,521.748959908831,0.0,0.0,1.0,98.0
0.0,-1281.7230228848937,501.9349378383595,0.0,0.0,1.0,98.0
0.0,-1285.2354982136728,482.46950450557756,0.0,0.0,1.0,98.0
0.0,-1272.5625299733981,512.9218801241543,0.0,0.0,1.0,98.0
0.0,-1282.3429855511904,491.9176193342778,0.0,0.0,1.0,98.0
0.0,-1246.5279522669236,494.94379412533726,0.0,0.0,1.0,98.0
0.0,-1270.2875454528296,520.7731854415438,0.0,0.0,1.0,98.0
0.0,-1288.1660990768733,494.8020879480091,0.0,0.0,1.0,98.0
0.0,-1232.8787507232005,507.06000762902113,0.0,0.0,1.0,98.0
0.0,-1260.1130487257528,496.80150216343736,0.0,0.0,1.0,98.0
0.0,-1269.7182853868155,486.456092963806,0.0,0.0,1.0,98.0
0.0,-1288.1798747751022,490.31677735190397,0.0,0.0,1.0,98.0
0.0,-1256.8434578817196,514.8505599624216,0.0,0.0,1.0,98.0
0.0,-1281.5794472038608,485.8880750608819,0.0,0.0,1.0,98.0
0.0,-1259.9412898753646,488.59933429423927,0.0,0.0,1.0,98.0
0.0,-1261.586910774151,508.1142045740212,0.0,0.0,1.0,98.0
0.0,-1258.6067312299592,496.25988684750064,0.0,0.0,1.0,98.0
0.0,-1273.5989856651156,516.0770160678042,0.0,0.0,1.0,98.0
0.0,-1219.2803714737022,480.07599957794855,0.0,0.0,1.0,98.0
0.0,-1257.555909487573,480.10356677212985,0.0,0.0,1.0,98.0
0.0,-1262.0497634971728,497.3665193230188,0.0,0.0,1.0,98.0
0.0,-1276.3624789878181,471.0067516210238,0.0,0.0,1.0,98.0
0.0,-1281.8420578017183,512.949680301957,0.0,0.0,1.0,98.0
0.0,-1276.3901740285314,498.15889259794335,0.0,0.0,1.0,98.0
0.0,-1277.1257651988326,464.35851021335134,0.0,0.0,1.0,98.0
0.0,-1291.9697608354008,456.97737069462573,0.0,0.0,1.0,98.0
0.0,-1297.858775791215,428.123496175622,0.0,0.0,1.0,98.0
0.0,-1273.294991067684,466.3383551311292,0.0,0.0,1.0,98.0
0.0,-1293.0290815674784,456.7215120581832,0.0,0.0,1.0,98.0
0.0,-1314.6366429632342,499.3034008075397,0.0,0.0,1.0,98.0
0.0,-1288.7719183840763,484.87925123187097,0.0,0.0,1.0,98.0
0.0,-1281.771428449181,439.00825403063936,0.0,0.0,1.0,98.0
0.0,-1291.8582979499417,445.43074434796836,0.0,0.0,1.0,98.0
0.0,-1271.330620521542,442.72644514672356,0.0,0.0,1.0,98.0
0.0,-1296.3591089733345,455.5280529957822,0.0,0.0,1.0,98.0
0.0,-1307.529494634268,476.16003453327994,0.0,0.0,1.0,98.0
0.0,-1295.5752349952704,461.87209253226547,0.0,0.0,1.0,98.0
0.0,-1302.7505350290935,465.84221968200654,0.0,0.0,1.0,98.0
0.0,-1278.568659066707,464.7995198159117,0.0,0.0,1.0,98.0
0.0,-1309.7774783850753,466.5141773256091,0.0,0.0,1.0,98.0
0.0,-1291.8276393403526,479.5872116794924,0.0,0.0,1.0,98.0
0.0,-1303.362064460917,488.40901120261174,0.0,0.0,1.0,98.0
0.0,-1293.46555860509,465.7213495671797,0.0,0.0,1.0,98.0
0.0,-1317.8732675411663,473.0277466740895,0.0,0.0,1.0,98.0
0.0,-1318.280528174909,456.68694921257384,0.0,0.0,1.0,98.0
0.0,-1334.8140492684495,468.153120147643,0.0,0.0,1.0,98.0
0.0,-1304.4104115380878,455.76562675742844,0.0,0.0,1.0,98.0
0.0,-1314.8410938561915,459.1878843058498,0.0,0.0,1.0,98.0
0.0,-1276.861107830464,451.1626734414699,0.0,0.0,1.0,98.0
0.0,-1293.4295850951435,464.5742335776972,0.0,0.0,1.0,98.0
0.0,-1279.3954943561648,429.4645466478437,0.0,0.0,1.0,98.0
0.0,-1294.4763945319467,469.68455921421787,0.0,0.0,1.0,98.0
0.0,-1298.438309226425,449.6206725752272,0.0,0.0,1.0,98.0
0.0,-1306.8260975193566,468.4793488219541,0.0,0.0,1.0,98.0
0.0,-1305.939164216297,452.05012734725256,0.0,0.0,1.0,98.0
0.0,-1304.087718036716,482.17553551224455,0.0,0.0,1.0,98.0
0.0,-1303.69286546161,452.08711725394414,0.0,0.0,1.0,98.0
0.0,-1280.3378642035143,452.43026534375076,0.0,0.0,1.0,98.0
0.0,-1280.5593094791059,463.4887416483177,0.0,0.0,1.0,98.0
0.0,-1311.4973106104724,461.18087010995487,0.0,0.0,1.0,98.0
0.0,-1236.6306308056105,-507.0729749420966,0.0,0.0,1.0,99.0
0.0,-1241.0815493392374,-540.0478284323553,0.0,0.0,1.0,99.0
0.0,-1239.2322270381057,-506.3955315797922,0.0,0.0,1.0,99.0
0.0,-1218.1211573651724,-490.3062029710163,0.0,0.0,1.0,99.0
0.0,-1251.8634021323517,-499.9626493380281,0.0,0.0,1.0,99.0
0.0,-1234.4083900691915,-486.38336716120523,0.0,0.0,1.0,99.0
0.0,-1249.210329914049,-517.362681054706,0.0,0.0,1.0,99.0
0.0,-1213.9649708613783,-501.3189273380135,0.0,0.0,1.0,99.0
0.0,-1254.0198922961106,-490.26069665266675,0.0,0.0,1.0,99.0
0.0,-1237.4559143123229,-543.4521966122662,0.0,0.0,1.0,99.0
0.0,-1220.0396820402248,-532.6003984238581,0.0,0.0,1.0,99.0
0.0,-1236.8387976823713,-494.2922903609933,0.0,0.0,1.0,99.0
0.0,-1240.2120059314282,-493.4833291302673,0.0,0.0,1.0,99.0
0.0,-1245.7789731272455,-488.53991118555643,0.0,0.0,1.0,99.0
0.0,-1259.7451802596372,-486.5361336670171,0.0,0.0,1.0,99.0
0.0,-1243.7018040225948,-488.08556554648294,0.0,0.0,1.0,99.0
0.0,-1248.0976844399363,-491.8888674771887,0.0,0.0,1.0,99.0
0.0,-1216.678706941836,-492.5135615450995,0.0,0.0,1.0,99.0
0.0,-1240.111924614189,-488.4687739662852,0.0,0.0,1.0,99.0
0.0,-1229.9498215756742,-482.6654980844464,0.0,0.0,1.0,99.0
0.0,-1234.7136206520388,-489.05533781611484,0.0,0.0,1.0,99.0
0.0,-1225.2600063175285,-493.7927317000525,0.0,0.0,1.0,99.0
0.0,-1261.9341086344707,-463.41757552023273,0.0,0.0,1.0,99.0
0.0,-1270.684898737592,-482.0761039701225,0.0,0.0,1.0,99.0
0.0,-1253.5131034759454,-516.598077775184,0.0,0.0,1.0,99.0
0.0,-1231.1378986606358,-506.65483441374795,0.0,0.0,1.0,99.0
0.0,-1256.2095472072076,-488.7095843915423,0.0,0.0,1.0,99.0
0.0,-1225.6938551157805,-514.9083147032983,0.0,0.0,1.0,99.0
0.0,-1252.2907683876965,-493.9800429920232,0.0,0.0,1.0,99.0
0.0,-1212.7249870248354,-508.3545173301392,0.0,0.0,1.0,99.0
0.0,-1274.8913166800526,-524.6702248241126,0.0,0.0,1.0,99.0
0.0,-1232.1824986764107,-537.9638271114898,0.0,0.0,1.0,99.0
0.0,-1252.7531152777615,-490.90261090043134,0.0,0.0,1.0,99.0
0.0,-1218.5652177245179,-508.66405429778206,0.0,0.0,1.0,99.0
0.0,-1279.780997814839,-530.0467145854383,0.0,0.0,1.0,99.0
0.0,-1255.004320859236,-511.7247208540846,0.0,0.0,1.0,99.0
0.0,-1254.1456947036245,-492.1995644744193,0.0,0.0,1.0,99.0
0.0,-1298.4223256740613,-517.3744635743635,0.0,0.0,1.0,99.0
0.0,-1306.5596082635948,-543.4244685160405,0.0,0.0,1.0,99.0
0.0,-1323.9417136688762,-493.29984522859525,0.0,0.0,1.0,99.0
0.0,-1288.6746046987419,-519.6469134098409,0.0,0.0,1.0,99.0
0.0,-1300.3755761254804,-528.9030777361327,0.0,0.0,1.0,99.0
0.0,-1340.4200998235212,-506.57971972779626,0.0,0.0,1.0,99.0
0.0,-1306.635485969832,-482.9477662804219,0.0,0.0,1.0,99.0
0.0,-1293.9664965097195,-527.5389238592804,0.0,0.0,1.0,99.0
0.0,-1304.3841712981684,-534.2616025167406,0.0,0.0,1.0,99.0
0.0,-1294.5600831906713,-536.3447065250537,0.0,0.0,1.0,99.0
0.0,-1305.8079123148573,-540.5198703059898,0.0,0.0,1.0,99.0
0.0,-1313.178454917813,-548.6345963880158,0.0,0.0,1.0,99.0
0.0,-1292.3380702098857,-496.28866897593775,0.0,0.0,1.0,99.0
0.0,-1305.9148016953352,-532.8679486569117,0.0,0.0,1.0,99.0
0.0,-1280.5827464439178,-501.1860311286555,0.0,0.0,1.0,99.0
0.0,-1289.794154672726,-530.935711252464,0.0,0.0,1.0,99.0
0.0,-1262.6606127884736,-566.8367321725235,0.0,0.0,1.0,99.0
0.0,-1310.3093030834502,-509.78778184600105,0.0,0.0,1.0,99.0
0.0,-1268.7986513525166,-534.4862389899953,0.0,0.0,1.0,99.0
0.0,-1300.4180408841457,-509.13657423905715,0.0,0.0,1.0,99.0
0.0,-1317.8044193078229,-566.3822362549848,0.0,0.0,1.0,99.0
0.0,-1308.8600862590574,-531.1370894486546,0.0,0.0,1.0,99.0
0.0,-1309.4347563590886,-496.65717886750406,0.0,0.0,1.0,99.0
0.0,-1292.2900715614362,-579.2943327848503,0.0,0.0,1.0,99.0
0.0,-1285.7052914111875,-511.8557223127756,0.0,0.0,1.0,99.0
0.0,-1307.2782497328888,-552.9581152034343,0.0,0.0,1.0,99.0
0.0,-1265.830922036347,-536.249936918329,0.0,0.0,1.0,99.0
0.0,-1309.6951440957637,-522.9186118071522,0.0,0.0,1.0,99.0
0.0,-1332.433699095273,-552.8407076034447,0.0,0.0,1.0,99.0
0.0,-1311.8256927759378,-537.2760296940465,0.0,0.0,1.0,99.0
0.0,-1293.8664540963055,-522.9292417620445,0.0,0.0,1.0,99.0
0.0,-1296.962434907536,-508.4712556827858,0.0,0.0,1.0,99.0
0.0,-1279.9333793016397,-514.1970479417068,0.0,0.0,1.0,99.0
0.0,-1224.4963505488797,-550.9149975688367,0.0,0.0,1.0,99.0
0.0,-1272.0558736863313,-527.5005497612224,0.0,0.0,1.0,99.0
0.0,-1319.3449532752106,-570.4784625078833,0.0,0.0,1.0,99.0
0.0,-1316.1449161505077,-508.6821824526546,0.0,0.0,1.0,99.0
0.0,-1321.6564193956988,-563.2909180845705,0.0,0.0,1.0,99.0
0.0,-1319.9560148863613,-574.1608828221719,0.0,0.0,1.0,99.0
0.0,-1316.9582232889757,-588.8344798630042,0.0,0.0,1.0,99.0
0.0,-1331.9845754598814,-580.4765366802383,0.0,0.0,1.0,99.0
0.0,-1253.4057957724244,-607.8549383805107,0.0,0.0,1.0,99.0
0.0,-1319.7624077018845,-563.477276127466,0.0,0.0,1.0,99.0
0.0,-1331.607058877139,-570.3937250432915,0.0,0.0,1.0,99.0
0.0,-1343.0141027940263,-560.3600015923756,0.0,0.0,1.0,99.0
0.0,-1302.0994281332446,-586.8268807432045,0.0,0.0,1.0,99.0
0.0,-1332.4906406998205,-585.0766956420914,0.0,0.0,1.0,99.0
0.0,-1333.0007027301087,-548.9433212826212,0.0,0.0,1.0,99.0
0.0,-1308.6490026754257,-568.5688134951571,0.0,0.0,1.0,99.0
0.0,-1330.7626739083846,-593.3203473473563,0.0,0.0,1.0,99.0
0.0,-1283.4076697666153,-581.4450967533198,0.0,0.0,1.0,99.0
0.0,-1307.4327879174211,-595.3749155560753,0.0,0.0,1.0,99.0
0.0,-1310.9759908936671,-564.4066163981621,0.0,0.0,1.0,99.0
0.0,-1323.550991828275,-592.9943034498574,0.0,0.0,1.0,99.0
0.0,-1329.431803292812,-566.577148142369,0.0,0.0,1.0,99.0
0.0,-1339.7337986385135,-574.1131691536256,0.0,0.0,1.0,99.0
0.0,-1309.1744844591308,-567.9181150195608,0.0,0.0,1.0,99.0
0.0,-1321.6658726997266,-558.7331807339119,0.0,0.0,1.0,99.0
0.0,-1310.0354195380303,-588.484154754354,0.0,0.0,1.0,99.0
0.0,-1322.04879977686,-591.1514488623684,0.0,0.0,1.0,99.0
0.0,-1351.936843073851,-592.709520198182,0.0,0.0,1.0,99.0
0.0,-1260.5560322052256,-629.6040052719412,0.0,0.0,1.0,99.0
0.0,-1328.2815718701465,-583.6262799004387,0.0,0.0,1.0,99.0
0.0,-1338.8697100647303,-563.0378417642916,0.0,0.0,1.0,99.0
0.0,-1304.0113282799825,-559.0890303090002,0.0,0.0,1.0,99.0
0.0,-1315.9658416288842,-584.9819161569418,0.0,0.0,1.0,99.0
0.0,-1338.8040965303944,-591.3766683255859,0.0,0.0,1.0,99.0
0.0,-1334.834580603874,-598.9865633997599,0.0,0.0,1.0,99.0
0.0,-1319.2888385077226,-590.116573731214,0.0,0.0,1.0,99.0
0.0,-1341.03810348281,-568.13152673245,0.0,0.0,1.0,99.0
0.0,-1301.3627255869296,-595.1007202860111,0.0,0.0,1.0,99.0
0.0,-1316.6165076234731,-568.2263774104828,0.0,0.0,1.0,99.0
0.0,-1327.8534723830564,-556.207739086057,0.0,0.0,1.0,99.0
0.0,-1306.8996903433597,-588.3612332946877,0.0,0.0,1.0,99.0
0.0,-1315.9636555770564,-583.112040589789,0.0,0.0,1.0,99.0
0.0,-1267.1509183372261,-631.4486401591103,0.0,0.0,1.0,99.0
0.0,-1209.1356947874121,-623.6423071495092,0.0,0.0,1.0,99.0
0.0,-1308.920007164979,-626.1602329990919,0.0,0.0,1.0,99.0
0.0,-1263.784971315571,-660.9367986398762,0.0,0.0,1.0,99.0
0.0,-1308.8395952313147,-663.1378495923196,0.0,0.0,1.0,99.0
0.0,-1316.2451046423394,-628.9879860778925,0.0,0.0,1.0,99.0
0.0,-1304.426494340606,-607.1715175227694,0.0,0.0,1.0,99.0
0.0,-1289.006293189634,-658.9735463871743,0.0,0.0,1.0,99.0
0.0,-1294.4984744216943,-654.4168986402248,0.0,0.0,1.0,99.0
0.0,-1292.4951470575384,-626.3513618989356,0.0,0.0,1.0,99.0
0.0,-1305.6556546602606,-658.3324507305196,0.0,0.0,1.0,99.0
0.0,-1290.5185308472471,-644.0834778656548,0.0,0.0,1.0,99.0
0.0,-1305.8428053790894,-646.4540635145299,0.0,0.0,1.0,99.0
0.0,-1295.226395882737,-608.3497585970995,0.0,0.0,1.0,99.0
0.0,-1305.035170036166,-637.4844669585266,0.0,0.0,1.0,99.0
0.0,-1305.6269141054586,-656.3182834547376,0.0,0.0,1.0,99.0
0.0,-1273.8275394407922,-645.2169494300657,0.0,0.0,1.0,99.0
0.0,-1321.7287872621234,-633.3754276424216,0.0,0.0,1.0,99.0
0.0,-1304.383272575166,-618.5123410748848,0.0,0.0,1.0,99.0
0.0,-1298.8615812520757,-598.4124340067281,0.0,0.0,1.0,99.0
0.0,-1261.4531278691761,-617.4351113528793,0.0,0.0,1.0,99.0
0.0,-1263.4916991172372,-634.7925947861457,0.0,0.0,1.0,99.0
0.0,-1266.7377187553354,-586.0578755975673,0.0,0.0,1.0,99.0
0.0,-1309.5659027245642,-629.2832744556509,0.0,0.0,1.0,99.0
0.0,-1266.9549825244917,-635.6816843011018,0.0,0.0,1.0,99.0
0.0,-1212.6789209744047,-597.5080064883588,0.0,0.0,1.0,99.0
0.0,-1297.8276064956997,-654.8289180200766,0.0,0.0,1.0,99.0
0.0,-1275.85865466771,-642.4778308434528,0.0,0.0,1.0,99.0
0.0,-1308.84205879231,-638.1985576051836,0.0,0.0,1.0,99.0
0.0,-1315.2732311772843,-637.5418395307274,0.0,0.0,1.0,99.0
0.0,-1294.0679694593364,-650.4656957405248,0.0,0.0,1.0,99.0
0.0,-1304.455761209334,-594.226935156546,0.0,0.0,1.0,99.0
0.0,-1241.2770137425507,-602.4075370541964,0.0,0.0,1.0,99.0
0.0,-1315.1910731904024,-632.8987745380591,0.0,0.0,1.0,99.0
0.0,-1169.3918233253148,-661.4763575189289,0.0,0.0,1.0,99.0
0.0,-1182.1842868328595,-621.9167064263988,0.0,0.0,1.0,99.0
0.0,-1166.500621831856,-627.5706814607227,0.0,0.0,1.0,99.0
0.0,-1191.7567783450063,-662.3648847386498,0.0,0.0,1.0,99.0
0.0,-1169.4807088262305,-642.3272295178361,0.0,0.0,1.0,99.0
0.0,-1137.9725047841962,-619.0833364531302,0.0,0.0,1.0,99.0
0.0,-1165.7761686386928,-648.7330356539075,0.0,0.0,1.0,99.0
0.0,-1163.7935023613454,-650.4261882697183,0.0,0.0,1.0,99.0
0.0,-1194.9295656082072,-634.6925793611495,0.0,0.0,1.0,99.0
0.0,-1237.5910437223379,-649.8263393928559,0.0,0.0,1.0,99.0
0.0,-1222.272144692041,-642.1607620292336,0.0,0.0,1.0,99.0
0.0,-1167.5003741190476,-628.9298240783761,0.0,0.0,1.0,99.0
0.0,-1183.798440283145,-640.9457610693373,0.0,0.0,1.0,99.0
0.0,-1246.729274743624,-642.8430520651334,0.0,0.0,1.0,99.0
0.0,-1168.5495387288925,-651.7628177695544,0.0,0.0,1.0,99.0
0.0,-1175.257837796231,-640.5658532209989,0.0,0.0,1.0,99.0
0.0,-1147.5012973343314,-596.8379537383576,0.0,0.0,1.0,99.0
0.0,-1195.1385694214757,-636.4007196917966,0.0,0.0,1.0,99.0
0.0,-1151.5729752288926,-660.0490133346635,0.0,0.0,1.0,99.0
0.0,-1173.4243436710854,-675.330843204029,0.0,0.0,1.0,99.0
0.0,-1251.5352615345096,-587.6044833147176,0.0,0.0,1.0,99.0
0.0,-1160.048016376535,-661.5261876377721,0.0,0.0,1.0,99.0
0.0,-1138.1657969637954,-631.362364548549,0.0,0.0,1.0,99.0
0.0,-1187.2482394550136,-640.4825384058947,0.0,0.0,1.0,99.0
0.0,-1163.4681073945787,-657.3475671564883,0.0,0.0,1.0,99.0
0.0,-1173.9009108413231,-641.8715099902025,0.0,0.0,1.0,99.0
0.0,-1165.4694857541913,-631.2989067745704,0.0,0.0,1.0,99.0
0.0,-1147.7888088896411,-653.4645794663058,0.0,0.0,1.0,99.0
0.0,-1175.6627744584,-626.6934604719931,0.0,0.0,1.0,99.0
0.0,-1143.7581388160404,-615.3800320271577,0.0,0.0,1.0,99.0
0.0,-1166.90975258751,-643.0642650042435,0.0,0.0,1.0,99.0
0.0,-1184.563696768509,-624.2202882924502,0.0,0.0,1.0,99.0
0.0,-1128.9056704308794,-610.8524120485246,0.0,0.0,1.0,99.0
0.0,-1150.052491809224,-629.9898386062447,0.0,0.0,1.0,99.0
0.0,-1195.2301180613756,-560.8256177187438,0.0,0.0,1.0,99.0
0.0,-1185.8750580986557,-639.3778127752274,0.0,0.0,1.0,99.0
0.0,-1255.886876777591,-624.593702194768,0.0,0.0,1.0,99.0
0.0,-1169.032554118702,-629.1617464007439,0.0,0.0,1.0,99.0
0.0,-1169.5745247195512,-582.624219498381,0.0,0.0,1.0,99.0
0.0,-1200.0603610640912,-626.1845492216041,0.0,0.0,1.0,99.0
0.0,-1139.2720081077036,-602.2779288899019,0.0,0.0,1.0,99.0
0.0,-1171.1755402321796,-592.6227442125669,0.0,0.0,1.0,99.0
0.0,-1185.0428629792607,-563.1465070286583,0.0,0.0,1.0,99.0
0.0,-1154.1363789611269,-589.7355591061249,0.0,0.0,1.0,99.0
0.0,-1169.6685039378965,-625.3691644054562,0.0,0.0,1.0,99.0
0.0,-1164.532152158497,-590.1608334873371,0.0,0.0,1.0,99.0
0.0,-1151.6503798998378,-543.1522107350917,0.0,0.0,1.0,99.0
0.0,-1182.1535964551904,-557.4418185104595,0.0,0.0,1.0,99.0
0.0,-1143.268087424834,-562.4925998651046,0.0,0.0,1.0,99.0
0.0,-1143.3710484661585,-609.2386635965,0.0,0.0,1.0,99.0
0.0,-1163.1099112913073,-580.82219522126,0.0,0.0,1.0,99.0
0.0,-1191.2128359019089,-603.6490804386905,0.0,0.0,1.0,99.0
0.0,-1141.6160784027093,-574.1505138418056,0.0,0.0,1.0,99.0
0.0,-1131.8299487517668,-592.825800595434,0.0,0.0,1.0,99.0
0.0,-1126.6902556695998,-597.7045758961843,0.0,0.0,1.0,99.0
0.0,-1143.044209644829,-596.7795560450047,0.0,0.0,1.0,99.0
0.0,-1164.4210875060476,-590.187849940111,0.0,0.0,1.0,99.0
0.0,-1165.1693473042299,-558.4902254489882,0.0,0.0,1.0,99.0
0.0,-1134.2212597159787,-580.25981336366,0.0,0.0,1.0,99.0
0.0,-1167.118614531799,-599.7883527072839,0.0,0.0,1.0,99.0
0.0,-1171.1830586872218,-589.7825568041528,0.0,0.0,1.0,99.0
0.0,-1139.2804052416143,-582.1436138010616,0.0,0.0,1.0,99.0
0.0,-1162.3999225435134,-579.0351932931579,0.0,0.0,1.0,99.0
0.0,-1132.9097951760189,-594.3170942697698,0.0,0.0,1.0,99.0
0.0,-1174.8709140901003,-582.515282467737,0.0,0.0,1.0,99.0
0.0,-1133.996839577885,-558.8215130498173,0.0,0.0,1.0,99.0
0.0,-1170.143943837378,-592.2436227782275,0.0,0.0,1.0,99.0
0.0,-1163.6993713556992,-610.1520273735284,0.0,0.0,1.0,99.0
0.0,-1241.9113586455576,-568.7599272116295,0.0,0.0,1.0,99.0
0.0,-1138.9640626343507,-600.6838526619475,0.0,0.0,1.0,99.0
0.0,-1197.8025943606278,-560.2353482285909,0.0,0.0,1.0,99.0
0.0,-1149.8563170608659,-595.2044294837098,0.0,0.0,1.0,99.0
0.0,-1158.079216094107,-575.849712798228,0.0,0.0,1.0,99.0
0.0,-1130.094896054054,-583.1971954023697,0.0,0.0,1.0,99.0
0.0,-1214.633046037585,-597.6235769287412,0.0,0.0,1.0,99.0
0.0,-1182.019539952883,-516.5245475450733,0.0,0.0,1.0,99.0
0.0,-1225.6340044798278,-508.4500765246895,0.0,0.0,1.0,99.0
0.0,-1199.8028188274056,-516.1443600858129,0.0,0.0,1.0,99.0
0.0,-1162.4433138455095,-525.9988986069803,0.0,0.0,1.0,99.0
0.0,-1158.7959243219982,-521.843980301988,0.0,0.0,1.0,99.0
0.0,-1183.7784354222276,-478.13928977077535,0.0,0.0,1.0,99.0
0.0,-1156.4827387532798,-518.4690122936356,0.0,0.0,1.0,99.0
0.0,-1153.5169261887881,-540.9185492103893,0.0,0.0,1.0,99.0
0.0,-1160.0420656731064,-526.0642211524506,0.0,0.0,1.0,99.0
0.0,-1159.1242411552344,-498.9370880739806,0.0,0.0,1.0,99.0
0.0,-1208.5320345163987,-527.3164249156081,0.0,0.0,1.0,99.0
0.0,-1238.5560479362455,-486.7224731671316,0.0,0.0,1.0,99.0
0.0,-1183.644272154011,-515.8119302685069,0.0,0.0,1.0,99.0
0.0,-1211.0748564858447,-517.0408017722353,0.0,0.0,1.0,99.0
0.0,-1198.6509686837724,-526.7338853233138,0.0,0.0,1.0,99.0
0.0,-1208.8052595619204,-521.0328366360014,0.0,0.0,1.0,99.0
0.0,-1177.8983787248285,-508.65898720734936,0.0,0.0,1.0,99.0
0.0,-1182.3070878101212,-518.8000200920479,0.0,0.0,1.0,99.0
0.0,-1177.4050335229444,-509.95159713621354,0.0,0.0,1.0,99.0
0.0,-1200.1121412231153,-525.0307820509695,0.0,0.0,1.0,99.0
0.0,-1190.9063569416708,-517.1730400759651,0.0,0.0,1.0,99.0
0.0,-1115.236553595212,-848.6795861596545,0.0,0.0,1.0,100.0
0.0,-1156.7641111863843,-875.0941017143766,0.0,0.0,1.0,100.0
0.0,-1141.9876433466638,-849.8859856814937,0.0,0.0,1.0,100.0
0.0,-1159.1753894072933,-861.7179928565733,0.0,0.0,1.0,100.0
0.0,-1140.9232964950775,-857.0625271488174,0.0,0.0,1.0,100.0
0.0,-1162.0229937738561,-876.7095363727061,0.0,0.0,1.0,100.0
0.0,-1138.571508532034,-867.0053150081684,0.0,0.0,1.0,100.0
0.0,-1186.305883830881,-829.3600454358716,0.0,0.0,1.0,100.0
0.0,-1140.5593059244125,-884.9334178283992,0.0,0.0,1.0,100.0
0.0,-1197.6472905670184,-808.8579503075154,0.0,0.0,1.0,100.0
0.0,-1163.347509143342,-861.44512716489,0.0,0.0,1.0,100.0
0.0,-1188.2432285984696,-807.4683214603145,0.0,0.0,1.0,100.0
0.0,-1165.471626907909,-890.9645856672925,0.0,0.0,1.0,100.0
0.0,-1146.230985092915,-882.0023777972768,0.0,0.0,1.0,100.0
0.0,-1200.3764578358732,-805.8001485182023,0.0,0.0,1.0,100.0
0.0,-1160.5261364693815,-863.5742077175219,0.0,0.0,1.0,100.0
0.0,-1125.4274495297354,-870.9556604695468,0.0,0.0,1.0,100.0
0.0,-1150.652805858549,-862.4072497390105,0.0,0.0,1.0,100.0
0.0,-1165.0458268973364,-821.3559625971595,0.0,0.0,1.0,100.0
0.0,-1157.9311386194522,-838.1294273582582,0.0,0.0,1.0,100.0
0.0,-1157.418999392182,-880.8206432481514,0.0,0.0,1.0,100.0
0.0,-1136.6238174052357,-832.91498683866,0.0,0.0,1.0,100.0
0.0,-1200.8298074527904,-860.4453115897169,0.0,0.0,1.0,100.0
0.0,-1134.3443113031485,-848.0237360293554,0.0,0.0,1.0,100.0
0.0,-1147.459953094704,-841.4443087041561,0.0,0.0,1.0,100.0
0.0,-1156.0174796509796,-864.3170048946708,0.0,0.0,1.0,100.0
0.0,-1134.8999046014194,-875.4496177362863,0.0,0.0,1.0,100.0
0.0,-1128.1954938013478,-874.9155100250454,0.0,0.0,1.0,100.0
0.0,-1157.0464630116985,-862.7060980683291,0.0,0.0,1.0,100.0
0.0,-1129.5580164094677,-846.6041377807376,0.0,0.0,1.0,100.0
0.0,-1100.2833523799761,-835.2167541728012,0.0,0.0,1.0,100.0
0.0,-1081.1795853221174,-836.7241763488319,0.0,0.0,1.0,100.0
0.0,-1104.1903396443965,-822.4833755425756,0.0,0.0,1.0,100.0
0.0,-1154.562214355671,-800.4191921177159,0.0,0.0,1.0,100.0
0.0,-1096.0038490990007,-839.0368528858421,0.0,0.0,1.0,100.0
0.0,-1090.9684239852668,-855.2564742967354,0.0,0.0,1.0,100.0
0.0,-1097.445657854917,-841.8975387357316,0.0,0.0,1.0,100.0
0.0,-1091.1753188955597,-828.2437079063362,0.0,0.0,1.0,100.0
0.0,-1100.0171575183415,-826.7805528350806,0.0,0.0,1.0,100.0
0.0,-1062.6541673592951,-854.3641051940253,0.0,0.0,1.0,100.0
0.0,-1120.9207517454172,-780.679777182239,0.0,0.0,1.0,100.0
0.0,-1116.0478901372476,-809.5715858962053,0.0,0.0,1.0,100.0
0.0,-1146.607761035189,-769.4150130353763,0.0,0.0,1.0,100.0
0.0,-1120.1846181491564,-774.532272843915,0.0,0.0,1.0,100.0
0.0,-1083.6374952186175,-849.6556898582072,0.0,0.0,1.0,100.0
0.0,-1091.8910201601768,-826.2889691067627,0.0,0.0,1.0,100.0
0.0,-1118.2298274251457,-867.6087923347948,0.0,0.0,1.0,100.0
0.0,-1072.2792265246744,-823.0235199149538,0.0,0.0,1.0,100.0
0.0,-1077.129825202705,-854.3938303880243,0.0,0.0,1.0,100.0
0.0,-1111.9058242986157,-849.2383389485418,0.0,0.0,1.0,100.0
0.0,-1099.071050341015,-834.622238700046,0.0,0.0,1.0,100.0
0.0,-1083.4360858419263,-832.9009919922913,0.0,0.0,1.0,100.0
0.0,-1116.376399911131,-874.8995540462848,0.0,0.0,1.0,100.0
0.0,-1096.044280852936,-846.8307367511745,0.0,0.0,1.0,100.0
0.0,-1086.129195243989,-844.0964109834481,0.0,0.0,1.0,100.0
0.0,-1103.8271096245446,-841.7230399745538,0.0,0.0,1.0,100.0
0.0,-1077.7271872990457,-819.6237748962752,0.0,0.0,1.0,100.0
0.0,-1072.9934273744054,-824.2596786576485,0.0,0.0,1.0,100.0
0.0,-1107.446479908466,-863.3083009248182,0.0,0.0,1.0,100.0
0.0,-1141.884936350708,-835.5493812662637,0.0,0.0,1.0,100.0
0.0,-1158.158177304686,-749.5772566529098,0.0,0.0,1.0,100.0
0.0,-1110.0211322911812,-806.6844682159249,0.0,0.0,1.0,100.0
0.0,-1094.6861409725016,-833.5799041369119,0.0,0.0,1.0,100.0
0.0,-1090.368694554402,-830.7004510888104,0.0,0.0,1.0,100.0
0.0,-1065.8921574031306,-857.4839426391936,0.0,0.0,1.0,100.0
0.0,-1089.932462046143,-829.8990633400032,0.0,0.0,1.0,100.0
0.0,-1156.8598508554458,-720.575115965065,0.0,0.0,1.0,100.0
0.0,-1127.9222680941768,-725.8346073108229,0.0,0.0,1.0,100.0
0.0,-1122.5052046866656,-736.557282505614,0.0,0.0,1.0,100.0
0.0,-1155.3472125080377,-695.7021138774376,0.0,0.0,1.0,100.0
0.0,-1140.3069877969815,-678.7278923676034,0.0,0.0,1.0,100.0
0.0,-1144.24372125498,-691.4100661540846,0.0,0.0,1.0,100.0
0.0,-1129.8367854666221,-758.408492035783,0.0,0.0,1.0,100.0
0.0,-1171.6754870616776,-701.6269547456149,0.0,0.0,1.0,100.0
0.0,-1143.9978157068497,-721.1105767428919,0.0,0.0,1.0,100.0
0.0,-1167.071703174519,-723.6967823588913,0.0,0.0,1.0,100.0
0.0,-1148.9866687645685,-678.2654847876564,0.0,0.0,1.0,100.0
0.0,-1149.8423379022042,-707.0538362800513,0.0,0.0,1.0,100.0
0.0,-1137.3026818785784,-715.9296744641958,0.0,0.0,1.0,100.0
0.0,-1141.4257902309607,-691.2266136593366,0.0,0.0,1.0,100.0
0.0,-1151.817143999996,-790.6602190619308,0.0,0.0,1.0,100.0
0.0,-1144.8441897497553,-738.4990069780287,0.0,0.0,1.0,100.0
0.0,-1149.0964547939814,-698.7894366582278,0.0,0.0,1.0,100.0
0.0,-1164.776071891802,-691.0580809285326,0.0,0.0,1.0,100.0
0.0,-1150.5729632245768,-721.9845298845969,0.0,0.0,1.0,100.0
0.0,-1138.4694094767387,-735.8896926774664,0.0,0.0,1.0,100.0
0.0,-1232.8101315914432,-753.4978243214175,0.0,0.0,1.0,100.0
0.0,-1199.035336974493,-788.9988842347967,0.0,0.0,1.0,100.0
0.0,-1200.9699444626353,-752.5936007453164,0.0,0.0,1.0,100.0
0.0,-1191.207180473352,-748.5748714572219,0.0,0.0,1.0,100.0
0.0,-1227.9049122196966,-742.5184198906347,0.0,0.0,1.0,100.0
0.0,-1229.1350126721165,-720.0924420926898,0.0,0.0,1.0,100.0
0.0,-1220.7175872724492,-753.4540661055258,0.0,0.0,1.0,100.0
0.0,-1196.8353445224932,-715.3864624817757,0.0,0.0,1.0,100.0
0.0,-1228.405151808093,-759.8044991866682,0.0,0.0,1.0,100.0
0.0,-1180.9978174311075,-723.2129564256883,0.0,0.0,1.0,100.0
0.0,-1215.3541419376315,-732.4646055014705,0.0,0.0,1.0,100.0
0.0,-1186.3590161812242,-743.0932541473602,0.0,0.0,1.0,100.0
0.0,-1170.9566380379115,-757.1589154209717,0.0,0.0,1.0,100.0
0.0,-1194.470822869854,-729.1230369335116,0.0,0.0,1.0,100.0
0.0,-1224.0039286563904,-713.2060751351804,0.0,0.0,1.0,100.0
0.0,-1214.8943782765975,-737.0451938264673,0.0,0.0,1.0,100.0
0.0,-1216.3447431451207,-779.9049187464791,0.0,0.0,1.0,100.0
0.0,-1206.426532294238,-819.4274042253832,0.0,0.0,1.0,100.0
0.0,-1215.9950577107224,-828.2604984801735,0.0,0.0,1.0,100.0
0.0,-1235.2404551944799,-803.485921838297,0.0,0.0,1.0,100.0
0.0,-1239.4910495781785,-800.0480351750236,0.0,0.0,1.0,100.0
0.0,-1232.1010296098636,-777.4607822760265,0.0,0.0,1.0,100.0
0.0,-1243.4395338948796,-805.1960752758081,0.0,0.0,1.0,100.0
0.0,-1197.5050813744194,-816.612323505558,0.0,0.0,1.0,100.0
0.0,-1214.2710407245158,-817.7764058998487,0.0,0.0,1.0,100.0
0.0,-1226.8338234811513,-791.3841517835755,0.0,0.0,1.0,100.0
0.0,-1228.6482183296016,-804.1368681520743,0.0,0.0,1.0,100.0
0.0,-1209.0089044616363,-815.5059114088555,0.0,0.0,1.0,100.0
0.0,-1212.2157822935935,-817.9007724849531,0.0,0.0,1.0,100.0
0.0,-1212.816060611253,-815.475948088646,0.0,0.0,1.0,100.0
0.0,-1179.3914060213253,-835.6824388440725,0.0,0.0,1.0,100.0
0.0,-1220.7682498030713,-798.5640542613544,0.0,0.0,1.0,100.0
0.0,-1229.0775381872138,-800.3254036047282,0.0,0.0,1.0,100.0
0.0,-1220.3396947652702,-781.4792580495318,0.0,0.0,1.0,100.0
0.0,-1229.0883391128107,-786.5634868824409,0.0,0.0,1.0,100.0
0.0,-1234.3738005566172,-801.9631080206343,0.0,0.0,1.0,100.0
0.0,-1232.7332168430803,-775.9483802102601,0.0,0.0,1.0,100.0
0.0,-1225.870407165611,-787.4593721725374,0.0,0.0,1.0,100.0
0.0,-1229.6220073535908,-812.089841518243,0.0,0.0,1.0,100.0
0.0,-1184.8177689965123,-794.9612460888545,0.0,0.0,1.0,100.0
0.0,-1224.40497129274,-790.6522748677972,0.0,0.0,1.0,100.0
0.0,-1231.4440528480145,-787.4117956003828,0.0,0.0,1.0,100.0
0.0,-1226.139896737891,-791.0904255666239,0.0,0.0,1.0,100.0
0.0,-1221.4772755662052,-763.6855283395082,0.0,0.0,1.0,100.0
0.0,-1252.1331023060598,-785.5835737435599,0.0,0.0,1.0,100.0
0.0,-1197.9106338485542,-810.5119902007577,0.0,0.0,1.0,100.0
0.0,-1231.932495988097,-794.1121834107029,0.0,0.0,1.0,100.0
0.0,-1213.9068113005512,-781.953409030229,0.0,0.0,1.0,100.0
0.0,-1214.7142828717501,-791.4308046984085,0.0,0.0,1.0,100.0
0.0,-1231.7192696865939,-776.2232843632142,0.0,0.0,1.0,100.0
0.0,-1179.9283626769015,-839.4362154660398,0.0,0.0,1.0,100.0
0.0,-1198.6688473316974,-871.6134256063489,0.0,0.0,1.0,100.0
0.0,-1146.5934055322075,-847.3065557874544,0.0,0.0,1.0,100.0
0.0,-1212.587985258062,-845.4636842564635,0.0,0.0,1.0,100.0
0.0,-1189.085826405645,-857.8098919320392,0.0,0.0,1.0,100.0
0.0,-1186.654930652559,-834.6157106861609,0.0,0.0,1.0,100.0
0.0,-1192.6299452692463,-850.2692482133089,0.0,0.0,1.0,100.0
0.0,-1157.962646783118,-856.6220027707396,0.0,0.0,1.0,100.0
0.0,-1169.4326994102694,-848.1854543934678,0.0,0.0,1.0,100.0
0.0,-1174.0113437047048,-859.0039387345308,0.0,0.0,1.0,100.0
0.0,-1194.801767759927,-868.9387028004131,0.0,0.0,1.0,100.0
0.0,-1191.1411029944998,-844.3348827174699,0.0,0.0,1.0,100.0
0.0,-1175.3443737868988,-816.0859541470938,0.0,0.0,1.0,100.0
0.0,-1210.5685839100329,-826.4550375771067,0.0,0.0,1.0,100.0
0.0,-1210.7937903086408,-836.4631354948136,0.0,0.0,1.0,100.0
0.0,-1205.1183539363221,-836.8351501732052,0.0,0.0,1.0,100.0
0.0,-1195.6268795646738,-832.4310424768654,0.0,0.0,1.0,100.0
0.0,-1203.0617985845756,-836.5871032950046,0.0,0.0,1.0,100.0
0.0,-1192.1011537562326,-846.3130275839827,0.0,0.0,1.0,100.0
0.0,-1194.8427310861393,-830.4479906311462,0.0,0.0,1.0,100.0
0.0,-1187.141985100555,-844.606328871292,0.0,0.0,1.0,100.0
0.0,-1193.6217166549372,-862.6347754925716,0.0,0.0,1.0,100.0
0.0,-1185.0779493270666,-854.400797737642,0.0,0.0,1.0,100.0
0.0,-1189.3289494118817,-758.1537550303923,0.0,0.0,1.0,100.0
0.0,-1175.9058876376803,-851.8629493419969,0.0,0.0,1.0,100.0
0.0,-1194.2647354033377,-857.8888468757907,0.0,0.0,1.0,100.0
0.0,-1220.09507541607,-841.1496104998763,0.0,0.0,1.0,100.0
0.0,-1200.012652482131,-841.6362948889973,0.0,0.0,1.0,100.0
0.0,-1193.9995965967582,-848.4114941973866,0.0,0.0,1.0,100.0
0.0,-1128.1582990804584,-839.2661438363364,0.0,0.0,1.0,100.0
0.0,-1194.240377164349,-865.4325655112234,0.0,0.0,1.0,100.0
0.0,-1198.082380933526,-846.3528454751748,0.0,0.0,1.0,100.0
0.0,-1177.4597199891127,-837.868033616692,0.0,0.0,1.0,100.0
0.0,-1012.3779493904749,-865.0008606940146,0.0,0.0,1.0,101.0
0.0,-1017.1642233572256,-836.0321834301071,0.0,0.0,1.0,101.0
0.0,-1035.5129337750272,-863.6277505706407,0.0,0.0,1.0,101.0
0.0,-1035.95377479684,-881.0788104046461,0.0,0.0,1.0,101.0
0.0,-1051.3914167867958,-853.0135536604492,0.0,0.0,1.0,101.0
0.0,-1043.3436924936234,-840.5501003427701,0.0,0.0,1.0,101.0
0.0,-1048.868034721338,-881.0105209485639,0.0,0.0,1.0,101.0
0.0,-1041.4354933502293,-831.4103255312008,0.0,0.0,1.0,101.0
0.0,-1020.7605515499865,-856.8593422940199,0.0,0.0,1.0,101.0
0.0,-1046.8033747725174,-891.2202104268465,0.0,0.0,1.0,101.0
0.0,-1035.5170786431706,-873.1618303752072,0.0,0.0,1.0,101.0
0.0,-1016.0194964173993,-829.7523249853739,0.0,0.0,1.0,101.0
0.0,-1038.6796690729175,-859.6744408101516,0.0,0.0,1.0,101.0
0.0,-1024.4680724062014,-876.8188938887976,0.0,0.0,1.0,101.0
0.0,-1012.4670327492599,-863.5963325818987,0.0,0.0,1.0,101.0
0.0,-1026.1616533374688,-903.015989379564,0.0,0.0,1.0,101.0
0.0,-1014.4274548571948,-871.7902695996096,0.0,0.0,1.0,101.0
0.0,-1042.0627863994694,-859.4649323567479,0.0,0.0,1.0,101.0
0.0,-1033.033926577051,-901.3066397611184,0.0,0.0,1.0,101.0
0.0,-1040.9306422626298,-868.5564575735285,0.0,0.0,1.0,101.0
0.0,-1014.0901119740583,-855.678596915763,0.0,0.0,1.0,101.0
0.0,-1013.2616266435209,-862.547744583491,0.0,0.0,1.0,101.0
0.0,-1023.2098343136722,-844.017378034767,0.0,0.0,1.0,101.0
0.0,-1024.6125571487817,-857.3542317619224,0.0,0.0,1.0,101.0
0.0,-1053.1914469297596,-904.5016336018593,0.0,0.0,1.0,101.0
0.0,-1044.013216247921,-937.0302867432397,0.0,0.0,1.0,101.0
0.0,-1040.9128573132994,-893.5896409807907,0.0,0.0,1.0,101.0
0.0,-1047.061038871782,-909.8893719028968,0.0,0.0,1.0,101.0
0.0,-1004.5343833326049,-882.9110553990589,0.0,0.0,1.0,101.0
0.0,-1044.333737604548,-904.3095684542324,0.0,0.0,1.0,101.0
0.0,-1034.988777779747,-884.4247880394613,0.0,0.0,1.0,101.0
0.0,-1029.5030142757732,-915.1607495389212,0.0,0.0,1.0,101.0
0.0,-1047.0958014068826,-898.7489968958665,0.0,0.0,1.0,101.0
0.0,-1084.4833842423902,-905.6085153165545,0.0,0.0,1.0,101.0
0.0,-1038.9457050877575,-953.8755027410434,0.0,0.0,1.0,101.0
0.0,-1020.4251699092358,-950.7671664434401,0.0,0.0,1.0,101.0
0.0,-1016.9897064356853,-967.9385959507194,0.0,0.0,1.0,101.0
0.0,-1051.7641639197489,-926.7618622271575,0.0,0.0,1.0,101.0
0.0,-1002.725749628378,-945.4687460099726,0.0,0.0,1.0,101.0
0.0,-1028.3719804562254,-948.8641727071338,0.0,0.0,1.0,101.0
0.0,-1016.818051252543,-954.0027329752525,0.0,0.0,1.0,101.0
0.0,-1019.19506364372,-968.3995352463332,0.0,0.0,1.0,101.0
0.0,-988.0829419466627,-948.5469793408049,0.0,0.0,1.0,101.0
0.0,-1023.6881681096174,-967.4989641747381,0.0,0.0,1.0,101.0
0.0,-1016.0230556039537,-954.2948512840533,0.0,0.0,1.0,101.0
0.0,-1045.2580373527821,-959.6342241815762,0.0,0.0,1.0,101.0
0.0,-1045.7437810942865,-927.3597218201276,0.0,0.0,1.0,101.0
0.0,-1024.2664300512931,-961.734570194807,0.0,0.0,1.0,101.0
0.0,-1021.7540590910166,-962.2130203920235,0.0,0.0,1.0,101.0
0.0,-1034.0861395165127,-899.8514939464299,0.0,0.0,1.0,101.0
0.0,-1033.7622059740572,-972.7454554541034,0.0,0.0,1.0,101.0
0.0,-1047.6270832456548,-916.586569412716,0.0,0.0,1.0,101.0
0.0,-1016.8704795074323,-928.6897959010053,0.0,0.0,1.0,101.0
0.0,-1018.8484298421331,-945.2046157549973,0.0,0.0,1.0,101.0
0.0,-1028.5683189163083,-950.1312496910866,0.0,0.0,1.0,101.0
0.0,-1027.4153886074998,-960.327195575617,0.0,0.0,1.0,101.0
0.0,-1032.6533823425439,-976.1556860205017,0.0,0.0,1.0,101.0
0.0,-1044.021788546297,-966.2666643741466,0.0,0.0,1.0,101.0
0.0,-1011.8156309522287,-961.1511968170441,0.0,0.0,1.0,101.0
0.0,-1030.0603576108122,-924.5154125968502,0.0,0.0,1.0,101.0
0.0,-1054.2873411005164,-940.1422683351987,0.0,0.0,1.0,101.0
0.0,-1014.7413515444616,-944.3038631339257,0.0,0.0,1.0,101.0
0.0,-1018.3086458248199,-960.114063349886,0.0,0.0,1.0,101.0
0.0,-1063.7596309602761,-930.1806956075382,0.0,0.0,1.0,101.0
0.0,-987.1511858290362,-966.1680310438596,0.0,0.0,1.0,101.0
0.0,-1007.5525869308599,-936.8755590199942,0.0,0.0,1.0,101.0
0.0,-987.2614670348055,-928.665886324871,0.0,0.0,1.0,101.0
0.0,-967.974410927228,-945.1126303302942,0.0,0.0,1.0,101.0
0.0,-973.0091744171577,-979.4748814094287,0.0,0.0,1.0,101.0
0.0,-973.1481494715126,-956.2910835466425,0.0,0.0,1.0,101.0
0.0,-976.1833805377896,-974.4785866052723,0.0,0.0,1.0,101.0
0.0,-951.6335444147367,-956.2472921718991,0.0,0.0,1.0,101.0
0.0,-965.7065158664566,-999.1513125999866,0.0,0.0,1.0,101.0
0.0,-965.3834171204908,-933.5478149844314,0.0,0.0,1.0,101.0
0.0,-987.5609917345291,-981.6640552301762,0.0,0.0,1.0,101.0
0.0,-956.3230141816128,-970.9173995722501,0.0,0.0,1.0,101.0
0.0,-951.2677814477348,-969.1035120184918,0.0,0.0,1.0,101.0
0.0,-958.3666580912349,-967.2711790011092,0.0,0.0,1.0,101.0
0.0,-991.2989456148014,-970.0809530261206,0.0,0.0,1.0,101.0
0.0,-956.9807098391323,-950.1480381934832,0.0,0.0,1.0,101.0
0.0,-1014.0315650747948,-978.1424222274918,0.0,0.0,1.0,101.0
0.0,-967.9864789851683,-985.4547737057917,0.0,0.0,1.0,101.0
0.0,-981.9298183752447,-988.0685303752998,0.0,0.0,1.0,101.0
0.0,-948.9093097189052,-966.2771030910324,0.0,0.0,1.0,101.0
0.0,-952.6567878415289,-956.5738511103093,0.0,0.0,1.0,101.0
0.0,-942.6777109614744,-956.1796375684639,0.0,0.0,1.0,101.0
0.0,-981.2380126297965,-973.6928296619883,0.0,0.0,1.0,101.0
0.0,-976.7563306085642,-972.958368113578,0.0,0.0,1.0,101.0
0.0,-966.5922728944995,-965.2057656808831,0.0,0.0,1.0,101.0
0.0,-1003.9181122094922,-958.5006509099937,0.0,0.0,1.0,101.0
0.0,-989.3373963180056,-947.4473657285396,0.0,0.0,1.0,101.0
0.0,-981.9859816019685,-955.6905831383094,0.0,0.0,1.0,101.0
0.0,-969.6661141302556,-993.4851426785094,0.0,0.0,1.0,101.0
0.0,-971.5796267675,-986.8557664493142,0.0,0.0,1.0,101.0
0.0,-967.4604811027946,-967.5305768880476,0.0,0.0,1.0,101.0
0.0,-997.4891630355955,-974.5581107944406,0.0,0.0,1.0,101.0
0.0,-969.7308466520725,-978.4095382961293,0.0,0.0,1.0,101.0
0.0,-969.4313152407167,-978.2979395378934,0.0,0.0,1.0,101.0
0.0,-984.6492022898223,-948.6370601318163,0.0,0.0,1.0,101.0
0.0,-994.0348506808782,-968.7795992844096,0.0,0.0,1.0,101.0
0.0,-941.7170872519254,-936.1014527381849,0.0,0.0,1.0,101.0
0.0,-941.5554220698172,-977.8336242079527,0.0,0.0,1.0,101.0
0.0,-920.7815728715269,-947.2894739542014,0.0,0.0,1.0,101.0
0.0,-938.5936134014206,-955.782504174919,0.0,0.0,1.0,101.0
0.0,-944.6793100376199,-960.1586080286656,0.0,0.0,1.0,101.0
0.0,-954.8544694210793,-936.1068191672091,0.0,0.0,1.0,101.0
0.0,-947.2171851426365,-953.3155589752971,0.0,0.0,1.0,101.0
0.0,-935.0844616067697,-889.2162909591241,0.0,0.0,1.0,101.0
0.0,-974.2335626702614,-929.8448878357096,0.0,0.0,1.0,101.0
0.0,-971.0318025749856,-859.9571182748301,0.0,0.0,1.0,101.0
0.0,-923.6750792499506,-957.8348966445362,0.0,0.0,1.0,101.0
0.0,-925.4985686526221,-956.9326949252047,0.0,0.0,1.0,101.0
0.0,-935.0222110963279,-969.28952861108,0.0,0.0,1.0,101.0
0.0,-931.8632592711099,-949.2304881734567,0.0,0.0,1.0,101.0
0.0,-986.2952634009584,-951.0515930402364,0.0,0.0,1.0,101.0
0.0,-936.311414828597,-965.7160524542699,0.0,0.0,1.0,101.0
0.0,-983.8107915579551,-866.6666455096529,0.0,0.0,1.0,101.0
0.0,-974.846766438805,-928.6440595477286,0.0,0.0,1.0,101.0
0.0,-1000.4801972857001,-922.0092493528621,0.0,0.0,1.0,101.0
0.0,-933.4543242070049,-894.3253470356816,0.0,0.0,1.0,101.0
0.0,-975.7655312221024,-852.2471449869812,0.0,0.0,1.0,101.0
0.0,-960.576227535125,-922.6679690480894,0.0,0.0,1.0,101.0
0.0,-916.3353792966678,-859.6160628531142,0.0,0.0,1.0,101.0
0.0,-982.8895696738629,-893.4731637785967,0.0,0.0,1.0,101.0
0.0,-990.1476907404076,-870.0119848896284,0.0,0.0,1.0,101.0
0.0,-992.3037180224264,-855.188961043484,0.0,0.0,1.0,101.0
0.0,-923.3420354721555,-863.7595572456999,0.0,0.0,1.0,101.0
0.0,-945.3959715537226,-841.2739746428999,0.0,0.0,1.0,101.0
0.0,-933.8283967253684,-859.7754823562458,0.0,0.0,1.0,101.0
0.0,-943.6459855821558,-858.6668987483508,0.0,0.0,1.0,101.0
0.0,-922.1976664814972,-852.36584066343,0.0,0.0,1.0,101.0
0.0,-943.4005140787078,-871.0285035587734,0.0,0.0,1.0,101.0
0.0,-974.9102530107543,-863.6697801061272,0.0,0.0,1.0,101.0
0.0,-940.6042417697275,-860.0238686443679,0.0,0.0,1.0,101.0
0.0,-930.6088220317005,-879.3874973467052,0.0,0.0,1.0,101.0
0.0,-920.3685770852182,-849.0840641462162,0.0,0.0,1.0,101.0
0.0,-936.9517404153204,-858.394359035683,0.0,0.0,1.0,101.0
0.0,-908.2544342336412,-837.9749735156818,0.0,0.0,1.0,101.0
0.0,-955.891412586959,-837.4170112436485,0.0,0.0,1.0,101.0
0.0,-902.4440368888985,-852.4611060853437,0.0,0.0,1.0,101.0
0.0,-969.1407136635385,-879.3229587987734,0.0,0.0,1.0,101.0
0.0,-932.5591927917255,-844.3154151647641,0.0,0.0,1.0,101.0
0.0,-934.5318505227334,-848.6212272569541,0.0,0.0,1.0,101.0
0.0,-972.555701926677,-855.0146578540156,0.0,0.0,1.0,101.0
0.0,-932.3502665140161,-905.4602066293751,0.0,0.0,1.0,101.0
0.0,-923.1345447713911,-866.0332863012987,0.0,0.0,1.0,101.0
0.0,-952.9632823139134,-919.3832146112265,0.0,0.0,1.0,101.0
0.0,-918.8797314801545,-858.818414335851,0.0,0.0,1.0,101.0
0.0,-937.241273352336,-853.7035535224221,0.0,0.0,1.0,101.0
0.0,-935.2752983327825,-906.5153132778732,0.0,0.0,1.0,101.0
0.0,-896.5948120080993,-867.276914655632,0.0,0.0,1.0,101.0
0.0,-942.3914633347803,-870.9530386588473,0.0,0.0,1.0,101.0
0.0,-937.4947751270382,-860.0789550108904,0.0,0.0,1.0,101.0
0.0,-584.2418113187047,-1121.9968638792443,0.0,0.0,1.0,102.0
0.0,-545.8162574995355,-1146.3959031649044,0.0,0.0,1.0,102.0
0.0,-563.2048473792083,-1104.729787292418,0.0,0.0,1.0,102.0
0.0,-563.4018464221859,-1116.9531988347,0.0,0.0,1.0,102.0
0.0,-623.4372199922033,-1161.4380939172825,0.0,0.0,1.0,102.0
0.0,-584.2163050659528,-1116.0780108752622,0.0,0.0,1.0,102.0
0.0,-571.6921513248085,-1116.5353100171262,0.0,0.0,1.0,102.0
0.0,-542.8854822230813,-1117.1329117271832,0.0,0.0,1.0,102.0
0.0,-559.4028821348479,-1121.0237052951447,0.0,0.0,1.0,102.0
0.0,-578.901551393875,-1121.328324321193,0.0,0.0,1.0,102.0
0.0,-566.5726591947574,-1117.9070887081475,0.0,0.0,1.0,102.0
0.0,-651.1235828862624,-1133.6113009999124,0.0,0.0,1.0,102.0
0.0,-557.0131009135279,-1118.5896273964654,0.0,0.0,1.0,102.0
0.0,-570.9707667425531,-1146.8316865317133,0.0,0.0,1.0,102.0
0.0,-565.5331931004683,-1098.9032620919095,0.0,0.0,1.0,102.0
0.0,-575.1488681753588,-1118.633999931793,0.0,0.0,1.0,102.0
0.0,-591.2642489927812,-1130.1890110485156,0.0,0.0,1.0,102.0
0.0,-617.5112309507339,-1205.730397183003,0.0,0.0,1.0,102.0
0.0,-567.0366005847624,-1106.7135009787078,0.0,0.0,1.0,102.0
0.0,-582.8256333344561,-1102.396867633305,0.0,0.0,1.0,102.0
0.0,-570.9578756598472,-1102.885618749108,0.0,0.0,1.0,102.0
0.0,-591.7918218099138,-1132.7781751221096,0.0,0.0,1.0,102.0
0.0,-563.6700036751183,-1092.7067296407076,0.0,0.0,1.0,102.0
0.0,-585.5473264894534,-1114.091708585147,0.0,0.0,1.0,102.0
0.0,-578.9128157764613,-1110.1864163460598,0.0,0.0,1.0,102.0
0.0,-555.9475202520041,-1132.9281038281279,0.0,0.0,1.0,102.0
0.0,-588.4894996364853,-1144.611611020767,0.0,0.0,1.0,102.0
0.0,-541.5766371455317,-1118.2297218608476,0.0,0.0,1.0,102.0
0.0,-548.3157515067741,-1141.5841917954617,0.0,0.0,1.0,102.0
0.0,-563.4789142602997,-1126.9401747791403,0.0,0.0,1.0,102.0
0.0,-566.7706004617044,-1107.0304799809287,0.0,0.0,1.0,102.0
0.0,-562.1338293950965,-1142.9665094054164,0.0,0.0,1.0,102.0
0.0,-607.7910609527295,-1081.269991207978,0.0,0.0,1.0,102.0
0.0,-579.0749971113764,-1123.9275067419776,0.0,0.0,1.0,102.0
0.0,-574.9979269518889,-1126.0088372210364,0.0,0.0,1.0,102.0
0.0,-598.191610091717,-1116.084921588739,0.0,0.0,1.0,102.0
0.0,-589.6775559453134,-1109.6141424654156,0.0,0.0,1.0,102.0
0.0,-640.5394870078551,-1066.7657112763384,0.0,0.0,1.0,102.0
0.0,-625.1641606366163,-1083.041529410215,0.0,0.0,1.0,102.0
0.0,-641.4496502718463,-1097.944156268633,0.0,0.0,1.0,102.0
0.0,-628.4359802329408,-1078.5870176896897,0.0,0.0,1.0,102.0
0.0,-623.3868293294362,-1064.6994052775271,0.0,0.0,1.0,102.0
0.0,-638.5022219522739,-1068.7398404261107,0.0,0.0,1.0,102.0
0.0,-572.9001188563603,-1110.3077033908326,0.0,0.0,1.0,102.0
0.0,-617.7851319669617,-1087.1073423319974,0.0,0.0,1.0,102.0
0.0,-568.9789322492164,-1118.3046190750665,0.0,0.0,1.0,102.0
0.0,-596.784824869115,-1065.833651933251,0.0,0.0,1.0,102.0
0.0,-628.3635680892661,-1078.1103727035609,0.0,0.0,1.0,102.0
0.0,-576.5837219650335,-1082.9483553212267,0.0,0.0,1.0,102.0
0.0,-613.833669503865,-1090.3397165575793,0.0,0.0,1.0,102.0
0.0,-634.0470648830361,-1069.7523040267286,0.0,0.0,1.0,102.0
0.0,-618.9552903699608,-1067.1967843261014,0.0,0.0,1.0,102.0
0.0,-617.7706726414754,-1099.826622568941,0.0,0.0,1.0,102.0
0.0,-643.6780566941381,-1071.4736468851079,0.0,0.0,1.0,102.0
0.0,-627.928928900558,-1053.8694335442217,0.0,0.0,1.0,102.0
0.0,-610.2486093069431,-1087.8187847040178,0.0,0.0,1.0,102.0
0.0,-601.3237270897322,-1073.720493332642,0.0,0.0,1.0,102.0
0.0,-634.4150961447478,-1058.216608423136,0.0,0.0,1.0,102.0
0.0,-652.6110933540499,-1075.6857937537286,0.0,0.0,1.0,102.0
0.0,-599.6055115114976,-1048.233483749832,0.0,0.0,1.0,102.0
0.0,-599.1149540269241,-1097.1261948667484,0.0,0.0,1.0,102.0
0.0,-618.3242201758868,-1088.5474010570035,0.0,0.0,1.0,102.0
0.0,-609.9538102737316,-1085.2088611093413,0.0,0.0,1.0,102.0
0.0,-683.2041299817877,-1047.7566950172823,0.0,0.0,1.0,102.0
0.0,-662.9853047439173,-1069.4118664988334,0.0,0.0,1.0,102.0
0.0,-647.3973486950441,-1097.8117644038339,0.0,0.0,1.0,102.0
0.0,-668.5403086460408,-1051.9092343385576,0.0,0.0,1.0,102.0
0.0,-675.0316683040785,-1053.563091944315,0.0,0.0,1.0,102.0
0.0,-670.913128732545,-1089.3639413034848,0.0,0.0,1.0,102.0
0.0,-672.6592670312025,-1062.01893641863,0.0,0.0,1.0,102.0
0.0,-637.8048838668984,-1090.1625275415126,0.0,0.0,1.0,102.0
0.0,-661.027377978197,-1061.7619263387494,0.0,0.0,1.0,102.0
0.0,-685.5622288270355,-1044.960340041758,0.0,0.0,1.0,102.0
0.0,-686.1669855741145,-1059.2027219042209,0.0,0.0,1.0,102.0
0.0,-656.6602625911556,-1071.8087151615716,0.0,0.0,1.0,102.0
0.0,-702.0994429266468,-1102.1107964213536,0.0,0.0,1.0,102.0
0.0,-697.2072836536869,-1078.35284706516,0.0,0.0,1.0,102.0
0.0,-636.5902288432043,-1110.101640834158,0.0,0.0,1.0,102.0
0.0,-680.9730951140457,-1068.1409908802304,0.0,0.0,1.0,102.0
0.0,-685.8957226332387,-1057.993468429239,0.0,0.0,1.0,102.0
0.0,-654.5665577901616,-1052.7888235838448,0.0,0.0,1.0,102.0
0.0,-684.8643741294085,-1075.4195080660907,0.0,0.0,1.0,102.0
0.0,-675.9742265934735,-1039.7532971302057,0.0,0.0,1.0,102.0
0.0,-650.5591074554072,-1059.254348218949,0.0,0.0,1.0,102.0
0.0,-662.4688452609347,-1071.6958987345508,0.0,0.0,1.0,102.0
0.0,-658.8149302891264,-1058.9278033348492,0.0,0.0,1.0,102.0
0.0,-667.7219028864147,-1062.7953702399425,0.0,0.0,1.0,102.0
0.0,-660.1501615009353,-1055.6474939797686,0.0,0.0,1.0,102.0
0.0,-665.2256079152648,-1074.3796620728226,0.0,0.0,1.0,102.0
0.0,-663.9769957624923,-1056.7057782700595,0.0,0.0,1.0,102.0
0.0,-617.9365610823255,-1073.6461660244595,0.0,0.0,1.0,102.0
0.0,-614.0621900149798,-1060.708779871592,0.0,0.0,1.0,102.0
0.0,-651.1252478805911,-1080.9964263348718,0.0,0.0,1.0,102.0
0.0,-682.5277496745645,-1073.039584015981,0.0,0.0,1.0,102.0
0.0,-690.9867019355463,-1068.1957484838558,0.0,0.0,1.0,102.0
0.0,-673.3321240373573,-1063.9295629916448,0.0,0.0,1.0,102.0
0.0,-651.2541191229498,-1096.2580919122954,0.0,0.0,1.0,102.0
0.0,-690.4593162628231,-1035.9390176373574,0.0,0.0,1.0,102.0
0.0,-679.8087643406789,-1091.4538124885157,0.0,0.0,1.0,102.0
0.0,-705.0961566721087,-1105.7225637975637,0.0,0.0,1.0,102.0
0.0,-721.2436065188391,-1111.8144582523985,0.0,0.0,1.0,102.0
0.0,-698.7410370854031,-1125.7407929708781,0.0,0.0,1.0,102.0
0.0,-664.0258376264836,-1091.4718482515407,0.0,0.0,1.0,102.0
0.0,-749.320433259698,-1105.506627147473,0.0,0.0,1.0,102.0
0.0,-724.6710468019088,-1119.769793622489,0.0,0.0,1.0,102.0
0.0,-728.255392460501,-1148.91291007936,0.0,0.0,1.0,102.0
0.0,-747.3000822458455,-1106.6867312684813,0.0,0.0,1.0,102.0
0.0,-737.1319701508334,-1099.9622919906358,0.0,0.0,1.0,102.0
0.0,-663.7949865628046,-1155.383785140104,0.0,0.0,1.0,102.0
0.0,-744.5781290752456,-1110.490703501569,0.0,0.0,1.0,102.0
0.0,-739.3530185613305,-1123.9699322972476,0.0,0.0,1.0,102.0
0.0,-719.6656014213888,-1148.944350167155,0.0,0.0,1.0,102.0
0.0,-724.5196329232398,-1174.6187258782602,0.0,0.0,1.0,102.0
0.0,-750.9577761975746,-1116.4406066469826,0.0,0.0,1.0,102.0
0.0,-736.8588538704165,-1118.300769541508,0.0,0.0,1.0,102.0
0.0,-722.8204625662834,-1096.0268739332128,0.0,0.0,1.0,102.0
0.0,-747.056411746832,-1133.4067486145777,0.0,0.0,1.0,102.0
0.0,-713.2962760326284,-1116.0662896580152,0.0,0.0,1.0,102.0
0.0,-752.6893858001876,-1117.5995307094192,0.0,0.0,1.0,102.0
0.0,-735.5478859635493,-1106.4155874775659,0.0,0.0,1.0,102.0
0.0,-683.4999857366323,-1178.4780038446129,0.0,0.0,1.0,102.0
0.0,-746.1981897567968,-1166.4618464185667,0.0,0.0,1.0,102.0
0.0,-749.304524776173,-1158.8781737652541,0.0,0.0,1.0,102.0
0.0,-742.6017235994829,-1170.2317187925205,0.0,0.0,1.0,102.0
0.0,-719.0661734645901,-1190.6110228319894,0.0,0.0,1.0,102.0
0.0,-757.2469938844101,-1174.8988873065407,0.0,0.0,1.0,102.0
0.0,-732.4057348180519,-1167.7677173309826,0.0,0.0,1.0,102.0
0.0,-685.7289848107974,-1158.3506490631078,0.0,0.0,1.0,102.0
0.0,-720.7369138971278,-1185.9524648076062,0.0,0.0,1.0,102.0
0.0,-645.0540579371007,-1179.8046520874102,0.0,0.0,1.0,102.0
0.0,-754.4413365210017,-1165.8805465775279,0.0,0.0,1.0,102.0
0.0,-707.5408700880088,-1163.7795635584575,0.0,0.0,1.0,102.0
0.0,-722.6101602216486,-1153.4527263028217,0.0,0.0,1.0,102.0
0.0,-734.7029235856959,-1159.1289721619833,0.0,0.0,1.0,102.0
0.0,-738.0774258028414,-1168.0144976541133,0.0,0.0,1.0,102.0
0.0,-727.0235467558706,-1183.905456393404,0.0,0.0,1.0,102.0
0.0,-742.0552695843273,-1201.2475276105947,0.0,0.0,1.0,102.0
0.0,-761.8334751971382,-1190.9863379553951,0.0,0.0,1.0,102.0
0.0,-719.2685555496291,-1165.2786195610274,0.0,0.0,1.0,102.0
0.0,-751.1367161858531,-1176.8823711530576,0.0,0.0,1.0,102.0
0.0,-723.6806086895592,-1198.2627680937453,0.0,0.0,1.0,102.0
0.0,-706.1400577859258,-1191.1804774507998,0.0,0.0,1.0,102.0
0.0,-712.6633052509715,-1149.2849797176436,0.0,0.0,1.0,102.0
0.0,-701.7790266743451,-1142.4761323070256,0.0,0.0,1.0,102.0
0.0,-689.0265102158091,-1113.8323832891188,0.0,0.0,1.0,102.0
0.0,-696.5231999084691,-1104.3148205136645,0.0,0.0,1.0,102.0
0.0,-734.3862990538886,-1160.2560594749955,0.0,0.0,1.0,102.0
0.0,-684.3502458782825,-1202.5138777855454,0.0,0.0,1.0,102.0
0.0,-728.1610335137311,-1178.1315617360224,0.0,0.0,1.0,102.0
0.0,-738.7433419096482,-1173.6922267872478,0.0,0.0,1.0,102.0
0.0,-730.1371252633742,-1158.9753832881656,0.0,0.0,1.0,102.0
0.0,-730.0939874227611,-1168.8243618259094,0.0,0.0,1.0,102.0
0.0,-723.8763479890621,-1186.1874924503245,0.0,0.0,1.0,102.0
0.0,-734.6127455234086,-1186.2682474443209,0.0,0.0,1.0,102.0
0.0,-733.6888975046128,-1150.3520184720494,0.0,0.0,1.0,102.0
0.0,-746.4485361375686,-1176.386085510733,0.0,0.0,1.0,102.0
0.0,-732.069709638253,-1190.090738605296,0.0,0.0,1.0,102.0
0.0,-739.1987446850795,-1143.029444165371,0.0,0.0,1.0,102.0
0.0,-721.7764393075363,-1190.4199234478997,0.0,0.0,1.0,102.0
0.0,-689.0775784027035,-1186.2627632346207,0.0,0.0,1.0,102.0
0.0,-733.5513219383779,-1158.1091496751965,0.0,0.0,1.0,102.0
0.0,-795.0402651611961,-1214.1447054435498,0.0,0.0,1.0,102.0
0.0,-731.9333104131019,-1167.8885016635431,0.0,0.0,1.0,102.0
0.0,-735.5127250440986,-1185.434996740206,0.0,0.0,1.0,102.0
0.0,-740.3922695181087,-1188.9278195226561,0.0,0.0,1.0,102.0
0.0,-726.4084105959414,-1120.7459281174395,0.0,0.0,1.0,102.0
0.0,-740.3362357865229,-1176.2936280965707,0.0,0.0,1.0,102.0
0.0,-709.7474281032435,-1151.7297112806996,0.0,0.0,1.0,102.0
0.0,-738.5727038859352,-1187.8334815914654,0.0,0.0,1.0,102.0
0.0,-701.3042476947118,-1196.0166952220716,0.0,0.0,1.0,102.0
0.0,-732.7031993668602,-1166.7545697536602,0.0,0.0,1.0,102.0
0.0,-746.9918867093332,-1176.872382021823,0.0,0.0,1.0,102.0
0.0,-668.9382617279874,-1224.0861582493053,0.0,0.0,1.0,102.0
0.0,-686.9707778261778,-1226.582178897609,0.0,0.0,1.0,102.0
0.0,-707.3315102135781,-1210.7272027850174,0.0,0.0,1.0,102.0
0.0,-709.8852515846986,-1228.0034492707669,0.0,0.0,1.0,102.0
0.0,-690.6779767556567,-1239.6507394940706,0.0,0.0,1.0,102.0
0.0,-689.3134242814239,-1240.0531419387264,0.0,0.0,1.0,102.0
0.0,-680.7370870138234,-1214.056566743695,0.0,0.0,1.0,102.0
0.0,-680.796283026389,-1232.6079254738809,0.0,0.0,1.0,102.0
0.0,-672.4974437869284,-1232.9436041687784,0.0,0.0,1.0,102.0
0.0,-708.050117617386,-1224.2850321645462,0.0,0.0,1.0,102.0
0.0,-653.9642665467978,-1162.5014428777388,0.0,0.0,1.0,102.0
0.0,-703.9858328436284,-1153.1454327195725,0.0,0.0,1.0,102.0
0.0,-686.7079948939848,-1201.972426866738,0.0,0.0,1.0,102.0
0.0,-667.1326266432351,-1226.2230477720827,0.0,0.0,1.0,102.0
0.0,-683.6009885342291,-1232.077879432575,0.0,0.0,1.0,102.0
0.0,-638.3023558455097,-1220.0092952038933,0.0,0.0,1.0,102.0
0.0,-698.3977513718288,-1254.397195114557,0.0,0.0,1.0,102.0
0.0,-714.3799335329229,-1252.5109505969062,0.0,0.0,1.0,102.0
0.0,-675.5742959572848,-1226.7369212146111,0.0,0.0,1.0,102.0
0.0,-702.9743725314239,-1218.7584948481347,0.0,0.0,1.0,102.0
0.0,-657.1795292518724,-1211.1052825576128,0.0,0.0,1.0,102.0
0.0,-702.5748021710948,-1246.5784920995427,0.0,0.0,1.0,102.0
0.0,-732.3715668823626,-1230.4697144939569,0.0,0.0,1.0,102.0
0.0,-701.3285700755788,-1226.4774006996856,0.0,0.0,1.0,102.0
0.0,-701.1875525224849,-1244.7141050384214,0.0,0.0,1.0,102.0
0.0,-691.1102247921215,-1213.9613604357464,0.0,0.0,1.0,102.0
0.0,-695.5592743857965,-1235.5130258234578,0.0,0.0,1.0,102.0
0.0,-693.1011651522456,-1221.7694285489524,0.0,0.0,1.0,102.0
0.0,-681.5115826550324,-1227.7308881700021,0.0,0.0,1.0,102.0
0.0,-677.6152938299898,-1212.6225569414735,0.0,0.0,1.0,102.0
0.0,-670.1627259113085,-1231.4008566312234,0.0,0.0,1.0,102.0
0.0,-693.1908841169627,-1231.1773087726363,0.0,0.0,1.0,102.0
0.0,-688.7384348766635,-1217.1456644508185,0.0,0.0,1.0,102.0
0.0,-671.3550700759998,-1172.3772333993945,0.0,0.0,1.0,102.0
0.0,-692.6720189340944,-1238.077732000149,0.0,0.0,1.0,102.0
0.0,-691.3961327116566,-1239.0715679050174,0.0,0.0,1.0,102.0
0.0,-672.0571051494757,-1268.5438238259728,0.0,0.0,1.0,102.0
0.0,-711.9498975598333,-1172.7879307310673,0.0,0.0,1.0,102.0
0.0,-659.6685572120666,-1205.532951912271,0.0,0.0,1.0,102.0
0.0,-692.4834332049891,-1216.4991429947115,0.0,0.0,1.0,102.0
0.0,-680.3335573605285,-1247.7672853665886,0.0,0.0,1.0,102.0
0.0,-669.078954223259,-1243.5323825225698,0.0,0.0,1.0,102.0
0.0,-631.4673311688233,-1240.6725274676344,0.0,0.0,1.0,102.0
0.0,-639.5416673734596,-1220.2144784176985,0.0,0.0,1.0,102.0
0.0,-631.8025789290117,-1238.3946832798135,0.0,0.0,1.0,102.0
0.0,-619.132342998614,-1225.8515796873846,0.0,0.0,1.0,102.0
0.0,-596.8142952467491,-1232.5494887138022,0.0,0.0,1.0,102.0
0.0,-639.2529891075417,-1229.5778944944757,0.0,0.0,1.0,102.0
0.0,-636.5827608808521,-1221.310295178667,0.0,0.0,1.0,102.0
0.0,-622.4121549840066,-1229.1275928360974,0.0,0.0,1.0,102.0
0.0,-653.659347660019,-1192.8714052182775,0.0,0.0,1.0,102.0
0.0,-612.4471647684612,-1237.6482471594097,0.0,0.0,1.0,102.0
0.0,-610.8697977837886,-1221.0463799066918,0.0,0.0,1.0,102.0
0.0,-616.1825990559307,-1222.2273000922312,0.0,0.0,1.0,102.0
0.0,-669.2689995237504,-1212.983949382231,0.0,0.0,1.0,102.0
0.0,-639.4089259882084,-1189.0943713955762,0.0,0.0,1.0,102.0
0.0,-611.3657433208456,-1227.9224450881638,0.0,0.0,1.0,102.0
0.0,-617.9709017121834,-1227.0988687931076,0.0,0.0,1.0,102.0
0.0,-610.1896676241703,-1217.3840819737422,0.0,0.0,1.0,102.0
0.0,-640.8922965561248,-1247.6096933855406,0.0,0.0,1.0,102.0
0.0,-635.8751296693996,-1208.8355140235365,0.0,0.0,1.0,102.0
0.0,-562.0028561476563,-1206.769779717242,0.0,0.0,1.0,102.0
0.0,-589.8758269310077,-1197.3265461923847,0.0,0.0,1.0,102.0
0.0,-589.6946947737687,-1194.842789668541,0.0,0.0,1.0,102.0
0.0,-570.4209017471213,-1187.242168719026,0.0,0.0,1.0,102.0
0.0,-579.083579270051,-1196.5735147705707,0.0,0.0,1.0,102.0
0.0,-571.5736853745918,-1201.9169593425177,0.0,0.0,1.0,102.0
0.0,-589.824498727097,-1149.7753599094005,0.0,0.0,1.0,102.0
0.0,-561.4095738414708,-1178.6389653734523,0.0,0.0,1.0,102.0
0.0,-553.5087076283274,-1191.4476913237006,0.0,0.0,1.0,102.0
0.0,-602.25136066877,-1170.571849192928,0.0,0.0,1.0,102.0
0.0,-592.5734132968917,-1193.5566798732264,0.0,0.0,1.0,102.0
0.0,-559.8274125947211,-1211.4998901978456,0.0,0.0,1.0,102.0
0.0,-603.506257762887,-1187.6101373888787,0.0,0.0,1.0,102.0
0.0,-562.6289224642605,-1174.2814909957197,0.0,0.0,1.0,102.0
0.0,-544.6207916215835,-1169.3971235429096,0.0,0.0,1.0,102.0
0.0,-585.3497023304075,-1182.3716643364246,0.0,0.0,1.0,102.0
0.0,1213.3703360215982,-732.2835540221399,0.0,0.0,1.0,103.0
0.0,1181.3998688173388,-833.3941763045561,0.0,0.0,1.0,103.0
0.0,1183.120923381281,-758.1805758039525,0.0,0.0,1.0,103.0
0.0,1180.441418705594,-764.2904214804181,0.0,0.0,1.0,103.0
0.0,1210.551544706444,-737.2164032183767,0.0,0.0,1.0,103.0
0.0,1196.4363460582513,-738.8086525660023,0.0,0.0,1.0,103.0
0.0,1175.198006912292,-748.0661557991456,0.0,0.0,1.0,103.0
0.0,1166.4981920138298,-790.7559161505774,0.0,0.0,1.0,103.0
0.0,1181.2356799373479,-781.5262263275413,0.0,0.0,1.0,103.0
0.0,1185.0676170853221,-723.8022439634933,0.0,0.0,1.0,103.0
0.0,1186.6310251114505,-733.4297026399129,0.0,0.0,1.0,103.0
0.0,1193.0817251259123,-737.3836517522549,0.0,0.0,1.0,103.0
0.0,1163.6621423241959,-748.8656787046907,0.0,0.0,1.0,103.0
0.0,1189.3047966449512,-757.1953520883561,0.0,0.0,1.0,103.0
0.0,1198.6964707045022,-742.2830090998677,0.0,0.0,1.0,103.0
0.0,1177.2477194837147,-751.1410345508278,0.0,0.0,1.0,103.0
0.0,1205.3516709306928,-753.8070807942554,0.0,0.0,1.0,103.0
0.0,1188.9257867623596,-769.3397262273821,0.0,0.0,1.0,103.0
0.0,1186.9073386069772,-731.8239265796758,0.0,0.0,1.0,103.0
0.0,1206.387528800809,-726.3246856165778,0.0,0.0,1.0,103.0
0.0,1179.7488309959117,-778.887632960366,0.0,0.0,1.0,103.0
0.0,1192.8936904438274,-747.1159413226194,0.0,0.0,1.0,103.0
0.0,1159.3383371419527,-745.8922897005009,0.0,0.0,1.0,103.0
0.0,1190.1716935224158,-755.3179287507647,0.0,0.0,1.0,103.0
0.0,1174.2622417938765,-758.6467428127523,0.0,0.0,1.0,103.0
0.0,1194.7878222753707,-731.1558514881269,0.0,0.0,1.0,103.0
0.0,1199.879427836368,-756.7650256805362,0.0,0.0,1.0,103.0
0.0,1186.3296290858439,-756.2263823549177,0.0,0.0,1.0,103.0
0.0,1175.4141904020685,-783.7228277448413,0.0,0.0,1.0,103.0
0.0,1142.126877674305,-775.3817011905238,0.0,0.0,1.0,103.0
0.0,1120.2409163310854,-824.6794750935157,0.0,0.0,1.0,103.0
0.0,1129.0600141477612,-749.8328929021457,0.0,0.0,1.0,103.0
0.0,1150.3746658211144,-768.1671045522154,0.0,0.0,1.0,103.0
0.0,1107.726602252676,-773.7492810338294,0.0,0.0,1.0,103.0
0.0,1132.1904362400833,-755.8356966864015,0.0,0.0,1.0,103.0
0.0,1120.4458829022574,-746.3581763037123,0.0,0.0,1.0,103.0
0.0,1121.445628459474,-747.6959215713587,0.0,0.0,1.0,103.0
0.0,1128.9999176113743,-773.6623817981271,0.0,0.0,1.0,103.0
0.0,1132.463565741095,-764.9483870523451,0.0,0.0,1.0,103.0
0.0,1108.4374713354787,-778.9403334736681,0.0,0.0,1.0,103.0
0.0,1151.9558457193184,-737.1252523797634,0.0,0.0,1.0,103.0
0.0,1132.4430626326534,-749.7908606173265,0.0,0.0,1.0,103.0
0.0,1117.7897775943334,-748.4172226016129,0.0,0.0,1.0,103.0
0.0,1137.078495138538,-746.355494903996,0.0,0.0,1.0,103.0
0.0,1121.5578424730443,-767.1387113290854,0.0,0.0,1.0,103.0
0.0,1204.3918535147554,-740.6652038979921,0.0,0.0,1.0,103.0
0.0,1139.8161207589055,-766.3557770763464,0.0,0.0,1.0,103.0
0.0,1127.97043491761,-759.2556719100712,0.0,0.0,1.0,103.0
0.0,1130.3613024593924,-763.035683876223,0.0,0.0,1.0,103.0
0.0,1149.7598302577776,-751.0656331122522,0.0,0.0,1.0,103.0
0.0,1161.332416414236,-730.4142717344002,0.0,0.0,1.0,103.0
0.0,1093.0506917955322,-850.8389306361128,0.0,0.0,1.0,103.0
0.0,1159.3950125690835,-846.1731388980643,0.0,0.0,1.0,103.0
0.0,1099.3296687396983,-872.1158188932476,0.0,0.0,1.0,103.0
0.0,1089.2591177726167,-847.4151237077372,0.0,0.0,1.0,103.0
0.0,1098.630194210728,-843.3974579880868,0.0,0.0,1.0,103.0
0.0,1143.9528366523045,-855.6001979656015,0.0,0.0,1.0,103.0
0.0,1089.8238744905016,-833.8622322526738,0.0,0.0,1.0,103.0
0.0,1098.5341318140786,-828.8083728372565,0.0,0.0,1.0,103.0
0.0,1108.2592938446487,-836.8066748609316,0.0,0.0,1.0,103.0
0.0,1163.6244365507323,-819.8818852018507,0.0,0.0,1.0,103.0
0.0,1108.257315632623,-823.7641275360331,0.0,0.0,1.0,103.0
0.0,1116.5794645320339,-885.5358661733444,0.0,0.0,1.0,103.0
0.0,1092.1916343027965,-844.3302596455495,0.0,0.0,1.0,103.0
0.0,1095.0425667693648,-862.1930666014011,0.0,0.0,1.0,103.0
0.0,1101.0281132276873,-837.6501461697599,0.0,0.0,1.0,103.0
0.0,1106.2100073828838,-835.5117693587757,0.0,0.0,1.0,103.0
0.0,1091.7333221926688,-853.6842905352321,0.0,0.0,1.0,103.0
0.0,1148.8926962052988,-851.6007815851287,0.0,0.0,1.0,103.0
0.0,1107.4842920097421,-857.9469978762014,0.0,0.0,1.0,103.0
0.0,1073.7212497784753,-841.4578386646541,0.0,0.0,1.0,103.0
0.0,1109.9175761901229,-827.5564046797972,0.0,0.0,1.0,103.0
0.0,1131.6267063756018,-842.649133779405,0.0,0.0,1.0,103.0
0.0,1091.4544892096342,-857.1849617335445,0.0,0.0,1.0,103.0
0.0,1128.8150675692373,-842.817279511358,0.0,0.0,1.0,103.0
0.0,1108.4498866652107,-789.4207099415019,0.0,0.0,1.0,103.0
0.0,1121.1250561372658,-837.1970159233507,0.0,0.0,1.0,103.0
0.0,1093.6725714969143,-833.3628292390888,0.0,0.0,1.0,103.0
0.0,1105.7228183116895,-837.566807881952,0.0,0.0,1.0,103.0
0.0,1103.5028247243795,-845.8634416593537,0.0,0.0,1.0,103.0
0.0,1094.9278218385111,-861.6651956838579,0.0,0.0,1.0,103.0
0.0,1109.9684495656643,-837.958774292147,0.0,0.0,1.0,103.0
0.0,1159.9486161328246,-880.4622748768447,0.0,0.0,1.0,103.0
0.0,1169.7130832955886,-829.5600563272565,0.0,0.0,1.0,103.0
0.0,1131.293530739586,-892.3057637991617,0.0,0.0,1.0,103.0
0.0,1175.9710985390393,-878.3018538966209,0.0,0.0,1.0,103.0
0.0,1151.2191473449247,-884.9328703397834,0.0,0.0,1.0,103.0
0.0,1122.294928600405,-876.7808877590403,0.0,0.0,1.0,103.0
0.0,1137.7070515563823,-894.3742085312564,0.0,0.0,1.0,103.0
0.0,1131.1457246634163,-861.7060277020082,0.0,0.0,1.0,103.0
0.0,1147.0947105080436,-863.5235067151548,0.0,0.0,1.0,103.0
0.0,1139.3492059090354,-870.9576935740556,0.0,0.0,1.0,103.0
0.0,1120.0549878825746,-878.3569020202899,0.0,0.0,1.0,103.0
0.0,1164.940575972752,-848.8181809320871,0.0,0.0,1.0,103.0
0.0,1156.2292166525476,-886.9633953054802,0.0,0.0,1.0,103.0
0.0,1126.6670527219226,-885.451818045485,0.0,0.0,1.0,103.0
0.0,1165.7082381029245,-885.8787974742787,0.0,0.0,1.0,103.0
0.0,1137.1785176478938,-901.3058623947593,0.0,0.0,1.0,103.0
0.0,1156.4556154099614,-861.0026183388711,0.0,0.0,1.0,103.0
0.0,1146.77977323803,-873.9514246211714,0.0,0.0,1.0,103.0
0.0,1127.4572367755795,-865.7739632112254,0.0,0.0,1.0,103.0
0.0,1171.8229784092287,-874.6490685109918,0.0,0.0,1.0,103.0
0.0,1159.641066545059,-876.4016161976989,0.0,0.0,1.0,103.0
0.0,1146.290316950061,-899.4956844295971,0.0,0.0,1.0,103.0
0.0,1167.9454038703338,-888.6173566929234,0.0,0.0,1.0,103.0
0.0,1116.605443780239,-890.9255150429258,0.0,0.0,1.0,103.0
0.0,1150.9865185707322,-889.4046477782446,0.0,0.0,1.0,103.0
0.0,1192.527528047201,-846.908424918633,0.0,0.0,1.0,103.0
0.0,1129.4044380051678,-884.6526037005282,0.0,0.0,1.0,103.0
0.0,1111.5946868977812,-898.8865993454684,0.0,0.0,1.0,103.0
0.0,1152.741702409398,-864.502256981099,0.0,0.0,1.0,103.0
0.0,1102.8201080089752,-847.4166108026728,0.0,0.0,1.0,103.0
0.0,1129.4684505912223,-900.2084815936689,0.0,0.0,1.0,103.0
0.0,1144.7453978425524,-886.3618481110085,0.0,0.0,1.0,103.0
0.0,1122.1083511441589,-880.0160079917059,0.0,0.0,1.0,103.0
0.0,1117.79060645842,-867.1668432775151,0.0,0.0,1.0,103.0
0.0,1143.5743243767888,-890.5137901299975,0.0,0.0,1.0,103.0
0.0,1146.9498298877093,-854.9113261483792,0.0,0.0,1.0,103.0
0.0,1138.961986426757,-877.2665288091129,0.0,0.0,1.0,103.0
0.0,1192.6785447180268,-895.279868761838,0.0,0.0,1.0,103.0
0.0,1191.0930968916682,-908.4211779417816,0.0,0.0,1.0,103.0
0.0,1209.6079585014209,-902.178224801403,0.0,0.0,1.0,103.0
0.0,1201.1138721215207,-885.3521572871103,0.0,0.0,1.0,103.0
0.0,1193.0976487979465,-867.7292557448233,0.0,0.0,1.0,103.0
0.0,1221.028258578196,-827.860262092908,0.0,0.0,1.0,103.0
0.0,1195.5903929647038,-870.2433843915026,0.0,0.0,1.0,103.0
0.0,1186.4214088292943,-890.7437988264514,0.0,0.0,1.0,103.0
0.0,1177.6263029445413,-899.9980066062162,0.0,0.0,1.0,103.0
0.0,1177.0500025219926,-886.1172584293668,0.0,0.0,1.0,103.0
0.0,1178.0621353918655,-895.4875774290066,0.0,0.0,1.0,103.0
0.0,1225.6529432932848,-872.2262617763957,0.0,0.0,1.0,103.0
0.0,1204.2041536445208,-879.2780399864023,0.0,0.0,1.0,103.0
0.0,1188.1204519803418,-890.2413707168918,0.0,0.0,1.0,103.0
0.0,1180.2137257528225,-865.2642420110415,0.0,0.0,1.0,103.0
0.0,1218.5190967435042,-830.2602663533995,0.0,0.0,1.0,103.0
0.0,1191.7835072964172,-864.6945267563746,0.0,0.0,1.0,103.0
0.0,1174.7750129061892,-798.0920553340086,0.0,0.0,1.0,103.0
0.0,1203.927045986849,-841.506595070873,0.0,0.0,1.0,103.0
0.0,1169.170168017879,-878.2590730006353,0.0,0.0,1.0,103.0
0.0,1179.1628918234169,-883.1975615339325,0.0,0.0,1.0,103.0
0.0,1193.0249436602462,-885.462420303554,0.0,0.0,1.0,103.0
0.0,1232.4247603589415,-815.1843213281684,0.0,0.0,1.0,103.0
0.0,1185.0562360101226,-848.6803387180938,0.0,0.0,1.0,103.0
0.0,1212.514903943042,-868.1619838568606,0.0,0.0,1.0,103.0
0.0,1150.7685886725712,-896.7597325876987,0.0,0.0,1.0,103.0
0.0,1212.9657067504677,-857.3886422436876,0.0,0.0,1.0,103.0
0.0,1195.8467210928275,-900.9402325576668,0.0,0.0,1.0,103.0
0.0,1208.7417868124694,-910.1982430132323,0.0,0.0,1.0,103.0
0.0,1200.6514724435174,-885.4912902094105,0.0,0.0,1.0,103.0
0.0,1205.4269174293745,-881.5130585542383,0.0,0.0,1.0,103.0
0.0,1217.6605089318177,-896.9945602006271,0.0,0.0,1.0,103.0
0.0,1180.458835673107,-816.4558986622209,0.0,0.0,1.0,103.0
0.0,1170.3250264258045,-835.001959305369,0.0,0.0,1.0,103.0
0.0,1197.1846075086364,-873.1278278321935,0.0,0.0,1.0,103.0
0.0,1177.810960430893,-845.7349235481989,0.0,0.0,1.0,103.0
0.0,1180.4687496187648,-795.9200303807232,0.0,0.0,1.0,103.0
0.0,1213.2894705524764,-886.0178207409095,0.0,0.0,1.0,103.0
0.0,1191.8276860711644,-871.7095935577574,0.0,0.0,1.0,103.0
0.0,1186.7377087911577,-874.5157511650378,0.0,0.0,1.0,103.0
0.0,1201.9973234837025,-879.3600336424954,0.0,0.0,1.0,103.0
0.0,1221.329735972699,-803.1806821528802,0.0,0.0,1.0,103.0
0.0,1204.7578695700054,-883.3269854743004,0.0,0.0,1.0,103.0
0.0,1235.451555936072,-808.7711459907823,0.0,0.0,1.0,103.0
0.0,1257.0821997292455,-826.5306178456739,0.0,0.0,1.0,103.0
0.0,1217.335460435807,-798.964758850412,0.0,0.0,1.0,103.0
0.0,1229.9965622246423,-788.0775032822647,0.0,0.0,1.0,103.0
0.0,1241.2561199052475,-777.2539648582976,0.0,0.0,1.0,103.0
0.0,1237.7417897713135,-810.3107333035847,0.0,0.0,1.0,103.0
0.0,1251.1581007184918,-777.1816916686648,0.0,0.0,1.0,103.0
0.0,1209.2094778874366,-770.9450837075453,0.0,0.0,1.0,103.0
0.0,1249.2655487247898,-760.9365130553216,0.0,0.0,1.0,103.0
0.0,1211.156398863715,-748.5905677472913,0.0,0.0,1.0,103.0
0.0,1239.3202861529066,-792.3228714911895,0.0,0.0,1.0,103.0
0.0,1249.6077759148352,-804.1788599851931,0.0,0.0,1.0,103.0
0.0,1263.512523923158,-791.1846722955376,0.0,0.0,1.0,103.0
0.0,1212.4126945254916,-800.5946940179207,0.0,0.0,1.0,103.0
0.0,1229.865083691347,-804.4057481488364,0.0,0.0,1.0,103.0
0.0,1248.0861820706027,-803.7896183290912,0.0,0.0,1.0,103.0
0.0,1252.2654657398357,-827.4942501470193,0.0,0.0,1.0,103.0
0.0,1218.9179608737236,-781.0795377429611,0.0,0.0,1.0,103.0
0.0,1246.1777711142258,-807.1660712003645,0.0,0.0,1.0,103.0
0.0,1230.9732133515686,-782.4975611252067,0.0,0.0,1.0,103.0
0.0,1194.1141478754748,-773.4705732826098,0.0,0.0,1.0,103.0
0.0,1229.133177740116,-782.6505014951279,0.0,0.0,1.0,103.0
0.0,1231.0306957741209,-776.2729601296851,0.0,0.0,1.0,103.0
0.0,1203.2601557890216,-817.7570575552847,0.0,0.0,1.0,103.0
0.0,1220.78467768051,-777.6789196428834,0.0,0.0,1.0,103.0
0.0,1260.0615509501627,-774.4785789264319,0.0,0.0,1.0,103.0
0.0,1227.8533752894637,-769.8378154543277,0.0,0.0,1.0,103.0
0.0,1197.2857999831617,-757.8042070667058,0.0,0.0,1.0,103.0
0.0,1236.3043796405623,-788.5340008863823,0.0,0.0,1.0,103.0
0.0,1229.1896017408403,-803.8498324421556,0.0,0.0,1.0,103.0
0.0,1239.1132682743746,-799.6887718959769,0.0,0.0,1.0,103.0
0.0,1223.254124431222,-778.863676746384,0.0,0.0,1.0,103.0
0.0,1230.9541039128012,-773.9849418908424,0.0,0.0,1.0,103.0
0.0,1209.629987361433,-838.4579519917215,0.0,0.0,1.0,103.0
0.0,1202.4872797683138,-782.334157993356,0.0,0.0,1.0,103.0
0.0,1240.107707510982,-783.2485882894126,0.0,0.0,1.0,103.0
0.0,1237.6578026633902,-843.9173901504456,0.0,0.0,1.0,103.0
0.0,1228.1846245016823,-795.6535062169909,0.0,0.0,1.0,103.0
0.0,1223.0483872685427,-788.320706613954,0.0,0.0,1.0,103.0
0.0,1239.5457860281795,-800.1191261421639,0.0,0.0,1.0,103.0
0.0,1239.50918039203,-762.5334390930386,0.0,0.0,1.0,103.0
0.0,1241.190832566162,-791.1239962854173,0.0,0.0,1.0,103.0
0.0,1228.80145068834,-839.9519477133041,0.0,0.0,1.0,103.0
0.0,1232.5571884445767,-785.2665463828104,0.0,0.0,1.0,103.0
0.0,1226.8094319633396,-784.2806916473577,0.0,0.0,1.0,103.0
0.0,1215.4694582139205,-815.0450311941715,0.0,0.0,1.0,103.0
0.0,1259.1676788216623,-780.3233036177796,0.0,0.0,1.0,103.0
0.0,1241.3915303361987,-765.4366249156417,0.0,0.0,1.0,103.0
0.0,1235.3974851613534,-792.8811769575017,0.0,0.0,1.0,103.0
0.0,1261.774738250449,1091.6672433617546,0.0,0.0,1.0,104.0
0.0,1251.8268669662748,1052.3171331379244,0.0,0.0,1.0,104.0
0.0,1293.7230429210085,1072.0637761832036,0.0,0.0,1.0,104.0
0.0,1233.3782561828443,1030.0952853955814,0.0,0.0,1.0,104.0
0.0,1245.0351695790273,1047.9623174000221,0.0,0.0,1.0,104.0
0.0,1206.564498324266,1025.5868748989956,0.0,0.0,1.0,104.0
0.0,1262.9077695326746,1053.0819575423034,0.0,0.0,1.0,104.0
0.0,1277.2610034861314,1048.855525792409,0.0,0.0,1.0,104.0
0.0,1275.5747257074681,1044.470828026373,0.0,0.0,1.0,104.0
0.0,1244.1417210465625,1097.884816619764,0.0,0.0,1.0,104.0
0.0,1291.6106380256447,1048.1439799329419,0.0,0.0,1.0,104.0
0.0,1254.2603365187297,1062.1264093417794,0.0,0.0,1.0,104.0
0.0,1234.0031831224792,1041.1423561912034,0.0,0.0,1.0,104.0
0.0,1293.7692461249867,1075.1162712215591,0.0,0.0,1.0,104.0
0.0,1218.8072089014754,1032.4041328716016,0.0,0.0,1.0,104.0
0.0,1282.2541147898646,1064.1774464089722,0.0,0.0,1.0,104.0
0.0,1280.4917391934464,1045.6052434057951,0.0,0.0,1.0,104.0
0.0,1262.0738611799284,1066.219495406523,0.0,0.0,1.0,104.0
0.0,1178.3103592413613,1068.9320846557912,0.0,0.0,1.0,104.0
0.0,1272.9325140819014,1037.8022112918125,0.0,0.0,1.0,104.0
0.0,1292.659702859727,1086.1703596358657,0.0,0.0,1.0,104.0
0.0,1262.282867071755,1133.459289712308,0.0,0.0,1.0,104.0
0.0,1273.1163914894933,1045.4600607103148,0.0,0.0,1.0,104.0
0.0,1208.2394575005942,1092.1957470234497,0.0,0.0,1.0,104.0
0.0,1243.242557859166,1039.2216928115313,0.0,0.0,1.0,104.0
0.0,1260.252537442207,1095.3104442409244,0.0,0.0,1.0,104.0
0.0,1270.0943779071026,1062.253591726404,0.0,0.0,1.0,104.0
0.0,1245.869897909642,1063.2076674469818,0.0,0.0,1.0,104.0
0.0,1215.8123779724224,1039.8654292366864,0.0,0.0,1.0,104.0
0.0,1291.9455300246595,1058.2542579399837,0.0,0.0,1.0,104.0
0.0,1268.301629259005,1054.8134551571252,0.0,0.0,1.0,104.0
0.0,1288.1295027222764,1079.597796160671,0.0,0.0,1.0,104.0
0.0,1263.3851229354764,1056.173290596289,0.0,0.0,1.0,104.0
0.0,1306.2520976457695,1107.7689128628622,0.0,0.0,1.0,104.0
0.0,1301.7009135910253,1103.134024344277,0.0,0.0,1.0,104.0
0.0,1272.0792279986704,1144.927766734198,0.0,0.0,1.0,104.0
0.0,1266.5786602258781,1100.4981541166949,0.0,0.0,1.0,104.0
0.0,1265.4655091911768,1117.0022340842897,0.0,0.0,1.0,104.0
0.0,1265.1332231094339,1150.414617053098,0.0,0.0,1.0,104.0
0.0,1256.8467061579618,1127.1210050386985,0.0,0.0,1.0,104.0
0.0,1276.9347973701065,1116.9091107028094,0.0,0.0,1.0,104.0
0.0,1257.6735128006771,1120.9686941975788,0.0,0.0,1.0,104.0
0.0,1277.9623195811914,1127.7135485751146,0.0,0.0,1.0,104.0
0.0,1253.3250231722,1061.705486045048,0.0,0.0,1.0,104.0
0.0,1264.7960670176376,1125.6163368748512,0.0,0.0,1.0,104.0
0.0,1255.8261253308933,1125.660274673031,0.0,0.0,1.0,104.0
0.0,1263.7688745924097,1122.7731035669376,0.0,0.0,1.0,104.0
0.0,1217.733688238041,1067.901054384578,0.0,0.0,1.0,104.0
0.0,1270.3161159645942,1113.4574853331428,0.0,0.0,1.0,104.0
0.0,1263.507758266372,1133.5932784636107,0.0,0.0,1.0,104.0
0.0,1269.503027132238,1110.3912079724282,0.0,0.0,1.0,104.0
0.0,1268.827836183616,1117.240614942274,0.0,0.0,1.0,104.0
0.0,1246.6319911248606,1121.6074113044833,0.0,0.0,1.0,104.0
0.0,1280.6640086856291,1131.3003209657495,0.0,0.0,1.0,104.0
0.0,1262.62411173815,1102.397835307937,0.0,0.0,1.0,104.0
0.0,1249.4962060090943,1125.4409659844805,0.0,0.0,1.0,104.0
0.0,1279.3541823905803,1128.4883338599839,0.0,0.0,1.0,104.0
0.0,1288.7922112818646,1099.1023485628612,0.0,0.0,1.0,104.0
0.0,1271.9473061059498,1114.6623757499965,0.0,0.0,1.0,104.0
0.0,1282.623596660686,1117.8683214467205,0.0,0.0,1.0,104.0
0.0,1261.5012327900563,1132.2805602286153,0.0,0.0,1.0,104.0
0.0,1279.5391787763988,1121.9346418010114,0.0,0.0,1.0,104.0
0.0,1194.9006859714123,1133.1668655354606,0.0,0.0,1.0,104.0
0.0,1221.3010840059737,1154.0591649454313,0.0,0.0,1.0,104.0
0.0,1212.9261588797895,1166.6771504791632,0.0,0.0,1.0,104.0
0.0,1218.855915061435,1129.3881457929901,0.0,0.0,1.0,104.0
0.0,1233.9955997471875,1147.6813146199374,0.0,0.0,1.0,104.0
0.0,1234.540174787504,1155.854939450409,0.0,0.0,1.0,104.0
0.0,1238.7742847181712,1151.866626445959,0.0,0.0,1.0,104.0
0.0,1264.7403196167247,1101.8378678359563,0.0,0.0,1.0,104.0
0.0,1205.9015796427934,1147.9779490999454,0.0,0.0,1.0,104.0
0.0,1203.3149166215367,1182.635439271408,0.0,0.0,1.0,104.0
0.0,1230.7935867479337,1138.0610844201228,0.0,0.0,1.0,104.0
0.0,1223.0841407450457,1179.9141236195187,0.0,0.0,1.0,104.0
0.0,1195.0605831607986,1166.3764949566248,0.0,0.0,1.0,104.0
0.0,1222.701363312021,1170.6699280859589,0.0,0.0,1.0,104.0
0.0,1181.9259173115493,1154.5417676163634,0.0,0.0,1.0,104.0
0.0,1223.125555284541,1162.4779753325306,0.0,0.0,1.0,104.0
0.0,1243.7824183316338,1164.5953823087484,0.0,0.0,1.0,104.0
0.0,1214.518554150492,1167.9514878707942,0.0,0.0,1.0,104.0
0.0,1224.5426943692305,1156.463781148339,0.0,0.0,1.0,104.0
0.0,1227.7143645480514,1172.791409636946,0.0,0.0,1.0,104.0
0.0,1209.421616072802,1212.7314922155829,0.0,0.0,1.0,104.0
0.0,1218.634515628722,1156.0350577146264,0.0,0.0,1.0,104.0
0.0,1205.801018006709,1147.5917967902128,0.0,0.0,1.0,104.0
0.0,1233.7904460467325,1166.8785068115076,0.0,0.0,1.0,104.0
0.0,1220.4740486111982,1159.0582764509563,0.0,0.0,1.0,104.0
0.0,1222.6072421315193,1186.5871614057487,0.0,0.0,1.0,104.0
0.0,1229.3599891692156,1159.1691891521796,0.0,0.0,1.0,104.0
0.0,1222.0398531106762,1086.166541227255,0.0,0.0,1.0,104.0
0.0,1205.3409006107454,1134.3480744158683,0.0,0.0,1.0,104.0
0.0,1240.6213275750656,1188.8811988064672,0.0,0.0,1.0,104.0
0.0,1235.5040371639875,1168.3981449228586,0.0,0.0,1.0,104.0
0.0,1166.4488193769162,1134.1617582816043,0.0,0.0,1.0,104.0
0.0,1202.695102249711,1145.5683753614298,0.0,0.0,1.0,104.0
0.0,1249.9394719895522,1160.3212103274136,0.0,0.0,1.0,104.0
0.0,1199.1694127394971,1168.9805629874063,0.0,0.0,1.0,104.0
0.0,1238.0467789881736,1154.5149396043507,0.0,0.0,1.0,104.0
0.0,1202.9605015396214,1168.896899467784,0.0,0.0,1.0,104.0
0.0,1216.2580166138132,1142.2243180174264,0.0,0.0,1.0,104.0
0.0,1165.1781037622645,1121.8173400007154,0.0,0.0,1.0,104.0
0.0,1159.4305193697123,1152.6076751170372,0.0,0.0,1.0,104.0
0.0,1176.351110731744,1158.9504905495014,0.0,0.0,1.0,104.0
0.0,1210.3574550156404,1151.7695076863542,0.0,0.0,1.0,104.0
0.0,1159.2597364315802,1173.6642506865164,0.0,0.0,1.0,104.0
0.0,1162.0616693566549,1174.2313728864756,0.0,0.0,1.0,104.0
0.0,1186.7647075986279,1162.1106268286221,0.0,0.0,1.0,104.0
0.0,1169.4215157303947,1126.663164143194,0.0,0.0,1.0,104.0
0.0,1141.9054740849524,1165.2445579764612,0.0,0.0,1.0,104.0
0.0,1178.8206494457559,1157.953037772414,0.0,0.0,1.0,104.0
0.0,1138.076259973995,1170.9779617076438,0.0,0.0,1.0,104.0
0.0,1160.1813576568697,1160.2059000448753,0.0,0.0,1.0,104.0
0.0,1153.7593932510986,1165.5442734145136,0.0,0.0,1.0,104.0
0.0,1145.1538981596327,1146.7848438085816,0.0,0.0,1.0,104.0
0.0,1150.849387835597,1154.135836333875,0.0,0.0,1.0,104.0
0.0,1166.7642651169258,1163.508364064412,0.0,0.0,1.0,104.0
0.0,1145.6717548716374,1178.6255071728874,0.0,0.0,1.0,104.0
0.0,1180.6378089340492,1146.0159375054382,0.0,0.0,1.0,104.0
0.0,1187.605178710914,1124.8739604128618,0.0,0.0,1.0,104.0
0.0,1160.4654375065656,1148.2492774394914,0.0,0.0,1.0,104.0
0.0,1169.1234730499468,1166.8956550967878,0.0,0.0,1.0,104.0
0.0,1133.2505548708864,1120.8014349684645,0.0,0.0,1.0,104.0
0.0,1148.7565745308257,1121.861141377714,0.0,0.0,1.0,104.0
0.0,1120.065577598671,1114.767244854947,0.0,0.0,1.0,104.0
0.0,1159.0353718615347,1127.7974708646916,0.0,0.0,1.0,104.0
0.0,1106.609763512227,1097.2629272712052,0.0,0.0,1.0,104.0
0.0,1137.5597549505896,1111.8783266744767,0.0,0.0,1.0,104.0
0.0,1164.4093941800647,1121.1607393713803,0.0,0.0,1.0,104.0
0.0,1138.79930688074,1101.8479478884155,0.0,0.0,1.0,104.0
0.0,1135.782264567562,1119.1690641340465,0.0,0.0,1.0,104.0
0.0,1139.6750849648524,1123.3642567486586,0.0,0.0,1.0,104.0
0.0,1126.5685570954543,1140.1169282510582,0.0,0.0,1.0,104.0
0.0,1121.0386300453456,1124.9774713347429,0.0,0.0,1.0,104.0
0.0,1200.7490871353625,1095.3231109369576,0.0,0.0,1.0,104.0
0.0,1183.3414865324007,1087.4599303568639,0.0,0.0,1.0,104.0
0.0,1154.4203766404667,1136.3221926531287,0.0,0.0,1.0,104.0
0.0,1137.8210381037356,1132.3779009567802,0.0,0.0,1.0,104.0
0.0,1126.5253719794023,1111.6225006020677,0.0,0.0,1.0,104.0
0.0,1103.8639237116995,1131.4763576832602,0.0,0.0,1.0,104.0
0.0,1138.8916954097062,1157.3718962736039,0.0,0.0,1.0,104.0
0.0,1121.1790327515287,1119.04031730827,0.0,0.0,1.0,104.0
0.0,1140.3900370897122,1122.5029822427791,0.0,0.0,1.0,104.0
0.0,1146.1629507204534,1110.4357528873652,0.0,0.0,1.0,104.0
0.0,1148.117803424278,1094.7267330794184,0.0,0.0,1.0,104.0
0.0,1142.795284266237,1129.3114086706278,0.0,0.0,1.0,104.0
0.0,1127.0961044882465,1105.9353509706043,0.0,0.0,1.0,104.0
0.0,1106.4849516761174,1137.1018598845421,0.0,0.0,1.0,104.0
0.0,1132.169207220078,1058.8897837690392,0.0,0.0,1.0,104.0
0.0,1133.6445102089842,1033.005119764793,0.0,0.0,1.0,104.0
0.0,1094.6788049154193,1050.7617763609787,0.0,0.0,1.0,104.0
0.0,1133.6099009235145,1048.721488837486,0.0,0.0,1.0,104.0
0.0,1101.5478748101755,1043.6224011231943,0.0,0.0,1.0,104.0
0.0,1133.9553404621643,1062.1640469424265,0.0,0.0,1.0,104.0
0.0,1130.8558816376049,1032.9516028704925,0.0,0.0,1.0,104.0
0.0,1163.3757973512106,1030.3020459969234,0.0,0.0,1.0,104.0
0.0,1132.6062718121862,1097.437747972168,0.0,0.0,1.0,104.0
0.0,1145.9338423869235,1069.4834986606925,0.0,0.0,1.0,104.0
0.0,1116.5326639461705,1065.4837325446897,0.0,0.0,1.0,104.0
0.0,1128.9920430010093,1035.794543849167,0.0,0.0,1.0,104.0
0.0,1121.427724471579,1049.5866995929991,0.0,0.0,1.0,104.0
0.0,1129.4294727298238,1027.8877701263573,0.0,0.0,1.0,104.0
0.0,1108.7314746753445,1058.707149487147,0.0,0.0,1.0,104.0
0.0,1130.1086832385445,1036.9587695532127,0.0,0.0,1.0,104.0
0.0,1133.3365716746398,1055.945097269887,0.0,0.0,1.0,104.0
0.0,1124.8612430222406,1049.6204137317682,0.0,0.0,1.0,104.0
0.0,1220.8586257366055,1031.3553139057299,0.0,0.0,1.0,104.0
0.0,1126.4631663991454,1065.377380430079,0.0,0.0,1.0,104.0
0.0,1105.9899755886208,1075.027966036569,0.0,0.0,1.0,104.0
0.0,1153.0515470542246,1075.0878168037016,0.0,0.0,1.0,104.0
0.0,1129.148526828841,1088.7551062992507,0.0,0.0,1.0,104.0
0.0,1137.7295345792259,1048.641179605584,0.0,0.0,1.0,104.0
0.0,1117.3867159958431,1016.486649592639,0.0,0.0,1.0,104.0
0.0,1116.7365076894434,1051.600869968207,0.0,0.0,1.0,104.0
0.0,1156.6772340725593,1115.3391695112045,0.0,0.0,1.0,104.0
0.0,1145.7979307096753,1031.1439993267645,0.0,0.0,1.0,104.0
0.0,1115.5824713524794,1056.3302663520835,0.0,0.0,1.0,104.0
0.0,1107.3407539059185,1044.2904470585627,0.0,0.0,1.0,104.0
0.0,1102.0213866433019,1066.2943398790212,0.0,0.0,1.0,104.0
0.0,1131.8920342528359,1063.9627575510513,0.0,0.0,1.0,104.0
0.0,1096.368143814249,1041.0703461549856,0.0,0.0,1.0,104.0
0.0,1128.3139918805223,1096.300710182441,0.0,0.0,1.0,104.0
0.0,1135.1325603519663,1049.9298784183175,0.0,0.0,1.0,104.0
0.0,1126.3213451618817,1050.6450102870099,0.0,0.0,1.0,104.0
0.0,1142.587032937302,1065.9091710937032,0.0,0.0,1.0,104.0
0.0,1155.1033416990995,1064.4492450174384,0.0,0.0,1.0,104.0
0.0,1125.5545078534728,1027.529654274264,0.0,0.0,1.0,104.0
0.0,1125.7563319641877,1049.4775164289176,0.0,0.0,1.0,104.0
0.0,1152.6283168959721,993.9476630945087,0.0,0.0,1.0,104.0
0.0,1188.9008467883382,1016.1006976041017,0.0,0.0,1.0,104.0
0.0,1174.1912342831351,1023.8041610783084,0.0,0.0,1.0,104.0
0.0,1168.349700675572,1084.8862397860526,0.0,0.0,1.0,104.0
0.0,1163.3667739986208,1019.1590043502756,0.0,0.0,1.0,104.0
0.0,1158.5683526048156,1073.4264553347239,0.0,0.0,1.0,104.0
0.0,1167.0617006895832,1001.7020204062151,0.0,0.0,1.0,104.0
0.0,1161.8124989697908,1015.9295770753215,0.0,0.0,1.0,104.0
0.0,1170.4794756645392,1079.1007146628294,0.0,0.0,1.0,104.0
0.0,1189.7230416285197,1022.2168703055763,0.0,0.0,1.0,104.0
0.0,1152.2373374937938,991.7434473609346,0.0,0.0,1.0,104.0
0.0,1157.3903128294746,1026.2302125779838,0.0,0.0,1.0,104.0
0.0,1174.4722061305824,1011.9552723900056,0.0,0.0,1.0,104.0
0.0,1201.8234744753368,1020.8677095290723,0.0,0.0,1.0,104.0
0.0,1191.9450937600127,1027.9245904640143,0.0,0.0,1.0,104.0
0.0,1175.700144666922,1015.0101798289388,0.0,0.0,1.0,104.0
0.0,1158.02908058314,1008.0916379930659,0.0,0.0,1.0,104.0
0.0,1220.8678791982834,1028.9916303382706,0.0,0.0,1.0,104.0
0.0,1165.6055589946582,990.1509995312081,0.0,0.0,1.0,104.0
0.0,1201.4839301350435,1013.7678744128207,0.0,0.0,1.0,104.0
0.0,1194.37426121407,1024.5671361652476,0.0,0.0,1.0,104.0
0.0,1170.3056981089835,991.6708378547701,0.0,0.0,1.0,104.0
0.0,1145.794005581885,1036.5553943119967,0.0,0.0,1.0,104.0
0.0,1160.348006142745,1033.5563200531487,0.0,0.0,1.0,104.0
0.0,1190.659546820138,1078.1652788005513,0.0,0.0,1.0,104.0
0.0,1156.1487190601388,1012.8004340432494,0.0,0.0,1.0,104.0
0.0,1022.8290363394881,1299.4692038008461,0.0,0.0,1.0,105.0
0.0,1027.915435244101,1305.609700568159,0.0,0.0,1.0,105.0
0.0,1043.27793643842,1267.9519977276655,0.0,0.0,1.0,105.0
0.0,1033.82286745002,1320.2780674590445,0.0,0.0,1.0,105.0
0.0,1041.322265749242,1245.7445403415468,0.0,0.0,1.0,105.0
0.0,1035.435039320087,1318.867812413317,0.0,0.0,1.0,105.0
0.0,993.4180345649015,1313.8046675600744,0.0,0.0,1.0,105.0
0.0,998.2528395522704,1340.3914574401938,0.0,0.0,1.0,105.0
0.0,1024.6950759433334,1337.9529269522645,0.0,0.0,1.0,105.0
0.0,1031.6764398661148,1313.8558224448998,0.0,0.0,1.0,105.0
0.0,1061.7120153268165,1333.4860815496459,0.0,0.0,1.0,105.0
0.0,1024.2319871286927,1313.9923482178947,0.0,0.0,1.0,105.0
0.0,1058.921367818798,1301.506929207143,0.0,0.0,1.0,105.0
0.0,1032.3727568894142,1331.0611007593498,0.0,0.0,1.0,105.0
0.0,1024.7639992091222,1328.8300411593982,0.0,0.0,1.0,105.0
0.0,1006.186080051029,1331.509921394434,0.0,0.0,1.0,105.0
0.0,1023.0480983051075,1350.6824021657435,0.0,0.0,1.0,105.0
0.0,1062.5706521880115,1332.6274901195193,0.0,0.0,1.0,105.0
0.0,1003.7040275617469,1314.356968439938,0.0,0.0,1.0,105.0
0.0,1022.4646173343176,1335.550980006069,0.0,0.0,1.0,105.0
0.0,1021.2297102492944,1337.0965053545156,0.0,0.0,1.0,105.0
0.0,1033.8510005071084,1301.7073910995923,0.0,0.0,1.0,105.0
0.0,1017.8644076166429,1345.1222067390167,0.0,0.0,1.0,105.0
0.0,1004.4864162217955,1355.9876865318233,0.0,0.0,1.0,105.0
0.0,947.3245593817137,1308.9290367844578,0.0,0.0,1.0,105.0
0.0,971.1873368953661,1305.9185238998148,0.0,0.0,1.0,105.0
0.0,964.9924307609608,1306.1703881130006,0.0,0.0,1.0,105.0
0.0,978.4671233729528,1306.0487692481352,0.0,0.0,1.0,105.0
0.0,951.9901932622647,1251.3090484701238,0.0,0.0,1.0,105.0
0.0,947.8864692271377,1308.597309339044,0.0,0.0,1.0,105.0
0.0,940.4031036791475,1333.8877263826944,0.0,0.0,1.0,105.0
0.0,987.9397982628466,1294.61802777073,0.0,0.0,1.0,105.0
0.0,946.5805521834077,1302.6842230615785,0.0,0.0,1.0,105.0
0.0,960.821224965212,1310.598288258182,0.0,0.0,1.0,105.0
0.0,983.8596309721611,1250.1876932105215,0.0,0.0,1.0,105.0
0.0,948.020880940489,1304.4735466540592,0.0,0.0,1.0,105.0
0.0,949.7773663927014,1281.2007958129807,0.0,0.0,1.0,105.0
0.0,954.8065463158864,1305.7960861049114,0.0,0.0,1.0,105.0
0.0,964.8660007297663,1297.5090143233397,0.0,0.0,1.0,105.0
0.0,972.2024544969631,1329.2300469464753,0.0,0.0,1.0,105.0
0.0,952.6514821593323,1300.7970664873114,0.0,0.0,1.0,105.0
0.0,974.3584767259531,1260.6950162745698,0.0,0.0,1.0,105.0
0.0,953.3573778535724,1291.682215579031,0.0,0.0,1.0,105.0
0.0,945.0256986186596,1283.537710589289,0.0,0.0,1.0,105.0
0.0,965.0282828582208,1307.9013053225062,0.0,0.0,1.0,105.0
0.0,1003.0155536470879,1298.0774446887567,0.0,0.0,1.0,105.0
0.0,1024.805930414011,1278.9998924588845,0.0,0.0,1.0,105.0
0.0,964.1463740011895,1293.5974857536835,0.0,0.0,1.0,105.0
0.0,957.823305175797,1272.917967473003,0.0,0.0,1.0,105.0
0.0,950.0208242452768,1262.115846505811,0.0,0.0,1.0,105.0
0.0,970.6980092834374,1299.698166639103,0.0,0.0,1.0,105.0
0.0,982.245712156287,1271.2119013322658,0.0,0.0,1.0,105.0
0.0,938.0189385934923,1307.7612618795065,0.0,0.0,1.0,105.0
0.0,953.1555793528801,1301.7372381647801,0.0,0.0,1.0,105.0
0.0,940.2172539586304,1224.3085504651217,0.0,0.0,1.0,105.0
0.0,960.9645334921938,1243.6347827704749,0.0,0.0,1.0,105.0
0.0,1007.5178376885228,1198.386313615717,0.0,0.0,1.0,105.0
0.0,936.5873304995507,1219.2471072326116,0.0,0.0,1.0,105.0
0.0,922.3081823964535,1242.0853125056183,0.0,0.0,1.0,105.0
0.0,924.5862563540804,1230.145807099479,0.0,0.0,1.0,105.0
0.0,967.8260200905229,1226.5169845446048,0.0,0.0,1.0,105.0
0.0,927.247315954412,1222.983430904425,0.0,0.0,1.0,105.0
0.0,932.5696711768433,1228.3843565473821,0.0,0.0,1.0,105.0
0.0,946.0375286651356,1254.4069354094167,0.0,0.0,1.0,105.0
0.0,921.989544125589,1218.8796006229613,0.0,0.0,1.0,105.0
0.0,955.9032357828542,1252.3828818653146,0.0,0.0,1.0,105.0
0.0,961.3425357474202,1256.3544412267433,0.0,0.0,1.0,105.0
0.0,960.7949839387479,1254.0066812287018,0.0,0.0,1.0,105.0
0.0,959.9323441635156,1258.5245197091795,0.0,0.0,1.0,105.0
0.0,946.2328815506389,1237.6799182079426,0.0,0.0,1.0,105.0
0.0,956.6612655927197,1233.9059571017988,0.0,0.0,1.0,105.0
0.0,953.7951314649745,1232.5311061114899,0.0,0.0,1.0,105.0
0.0,951.2374424587556,1230.1741594634004,0.0,0.0,1.0,105.0
0.0,930.7746545338064,1236.399717153493,0.0,0.0,1.0,105.0
0.0,958.1368769065198,1224.6230737831602,0.0,0.0,1.0,105.0
0.0,952.4006292120303,1244.705868922024,0.0,0.0,1.0,105.0
0.0,960.407395654313,1253.0320618393307,0.0,0.0,1.0,105.0
0.0,932.4990904177721,1241.2283489978909,0.0,0.0,1.0,105.0
0.0,959.26362376322,1224.7931660903896,0.0,0.0,1.0,105.0
0.0,955.1496605271032,1221.9963662724094,0.0,0.0,1.0,105.0
0.0,954.0243310897959,1212.1444902431276,0.0,0.0,1.0,105.0
0.0,998.2409970448957,1174.4406055281179,0.0,0.0,1.0,105.0
0.0,962.0511491879756,1159.451886163186,0.0,0.0,1.0,105.0
0.0,1008.2102036849606,1219.5528681360925,0.0,0.0,1.0,105.0
0.0,988.024024922373,1147.133495398938,0.0,0.0,1.0,105.0
0.0,989.6705953824676,1184.854394296407,0.0,0.0,1.0,105.0
0.0,944.1529553185101,1178.5537174068859,0.0,0.0,1.0,105.0
0.0,984.5213389718447,1175.7519144767075,0.0,0.0,1.0,105.0
0.0,983.1328672061031,1152.647970121684,0.0,0.0,1.0,105.0
0.0,945.8934352708379,1177.092812791121,0.0,0.0,1.0,105.0
0.0,961.2804982889284,1191.1284930678362,0.0,0.0,1.0,105.0
0.0,995.7259096420707,1168.7155137149857,0.0,0.0,1.0,105.0
0.0,951.3696005869656,1188.2804776637577,0.0,0.0,1.0,105.0
0.0,974.5250101573688,1181.7251330353397,0.0,0.0,1.0,105.0
0.0,966.6818348672268,1177.9122246995817,0.0,0.0,1.0,105.0
0.0,986.7136342577583,1169.7500308281733,0.0,0.0,1.0,105.0
0.0,965.9660031697676,1159.4781848004782,0.0,0.0,1.0,105.0
0.0,955.4283240113004,1178.6301886472406,0.0,0.0,1.0,105.0
0.0,973.6833636143865,1179.5670882613372,0.0,0.0,1.0,105.0
0.0,1026.834493896316,1235.4765807898907,0.0,0.0,1.0,105.0
0.0,975.5470817373885,1181.1581094828466,0.0,0.0,1.0,105.0
0.0,979.9670886759732,1164.2437850252245,0.0,0.0,1.0,105.0
0.0,969.4414792694402,1204.2290528108333,0.0,0.0,1.0,105.0
0.0,981.8675349144573,1200.4581452957664,0.0,0.0,1.0,105.0
0.0,979.5164646566723,1158.8300255558115,0.0,0.0,1.0,105.0
0.0,957.464051069876,1148.7076563099313,0.0,0.0,1.0,105.0
0.0,969.1252285700684,1191.6832035147245,0.0,0.0,1.0,105.0
0.0,953.616112770505,1168.0317837972998,0.0,0.0,1.0,105.0
0.0,952.8998462568402,1164.7147629639062,0.0,0.0,1.0,105.0
0.0,1021.7780874583382,1237.5393802277085,0.0,0.0,1.0,105.0
0.0,985.5232437797736,1157.617966324588,0.0,0.0,1.0,105.0
0.0,983.705968606901,1164.0779694934654,0.0,0.0,1.0,105.0
0.0,1031.281535690453,1178.5132483092266,0.0,0.0,1.0,105.0
0.0,1021.6430306206207,1145.3714430487635,0.0,0.0,1.0,105.0
0.0,1011.6709585686108,1127.3936143099354,0.0,0.0,1.0,105.0
0.0,1048.4749395452218,1153.5827794860265,0.0,0.0,1.0,105.0
0.0,1039.0807200781364,1158.3558083309053,0.0,0.0,1.0,105.0
0.0,1059.0253737460807,1149.4162274051378,0.0,0.0,1.0,105.0
0.0,1030.869457030452,1187.8646144775248,0.0,0.0,1.0,105.0
0.0,978.48440913388,1175.7651746240763,0.0,0.0,1.0,105.0
0.0,1038.390326373707,1155.373588540243,0.0,0.0,1.0,105.0
0.0,1057.4670601274843,1127.354227128787,0.0,0.0,1.0,105.0
0.0,1028.4824838078634,1173.4384450381276,0.0,0.0,1.0,105.0
0.0,1066.7479037971307,1177.8065259219757,0.0,0.0,1.0,105.0
0.0,1038.7966315940625,1151.984805174257,0.0,0.0,1.0,105.0
0.0,1045.8624667526656,1180.9431753954495,0.0,0.0,1.0,105.0
0.0,1055.281223127712,1166.1191224497925,0.0,0.0,1.0,105.0
0.0,1049.0401377682483,1139.3170398851307,0.0,0.0,1.0,105.0
0.0,1039.099090339445,1148.2089439671618,0.0,0.0,1.0,105.0
0.0,1060.7218438797727,1172.9124699678746,0.0,0.0,1.0,105.0
0.0,1049.2199694577494,1154.5567855653544,0.0,0.0,1.0,105.0
0.0,1055.7415309481335,1149.8318560989687,0.0,0.0,1.0,105.0
0.0,1028.2601322333603,1153.2855013403282,0.0,0.0,1.0,105.0
0.0,1046.8563584203125,1172.1472394323864,0.0,0.0,1.0,105.0
0.0,1045.5273494880284,1162.4091351218703,0.0,0.0,1.0,105.0
0.0,1038.4251198152192,1151.6005599813761,0.0,0.0,1.0,105.0
0.0,1016.0755324054303,1166.2045957425744,0.0,0.0,1.0,105.0
0.0,1033.6657315428406,1146.950547594939,0.0,0.0,1.0,105.0
0.0,1028.2468414551204,1191.5150218720282,0.0,0.0,1.0,105.0
0.0,1060.6987528264967,1155.8778343429194,0.0,0.0,1.0,105.0
0.0,999.7893836965936,1168.2529922110311,0.0,0.0,1.0,105.0
0.0,991.0924213802268,1206.1823424065597,0.0,0.0,1.0,105.0
0.0,1061.9997688822145,1168.3246302585403,0.0,0.0,1.0,105.0
0.0,1043.1355740650229,1145.5402988222522,0.0,0.0,1.0,105.0
0.0,1040.7527444393809,1157.2712102073783,0.0,0.0,1.0,105.0
0.0,1055.5105851811627,1155.2958670477046,0.0,0.0,1.0,105.0
0.0,1016.6402983696726,1152.0850755212405,0.0,0.0,1.0,105.0
0.0,1027.1303641441905,1131.1826773743342,0.0,0.0,1.0,105.0
0.0,1005.7848557607335,1154.7897678015638,0.0,0.0,1.0,105.0
0.0,1044.29303148813,1160.9829921793576,0.0,0.0,1.0,105.0
0.0,1035.1839356255464,1233.5508659165635,0.0,0.0,1.0,105.0
0.0,1040.4717898673812,1145.941631117635,0.0,0.0,1.0,105.0
0.0,1025.8639576041387,1161.935137974228,0.0,0.0,1.0,105.0
0.0,1091.3718742518918,1197.8492664220312,0.0,0.0,1.0,105.0
0.0,1078.1752722444285,1167.1016732547737,0.0,0.0,1.0,105.0
0.0,1115.8418359101138,1215.4022536973848,0.0,0.0,1.0,105.0
0.0,1098.617782070593,1189.2543783901028,0.0,0.0,1.0,105.0
0.0,1053.990532782424,1222.0677089321862,0.0,0.0,1.0,105.0
0.0,1081.791365571265,1242.0379518231193,0.0,0.0,1.0,105.0
0.0,1100.3101924584012,1180.2517752211693,0.0,0.0,1.0,105.0
0.0,1097.038390476146,1180.5320588426157,0.0,0.0,1.0,105.0
0.0,1125.2061936322862,1196.5595884835902,0.0,0.0,1.0,105.0
0.0,1099.5234599753862,1177.2076778956502,0.0,0.0,1.0,105.0
0.0,1092.9492225965064,1184.8747072581805,0.0,0.0,1.0,105.0
0.0,1067.7654362804788,1197.5070258283245,0.0,0.0,1.0,105.0
0.0,1093.5605039133138,1183.9665512479596,0.0,0.0,1.0,105.0
0.0,1121.0057130035739,1188.3880374660712,0.0,0.0,1.0,105.0
0.0,1082.9032257017348,1196.705614324359,0.0,0.0,1.0,105.0
0.0,1111.173409603496,1206.1430185381546,0.0,0.0,1.0,105.0
0.0,1097.564968952831,1212.1677150189457,0.0,0.0,1.0,105.0
0.0,1078.7625462234319,1172.2284713656254,0.0,0.0,1.0,105.0
0.0,1107.7537004716582,1178.5112183698793,0.0,0.0,1.0,105.0
0.0,1108.972731470596,1154.3542718748408,0.0,0.0,1.0,105.0
0.0,1120.5127712937829,1168.0139907333014,0.0,0.0,1.0,105.0
0.0,1092.9519894120735,1204.106035870327,0.0,0.0,1.0,105.0
0.0,1112.3145413392244,1218.9705574182499,0.0,0.0,1.0,105.0
0.0,1128.3393477020045,1180.8151911727323,0.0,0.0,1.0,105.0
0.0,1084.9615010725142,1179.9386480077392,0.0,0.0,1.0,105.0
0.0,1073.6253871757312,1183.0082752824392,0.0,0.0,1.0,105.0
0.0,1084.5217321254167,1176.0230470477231,0.0,0.0,1.0,105.0
0.0,1059.5816042650863,1147.125211274316,0.0,0.0,1.0,105.0
0.0,1092.6773270046879,1201.8369716376314,0.0,0.0,1.0,105.0
0.0,1096.7005187715276,1193.5844035876726,0.0,0.0,1.0,105.0
0.0,1100.4653432255004,1176.3455986551776,0.0,0.0,1.0,105.0
0.0,1063.3350669355036,1163.7301597857577,0.0,0.0,1.0,105.0
0.0,1087.5068333902404,1207.7074825248578,0.0,0.0,1.0,105.0
0.0,1115.096589765341,1209.9986678075015,0.0,0.0,1.0,105.0
0.0,1066.892788217518,1192.5733488704727,0.0,0.0,1.0,105.0
0.0,1093.5680932074079,1187.4736347608741,0.0,0.0,1.0,105.0
0.0,1109.7368153824013,1182.3651215383215,0.0,0.0,1.0,105.0
0.0,1101.167420078748,1217.0786867096704,0.0,0.0,1.0,105.0
0.0,1101.748611076117,1190.1742208378764,0.0,0.0,1.0,105.0
0.0,1063.885947600615,1176.4812039850003,0.0,0.0,1.0,105.0
0.0,1121.767489563019,1247.5683618666985,0.0,0.0,1.0,105.0
0.0,1095.1420176069328,1252.7498007383901,0.0,0.0,1.0,105.0
0.0,1134.315308164952,1237.1043445335963,0.0,0.0,1.0,105.0
0.0,1067.3928440579493,1230.5618539113202,0.0,0.0,1.0,105.0
0.0,1063.2967103285569,1275.9987670600963,0.0,0.0,1.0,105.0
0.0,1106.2424834122285,1263.3342163616471,0.0,0.0,1.0,105.0
0.0,1116.5797412937409,1242.9427641524735,0.0,0.0,1.0,105.0
0.0,1124.7841195561973,1246.0134304328249,0.0,0.0,1.0,105.0
0.0,1118.8156557259504,1263.890286796373,0.0,0.0,1.0,105.0
0.0,1107.176397154204,1264.1851849279765,0.0,0.0,1.0,105.0
0.0,1109.3120442783866,1220.0789611035825,0.0,0.0,1.0,105.0
0.0,1103.346004524336,1238.497366767786,0.0,0.0,1.0,105.0
0.0,1123.688829663423,1258.8394904153847,0.0,0.0,1.0,105.0
0.0,1090.8740394212987,1267.0514459016017,0.0,0.0,1.0,105.0
0.0,1106.6100121228665,1256.5505002926088,0.0,0.0,1.0,105.0
0.0,1140.388220217223,1252.6278413769423,0.0,0.0,1.0,105.0
0.0,1097.5346516800619,1301.384703488185,0.0,0.0,1.0,105.0
0.0,1142.46133733332,1258.3832493557265,0.0,0.0,1.0,105.0
0.0,1110.4195925712834,1277.5149470927727,0.0,0.0,1.0,105.0
0.0,1123.4098175232893,1248.0632454793922,0.0,0.0,1.0,105.0
0.0,1111.3180409998763,1259.1354915638753,0.0,0.0,1.0,105.0
0.0,1122.811752773528,1273.2828602320533,0.0,0.0,1.0,105.0
0.0,1119.9360938022742,1207.4516927417976,0.0,0.0,1.0,105.0
0.0,1087.595907255899,1229.3755973278785,0.0,0.0,1.0,105.0
0.0,1133.4688575938258,1246.5872708795196,0.0,0.0,1.0,105.0
0.0,1093.844774543892,1267.7135536440032,0.0,0.0,1.0,105.0
0.0,1116.9823381966344,1231.3230810373784,0.0,0.0,1.0,105.0
0.0,1128.5049757299262,1263.3340970618028,0.0,0.0,1.0,105.0
0.0,1125.8020437211658,1235.814061249126,0.0,0.0,1.0,105.0
0.0,1097.1023055698165,1205.5678183270393,0.0,0.0,1.0,105.0
0.0,1119.8935050743162,1260.7238278195173,0.0,0.0,1.0,105.0
0.0,1121.830595205829,1238.3395443039162,0.0,0.0,1.0,105.0
0.0,1107.2325887623815,1268.1653787460782,0.0,0.0,1.0,105.0
0.0,1109.4750478087203,1243.6051490383607,0.0,0.0,1.0,105.0
0.0,1114.098780607062,1237.9367568338494,0.0,0.0,1.0,105.0
0.0,1116.3098880582543,1244.9268626297944,0.0,0.0,1.0,105.0
0.0,1102.4567744029378,1221.92625755896,0.0,0.0,1.0,105.0
0.0,1132.617245697228,1265.02689253053,0.0,0.0,1.0,105.0
0.0,1123.5829091774344,1236.4163975639176,0.0,0.0,1.0,105.0
0.0,1119.5112047568027,1211.4499535460127,0.0,0.0,1.0,105.0
0.0,1064.6072167690154,1303.5424047943652,0.0,0.0,1.0,105.0
0.0,1062.9952428816441,1320.0595999708648,0.0,0.0,1.0,105.0
0.0,1094.9674065334134,1288.7903074041055,0.0,0.0,1.0,105.0
0.0,1076.1069296231526,1324.572792617465,0.0,0.0,1.0,105.0
0.0,1086.6715384556815,1284.3872100392573,0.0,0.0,1.0,105.0
0.0,1090.9445378822447,1309.6252262983803,0.0,0.0,1.0,105.0
0.0,1085.843223322292,1316.6909247171943,0.0,0.0,1.0,105.0
0.0,1068.3009865251593,1329.1473443922469,0.0,0.0,1.0,105.0
0.0,1100.6500031202768,1329.5613987998076,0.0,0.0,1.0,105.0
0.0,1063.9956431182964,1317.0761139938113,0.0,0.0,1.0,105.0
0.0,1102.495246427729,1306.8454574131197,0.0,0.0,1.0,105.0
0.0,1078.1166676382663,1326.3689342302096,0.0,0.0,1.0,105.0
0.0,1081.5416161434755,1327.7103743770795,0.0,0.0,1.0,105.0
0.0,1073.953394401587,1311.8366363585042,0.0,0.0,1.0,105.0
0.0,1080.4287553867457,1318.5159969216456,0.0,0.0,1.0,105.0
0.0,1043.8620603647328,1278.4661020133217,0.0,0.0,1.0,105.0
0.0,1082.7538145895346,1264.4857634845334,0.0,0.0,1.0,105.0
0.0,1112.3680258710788,1314.0048585763452,0.0,0.0,1.0,105.0
0.0,1111.694208531047,1327.1408323141977,0.0,0.0,1.0,105.0
0.0,1057.6321795526173,1310.5315951621333,0.0,0.0,1.0,105.0
0.0,1099.422074543861,1300.4817485422654,0.0,0.0,1.0,105.0
0.0,1078.9780098701199,1314.9600500457482,0.0,0.0,1.0,105.0
0.0,1072.336332634523,1268.2747274373505,0.0,0.0,1.0,105.0
0.0,1062.3597088156516,1292.782284439194,0.0,0.0,1.0,105.0
0.0,1072.1262742772678,1317.1449932152414,0.0,0.0,1.0,105.0
0.0,1073.0598011720626,1311.6762906625454,0.0,0.0,1.0,105.0
0.0,1091.8262323073327,1314.8252583993562,0.0,0.0,1.0,105.0
0.0,1074.8473371217228,1335.4536947565475,0.0,0.0,1.0,105.0
0.0,1066.8975625284234,1312.4971130009944,0.0,0.0,1.0,105.0
0.0,1076.9504341197776,1321.4135878961933,0.0,0.0,1.0,105.0
0.0,1113.5951767373213,1286.3248816939413,0.0,0.0,1.0,105.0
0.0,1085.0787482880119,1274.132862779401,0.0,0.0,1.0,105.0
0.0,1088.1182318465803,1292.198146549038,0.0,0.0,1.0,105.0
0.0,1082.4289322275322,1313.6031602639796,0.0,0.0,1.0,105.0
0.0,1067.740537868266,1311.055901633125,0.0,0.0,1.0,105.0
0.0,1089.1564895004062,1282.1171570625406,0.0,0.0,1.0,105.0
0.0,-1147.0987619113955,1097.0288059767126,0.0,0.0,1.0,106.0
0.0,-1172.8575286527903,1068.9586865461574,0.0,0.0,1.0,106.0
0.0,-1128.0352686972842,1103.2728444792492,0.0,0.0,1.0,106.0
0.0,-1169.8872837041486,1079.4112906285195,0.0,0.0,1.0,106.0
0.0,-1150.9688739580015,1075.5188134181512,0.0,0.0,1.0,106.0
0.0,-1126.6811466393794,1098.7115481167752,0.0,0.0,1.0,106.0
0.0,-1135.0802414864568,1066.270838498508,0.0,0.0,1.0,106.0
0.0,-1139.120436647566,1105.988318589953,0.0,0.0,1.0,106.0
0.0,-1147.8820915441893,1103.6839945624251,0.0,0.0,1.0,106.0
0.0,-1161.0397431574665,1088.4938546542244,0.0,0.0,1.0,106.0
0.0,-1150.4724216280804,1107.0096299032284,0.0,0.0,1.0,106.0
0.0,-1137.2959535073578,1087.6992661068962,0.0,0.0,1.0,106.0
0.0,-1156.8850740551802,1075.7359937286387,0.0,0.0,1.0,106.0
0.0,-1161.3230012007643,1107.0685510500607,0.0,0.0,1.0,106.0
0.0,-1078.76570275137,1125.9180856429412,0.0,0.0,1.0,106.0
0.0,-1112.340528696828,1100.7160108026878,0.0,0.0,1.0,106.0
0.0,-1123.3415058327935,1109.901950729171,0.0,0.0,1.0,106.0
0.0,-1131.7260433419292,1095.203271505794,0.0,0.0,1.0,106.0
0.0,-1167.1825014041867,1095.6130880854803,0.0,0.0,1.0,106.0
0.0,-1123.5928744448008,1087.0792121502595,0.0,0.0,1.0,106.0
0.0,-1150.5863542270843,1117.6578074195932,0.0,0.0,1.0,106.0
0.0,-1147.8636570612543,1118.9864341208622,0.0,0.0,1.0,106.0
0.0,-1167.5266538778365,1092.2948656093845,0.0,0.0,1.0,106.0
0.0,-1108.565150357904,1129.6886873559797,0.0,0.0,1.0,106.0
0.0,-1155.7912381960973,1095.5351595196616,0.0,0.0,1.0,106.0
0.0,-1104.7081651243288,1098.7119505542241,0.0,0.0,1.0,106.0
0.0,-1128.233473282388,1074.0274478249626,0.0,0.0,1.0,106.0
0.0,-1114.8947201897404,1043.2454887770891,0.0,0.0,1.0,106.0
0.0,-1137.6748775320598,1075.4110989015926,0.0,0.0,1.0,106.0
0.0,-1104.740002850684,1112.0864321760855,0.0,0.0,1.0,106.0
0.0,-1107.3339521254934,1074.7297215082335,0.0,0.0,1.0,106.0
0.0,-1084.3953001035156,1075.9712525464952,0.0,0.0,1.0,106.0
0.0,-1076.7412700795908,1078.951058707412,0.0,0.0,1.0,106.0
0.0,-1100.1526914564085,1073.0267641428027,0.0,0.0,1.0,106.0
0.0,-1081.2327169814607,1064.0549583417865,0.0,0.0,1.0,106.0
0.0,-1102.9971694999772,1086.6111521539842,0.0,0.0,1.0,106.0
0.0,-1117.330062680078,1086.3096215508376,0.0,0.0,1.0,106.0
0.0,-1098.9897471508302,1101.3790816501496,0.0,0.0,1.0,106.0
0.0,-1102.8646738707755,1078.65588662362,0.0,0.0,1.0,106.0
0.0,-1091.9976416788975,1067.2197576588887,0.0,0.0,1.0,106.0
0.0,-1073.7359901407608,1061.8225414558992,0.0,0.0,1.0,106.0
0.0,-1085.2530956137498,1068.9163341363492,0.0,0.0,1.0,106.0
0.0,-1096.1757746407159,1067.246885225145,0.0,0.0,1.0,106.0
0.0,-1090.3653225258852,1072.3578086147118,0.0,0.0,1.0,106.0
0.0,-1113.5516718521237,1082.6582788482347,0.0,0.0,1.0,106.0
0.0,-1134.925580426958,1075.9703923001366,0.0,0.0,1.0,106.0
0.0,-1098.4450673854938,1069.4978803604236,0.0,0.0,1.0,106.0
0.0,-1121.144796555057,1068.224503764547,0.0,0.0,1.0,106.0
0.0,-1104.2196636526755,1081.0315519833885,0.0,0.0,1.0,106.0
0.0,-1079.0089290672945,1059.0424055670546,0.0,0.0,1.0,106.0
0.0,-1097.5956375869637,1068.046930222466,0.0,0.0,1.0,106.0
0.0,-1096.3526786027567,1040.5218550801956,0.0,0.0,1.0,106.0
0.0,-1112.4704401082772,1062.353005427055,0.0,0.0,1.0,106.0
0.0,-1091.8964026586348,1069.5562272471348,0.0,0.0,1.0,106.0
0.0,-1102.4243448991604,1033.8334980863083,0.0,0.0,1.0,106.0
0.0,-1105.6518806972174,1119.7175331041244,0.0,0.0,1.0,106.0
0.0,-1046.0813863346523,1076.367736445411,0.0,0.0,1.0,106.0
0.0,-1058.8497769001672,1102.717879609867,0.0,0.0,1.0,106.0
0.0,-1028.7126992086085,1086.9398285890943,0.0,0.0,1.0,106.0
0.0,-1079.0911483707748,1105.1388087205814,0.0,0.0,1.0,106.0
0.0,-1029.8139090722993,1089.7981871018692,0.0,0.0,1.0,106.0
0.0,-1046.1370281131963,1095.408247168295,0.0,0.0,1.0,106.0
0.0,-1063.4403144983905,1088.4898526986499,0.0,0.0,1.0,106.0
0.0,-1042.8322048765149,1076.5217238523655,0.0,0.0,1.0,106.0
0.0,-1009.3617706212365,1106.1164040408912,0.0,0.0,1.0,106.0
0.0,-1059.9045866045358,1072.6612197261966,0.0,0.0,1.0,106.0
0.0,-1074.145254496107,1089.5895254016345,0.0,0.0,1.0,106.0
0.0,-1048.7714346995162,1148.0593041003008,0.0,0.0,1.0,106.0
0.0,-1085.1019858420518,1062.9904204435798,0.0,0.0,1.0,106.0
0.0,-1052.0298206113773,1090.1346115349334,0.0,0.0,1.0,106.0
0.0,-1044.892978235958,1095.5506921166216,0.0,0.0,1.0,106.0
0.0,-1041.8919985257257,1064.6803684342376,0.0,0.0,1.0,106.0
0.0,-1058.1680845787512,1062.1305413008013,0.0,0.0,1.0,106.0
0.0,-1058.271897267078,1111.317675707488,0.0,0.0,1.0,106.0
0.0,-1053.6508613087337,1130.5623870112813,0.0,0.0,1.0,106.0
0.0,-1043.837093974349,1093.593898392162,0.0,0.0,1.0,106.0
0.0,-1024.3134700574292,1113.1372656676513,0.0,0.0,1.0,106.0
0.0,-1046.485750254999,1066.9306480121036,0.0,0.0,1.0,106.0
0.0,-1052.7064054881632,1076.6832025533568,0.0,0.0,1.0,106.0
0.0,-1055.3664726443603,1087.0661056816225,0.0,0.0,1.0,106.0
0.0,-1036.5950759509824,1079.852017030752,0.0,0.0,1.0,106.0
0.0,-1042.7842104274828,1077.9395553111635,0.0,0.0,1.0,106.0
0.0,-1046.3229779611067,1093.2025338390795,0.0,0.0,1.0,106.0
0.0,-1054.133403715618,1116.5929762651267,0.0,0.0,1.0,106.0
0.0,-1053.720271859271,1063.639939327324,0.0,0.0,1.0,106.0
0.0,-1049.1430913259596,1082.4076342526578,0.0,0.0,1.0,106.0
0.0,-1007.9300973123964,1136.574642150566,0.0,0.0,1.0,106.0
0.0,-1038.069865983081,1154.8341450474436,0.0,0.0,1.0,106.0
0.0,-1016.7335352203686,1134.374047820178,0.0,0.0,1.0,106.0
0.0,-1087.4967250171392,1128.7279834996934,0.0,0.0,1.0,106.0
0.0,-1021.4050795221451,1126.1454597787038,0.0,0.0,1.0,106.0
0.0,-1030.5266616099855,1127.7418921413623,0.0,0.0,1.0,106.0
0.0,-1012.6321629822137,1112.5446770073017,0.0,0.0,1.0,106.0
0.0,-1032.1717599025567,1125.2235672016523,0.0,0.0,1.0,106.0
0.0,-1050.9383108213146,1138.1461035876,0.0,0.0,1.0,106.0
0.0,-1024.252915591085,1128.2653570613547,0.0,0.0,1.0,106.0
0.0,-1018.4268333394923,1117.7356903877271,0.0,0.0,1.0,106.0
0.0,-1030.925537563525,1151.1506828769734,0.0,0.0,1.0,106.0
0.0,-1020.5266341869753,1117.4807282783768,0.0,0.0,1.0,106.0
0.0,-1022.5540643666127,1105.7675017930642,0.0,0.0,1.0,106.0
0.0,-1016.219847365742,1130.4553412185123,0.0,0.0,1.0,106.0
0.0,-1010.2329903369898,1091.3486124333385,0.0,0.0,1.0,106.0
0.0,-1019.9429189469367,1144.9826096475012,0.0,0.0,1.0,106.0
0.0,-1032.8676845085392,1116.4761542397828,0.0,0.0,1.0,106.0
0.0,-1000.7895062425198,1144.3680282021896,0.0,0.0,1.0,106.0
0.0,-1029.0894952464319,1140.82210251384,0.0,0.0,1.0,106.0
0.0,-1031.1183348672594,1110.2726713571583,0.0,0.0,1.0,106.0
0.0,-1075.334205719912,1137.578641347477,0.0,0.0,1.0,106.0
0.0,-1040.0408476799882,1116.493897229645,0.0,0.0,1.0,106.0
0.0,-1007.3891862798605,1132.3638410477106,0.0,0.0,1.0,106.0
0.0,-990.698941904212,1114.5483722458298,0.0,0.0,1.0,106.0
0.0,-1005.9652302532465,1113.3591505357276,0.0,0.0,1.0,106.0
0.0,-1014.8219101350942,1112.8475698939346,0.0,0.0,1.0,106.0
0.0,-1014.010282226463,1108.4942162314755,0.0,0.0,1.0,106.0
0.0,-1028.5257667968272,1121.8628711443712,0.0,0.0,1.0,106.0
0.0,-1029.5577522151523,1126.1710701163825,0.0,0.0,1.0,106.0
0.0,-1036.0594584164583,1111.202817721196,0.0,0.0,1.0,106.0
0.0,-1066.1058311542977,1114.4901510229874,0.0,0.0,1.0,106.0
0.0,-1036.7005846456495,1137.410827548751,0.0,0.0,1.0,106.0
0.0,-1023.540010447316,1108.4154710489743,0.0,0.0,1.0,106.0
0.0,-1040.4280801586476,1189.4963099086435,0.0,0.0,1.0,106.0
0.0,-1016.0921052422184,1185.23382809725,0.0,0.0,1.0,106.0
0.0,-1033.9056634158371,1173.8882754490169,0.0,0.0,1.0,106.0
0.0,-1033.4482493934534,1207.7516525859783,0.0,0.0,1.0,106.0
0.0,-1026.807130790826,1150.1652772233965,0.0,0.0,1.0,106.0
0.0,-1037.6643754359689,1188.4862892566994,0.0,0.0,1.0,106.0
0.0,-1031.3438376837773,1213.6517266128085,0.0,0.0,1.0,106.0
0.0,-1033.9826031299806,1176.4886607781282,0.0,0.0,1.0,106.0
0.0,-1050.101167549915,1167.2009730063182,0.0,0.0,1.0,106.0
0.0,-1049.1855676781634,1209.8861702650229,0.0,0.0,1.0,106.0
0.0,-1028.9050786179046,1181.8857142719053,0.0,0.0,1.0,106.0
0.0,-1024.686050204817,1156.9675086571574,0.0,0.0,1.0,106.0
0.0,-1027.152568540401,1145.9524545723789,0.0,0.0,1.0,106.0
0.0,-1040.0408133909284,1196.8394820265694,0.0,0.0,1.0,106.0
0.0,-1039.9204666146268,1184.3540279542808,0.0,0.0,1.0,106.0
0.0,-1023.1022813581556,1194.605947870209,0.0,0.0,1.0,106.0
0.0,-1095.5409331138535,1169.6498824046812,0.0,0.0,1.0,106.0
0.0,-1064.1347979801287,1178.1383704631544,0.0,0.0,1.0,106.0
0.0,-1064.7469769699694,1166.7537879460042,0.0,0.0,1.0,106.0
0.0,-1049.0681470707027,1151.5361497656677,0.0,0.0,1.0,106.0
0.0,-1053.0921211919654,1209.559990606755,0.0,0.0,1.0,106.0
0.0,-1027.4876416461727,1187.7050408530454,0.0,0.0,1.0,106.0
0.0,-1036.4150953719536,1180.272600981361,0.0,0.0,1.0,106.0
0.0,-1050.611283744215,1146.2415660270199,0.0,0.0,1.0,106.0
0.0,-1087.4587208022979,1136.2931825379655,0.0,0.0,1.0,106.0
0.0,-1043.9838998817775,1170.1682591106987,0.0,0.0,1.0,106.0
0.0,-1013.6241806451715,1160.9352368495656,0.0,0.0,1.0,106.0
0.0,-1076.4233663824357,1174.1756186791008,0.0,0.0,1.0,106.0
0.0,-1083.7882148896138,1226.3860158723974,0.0,0.0,1.0,106.0
0.0,-1095.1699547362095,1176.1799799604091,0.0,0.0,1.0,106.0
0.0,-1107.3281883228951,1150.141804328835,0.0,0.0,1.0,106.0
0.0,-1071.2754444640022,1197.2979800301482,0.0,0.0,1.0,106.0
0.0,-1095.9790860938706,1185.8208691068621,0.0,0.0,1.0,106.0
0.0,-1065.5971634026223,1202.8944837546796,0.0,0.0,1.0,106.0
0.0,-1090.000742730408,1224.5679340417687,0.0,0.0,1.0,106.0
0.0,-1096.1959686275309,1165.2395175347965,0.0,0.0,1.0,106.0
0.0,-1070.1225504105048,1225.7347274505846,0.0,0.0,1.0,106.0
0.0,-1070.4828340064216,1210.4235555058726,0.0,0.0,1.0,106.0
0.0,-1083.8458016546044,1224.6629948084747,0.0,0.0,1.0,106.0
0.0,-1071.5066735535222,1215.27413990484,0.0,0.0,1.0,106.0
0.0,-1073.054500596721,1181.6828227286737,0.0,0.0,1.0,106.0
0.0,-1068.7482437449955,1212.1150260766626,0.0,0.0,1.0,106.0
0.0,-1064.1414115299065,1173.5150589651753,0.0,0.0,1.0,106.0
0.0,-1074.8678216691137,1207.440139367386,0.0,0.0,1.0,106.0
0.0,-1090.6282916004113,1221.094299408267,0.0,0.0,1.0,106.0
0.0,-1073.3042529771587,1197.094887409502,0.0,0.0,1.0,106.0
0.0,-1060.5555970221637,1230.6319284557303,0.0,0.0,1.0,106.0
0.0,-1090.850597779943,1196.6029829567087,0.0,0.0,1.0,106.0
0.0,-1086.934340489383,1225.1122329309696,0.0,0.0,1.0,106.0
0.0,-1073.9740536191484,1198.194634064988,0.0,0.0,1.0,106.0
0.0,-1029.6952082073028,1190.5650044249041,0.0,0.0,1.0,106.0
0.0,-1092.4579026001347,1202.9381154485104,0.0,0.0,1.0,106.0
0.0,-1089.3721819531102,1196.2130885573429,0.0,0.0,1.0,106.0
0.0,-1078.089571830919,1214.110643343909,0.0,0.0,1.0,106.0
0.0,-1133.8086234360626,1155.4040015090277,0.0,0.0,1.0,106.0
0.0,-1128.135039129417,1155.4423523481623,0.0,0.0,1.0,106.0
0.0,-1087.9535622862795,1201.0151693547232,0.0,0.0,1.0,106.0
0.0,-1085.9322181720545,1214.9663373425947,0.0,0.0,1.0,106.0
0.0,-1060.044385252565,1212.6681345220095,0.0,0.0,1.0,106.0
0.0,-1090.466781471401,1216.339079730868,0.0,0.0,1.0,106.0
0.0,-1076.4929649998876,1194.1049683655638,0.0,0.0,1.0,106.0
0.0,-1096.2287446404875,1206.5071410268547,0.0,0.0,1.0,106.0
0.0,-1114.8706648779369,1220.9213017340953,0.0,0.0,1.0,106.0
0.0,-1081.9114603216842,1206.8335224096945,0.0,0.0,1.0,106.0
0.0,-1092.2913849420938,1175.455553025723,0.0,0.0,1.0,106.0
0.0,-1085.4570163792569,1208.689695217879,0.0,0.0,1.0,106.0
0.0,-1096.883229868342,1193.9159836470008,0.0,0.0,1.0,106.0
0.0,-1118.0813165166574,1179.174620845407,0.0,0.0,1.0,106.0
0.0,-1128.0209980123286,1174.7739417967914,0.0,0.0,1.0,106.0
0.0,-1159.5702687321316,1189.5421336916925,0.0,0.0,1.0,106.0
0.0,-1150.4211713261266,1151.7371906544372,0.0,0.0,1.0,106.0
0.0,-1113.1639726052742,1160.5191215475406,0.0,0.0,1.0,106.0
0.0,-1141.8513308633076,1184.177124372709,0.0,0.0,1.0,106.0
0.0,-1149.7176162548135,1206.2435762474524,0.0,0.0,1.0,106.0
0.0,-1101.6432750384777,1196.1812675888036,0.0,0.0,1.0,106.0
0.0,-1133.2425121254282,1221.4575818764115,0.0,0.0,1.0,106.0
0.0,-1159.3834685347188,1197.9837914464943,0.0,0.0,1.0,106.0
0.0,-1117.1400769295685,1189.3070802045704,0.0,0.0,1.0,106.0
0.0,-1090.6104637179503,1183.7481499333394,0.0,0.0,1.0,106.0
0.0,-1115.4515593678414,1191.3516699335014,0.0,0.0,1.0,106.0
0.0,-1103.678655890476,1196.7872214330164,0.0,0.0,1.0,106.0
0.0,-1143.707037218243,1174.4229870202262,0.0,0.0,1.0,106.0
0.0,-1173.0609657687455,1182.5053789490948,0.0,0.0,1.0,106.0
0.0,-1153.4853558145908,1200.9300419745668,0.0,0.0,1.0,106.0
0.0,-1136.7878387923836,1197.752257490054,0.0,0.0,1.0,106.0
0.0,-1121.7995699198002,1194.5176706994484,0.0,0.0,1.0,106.0
0.0,-1154.095643332387,1174.1786617463786,0.0,0.0,1.0,106.0
0.0,-1101.0926117215026,1167.8496412817767,0.0,0.0,1.0,106.0
0.0,-1124.831295897693,1176.061101870785,0.0,0.0,1.0,106.0
0.0,-1120.3388812829035,1198.4848883554823,0.0,0.0,1.0,106.0
0.0,-1145.2658620447405,1199.2811450668914,0.0,0.0,1.0,106.0
0.0,-1115.1724894774322,1206.6549575291688,0.0,0.0,1.0,106.0
0.0,-1098.7063490311305,1184.0982410176125,0.0,0.0,1.0,106.0
0.0,-1135.5196152422916,1164.087886069487,0.0,0.0,1.0,106.0
0.0,-1133.4333824936382,1170.2850749694371,0.0,0.0,1.0,106.0
0.0,-1144.067194688228,1201.2221974534887,0.0,0.0,1.0,106.0
0.0,-1132.4930927030343,1214.165413080534,0.0,0.0,1.0,106.0
0.0,-1137.1486370632992,1173.5789771873724,0.0,0.0,1.0,106.0
0.0,-1124.488026291985,1146.896201142482,0.0,0.0,1.0,106.0
0.0,-1171.516413982235,1137.0130893320415,0.0,0.0,1.0,106.0
0.0,-1186.3317601461847,1134.121057856989,0.0,0.0,1.0,106.0
0.0,-1150.3543705121442,1155.3974141627668,0.0,0.0,1.0,106.0
0.0,-1171.798077896297,1145.1495319102232,0.0,0.0,1.0,106.0
0.0,-1155.086227058697,1138.8000041508571,0.0,0.0,1.0,106.0
0.0,-1155.4675376840955,1142.4276023841699,0.0,0.0,1.0,106.0
0.0,-1150.1686204424623,1173.2618844201388,0.0,0.0,1.0,106.0
0.0,-1135.013012494797,1158.0917494639361,0.0,0.0,1.0,106.0
0.0,-1183.0766075999845,1163.4278107789705,0.0,0.0,1.0,106.0
0.0,-1110.9593478205772,1125.7673522238497,0.0,0.0,1.0,106.0
0.0,-1164.4008800428621,1154.1427781125662,0.0,0.0,1.0,106.0
0.0,-1157.8116754784674,1162.7238638971962,0.0,0.0,1.0,106.0
0.0,-1170.8265757366357,1156.575907709158,0.0,0.0,1.0,106.0
0.0,-1134.6525530601155,1145.0902271738555,0.0,0.0,1.0,106.0
0.0,-1170.2515624265698,1133.2861161142382,0.0,0.0,1.0,106.0
0.0,-1158.5478440987279,1155.1055725303254,0.0,0.0,1.0,106.0
0.0,-1152.99746319831,1166.2318273771807,0.0,0.0,1.0,106.0
0.0,-1158.73039122243,1164.0456216001157,0.0,0.0,1.0,106.0
0.0,-1143.7590339976787,1142.3046931148247,0.0,0.0,1.0,106.0
0.0,-1139.3975079223617,1116.543009432684,0.0,0.0,1.0,106.0
0.0,-1138.883701232417,1132.4303272188736,0.0,0.0,1.0,106.0
0.0,-1167.6512099669994,1158.5938117902683,0.0,0.0,1.0,106.0
0.0,-1149.9865885216718,1130.3089921329356,0.0,0.0,1.0,106.0
0.0,-1165.3722266546824,1150.1050184226128,0.0,0.0,1.0,106.0
0.0,-1138.4681291144893,1182.7451688287847,0.0,0.0,1.0,106.0
0.0,-1143.3766736744446,1152.1391768271337,0.0,0.0,1.0,106.0
0.0,-1149.5837034805213,1134.609642580046,0.0,0.0,1.0,106.0
0.0,-1127.046238267397,1126.5206977743019,0.0,0.0,1.0,106.0
0.0,-1175.9980928385364,1162.9861081710546,0.0,0.0,1.0,106.0
0.0,-1155.4553406044993,1135.1555778315565,0.0,0.0,1.0,106.0
0.0,-1177.3411301024105,1162.3648440411744,0.0,0.0,1.0,106.0
0.0,-1146.8134143543311,1122.4882624791558,0.0,0.0,1.0,106.0
0.0,-1141.845527842927,1146.6096049386601,0.0,0.0,1.0,106.0
0.0,-1137.2563572809888,1160.1872857953294,0.0,0.0,1.0,106.0
0.0,-1141.3342598556062,1152.575038773206,0.0,0.0,1.0,106.0
0.0,-1174.3886360160259,1153.2206544583078,0.0,0.0,1.0,106.0
0.0,-1171.118529692045,1140.578314442706,0.0,0.0,1.0,106.0
0.0,-1266.7182118432477,950.4281960404469,0.0,0.0,1.0,107.0
0.0,-1258.9111399174083,912.8579138756281,0.0,0.0,1.0,107.0
0.0,-1266.1870633161896,916.9804610934461,0.0,0.0,1.0,107.0
0.0,-1287.3678606940805,907.9106619419154,0.0,0.0,1.0,107.0
0.0,-1261.1758809142946,926.7244485216243,0.0,0.0,1.0,107.0
0.0,-1275.1746762450907,929.3989167422819,0.0,0.0,1.0,107.0
0.0,-1278.0951331169474,927.8670542609007,0.0,0.0,1.0,107.0
0.0,-1253.892110021728,930.2621781431262,0.0,0.0,1.0,107.0
0.0,-1248.159618922368,935.0457492969895,0.0,0.0,1.0,107.0
0.0,-1235.6976538557044,964.2560224733179,0.0,0.0,1.0,107.0
0.0,-1269.536400738671,915.3605846438645,0.0,0.0,1.0,107.0
0.0,-1243.9199453876315,962.4826292977632,0.0,0.0,1.0,107.0
0.0,-1300.3443643345681,926.3552982224787,0.0,0.0,1.0,107.0
0.0,-1269.6744174176472,925.2206598348548,0.0,0.0,1.0,107.0
0.0,-1255.1519805049236,857.2743289736541,0.0,0.0,1.0,107.0
0.0,-1246.1533525972902,891.5717013160556,0.0,0.0,1.0,107.0
0.0,-1262.9815912868514,969.0790907920427,0.0,0.0,1.0,107.0
0.0,-1264.6762753408061,944.1005282377128,0.0,0.0,1.0,107.0
0.0,-1245.4888475873438,909.5017960913792,0.0,0.0,1.0,107.0
0.0,-1297.7502930050712,952.1655064293882,0.0,0.0,1.0,107.0
0.0,-1273.051972286187,921.0017142796496,0.0,0.0,1.0,107.0
0.0,-1251.9513338245292,976.6028922799696,0.0,0.0,1.0,107.0
0.0,-1301.0211101769555,948.8070586858298,0.0,0.0,1.0,107.0
0.0,-1263.5739474849731,909.6928351094266,0.0,0.0,1.0,107.0
0.0,-1270.463137220255,931.3598116717394,0.0,0.0,1.0,107.0
0.0,-1258.8699083929214,928.1772802585874,0.0,0.0,1.0,107.0
0.0,-1242.179326178593,937.2588982457378,0.0,0.0,1.0,107.0
0.0,-1247.1222232945306,921.7292583742883,0.0,0.0,1.0,107.0
0.0,-1266.0574396095956,919.4443733735325,0.0,0.0,1.0,107.0
0.0,-1262.5672846629982,916.0933826271739,0.0,0.0,1.0,107.0
0.0,-1271.6181068820783,930.7797865645434,0.0,0.0,1.0,107.0
0.0,-1257.5314383387972,936.3618239813063,0.0,0.0,1.0,107.0
0.0,-1251.8281980073352,924.8686877608561,0.0,0.0,1.0,107.0
0.0,-1226.7318590600642,900.3950407935922,0.0,0.0,1.0,107.0
0.0,-1211.717824837993,870.7927839581907,0.0,0.0,1.0,107.0
0.0,-1198.7801488444634,925.529590403778,0.0,0.0,1.0,107.0
0.0,-1225.0271760525047,877.5545003157831,0.0,0.0,1.0,107.0
0.0,-1220.7985028092367,887.0953401767129,0.0,0.0,1.0,107.0
0.0,-1207.4054587995963,867.299473086392,0.0,0.0,1.0,107.0
0.0,-1237.759238608103,922.9302432934828,0.0,0.0,1.0,107.0
0.0,-1212.8898170489574,902.1516957753174,0.0,0.0,1.0,107.0
0.0,-1226.3575286619093,867.2361182400218,0.0,0.0,1.0,107.0
0.0,-1221.8535540925925,901.3979994758665,0.0,0.0,1.0,107.0
0.0,-1224.090340291194,885.1988236025045,0.0,0.0,1.0,107.0
0.0,-1217.983323586214,883.1061151430667,0.0,0.0,1.0,107.0
0.0,-1223.040397056956,896.044374813076,0.0,0.0,1.0,107.0
0.0,-1229.5862541771014,877.7359026386321,0.0,0.0,1.0,107.0
0.0,-1224.797003844513,899.454752850681,0.0,0.0,1.0,107.0
0.0,-1221.4942336225033,887.0518842231272,0.0,0.0,1.0,107.0
0.0,-1241.039765338723,878.2577562521783,0.0,0.0,1.0,107.0
0.0,-1220.9209974569064,869.9058263589077,0.0,0.0,1.0,107.0
0.0,-1223.582414381863,876.0222590508129,0.0,0.0,1.0,107.0
0.0,-1210.8671057781542,887.0601876644082,0.0,0.0,1.0,107.0
0.0,-1230.0298940194805,874.5895203244954,0.0,0.0,1.0,107.0
0.0,-1211.6387281113987,890.6618937907606,0.0,0.0,1.0,107.0
0.0,-1162.6162510070956,878.2715279013937,0.0,0.0,1.0,107.0
0.0,-1223.822924469954,880.3056192724771,0.0,0.0,1.0,107.0
0.0,-1207.8076330189222,905.2848237572221,0.0,0.0,1.0,107.0
0.0,-1236.8848371109873,910.1314357207907,0.0,0.0,1.0,107.0
0.0,-1262.7326888307462,951.5512926298238,0.0,0.0,1.0,107.0
0.0,-1182.76223083161,874.9275022684483,0.0,0.0,1.0,107.0
0.0,-1144.1800515489847,906.868081451973,0.0,0.0,1.0,107.0
0.0,-1151.5168439150452,867.8265340504013,0.0,0.0,1.0,107.0
0.0,-1152.8312401145874,882.1729836078152,0.0,0.0,1.0,107.0
0.0,-1143.0731869089673,895.2947899753249,0.0,0.0,1.0,107.0
0.0,-1139.5172479190492,894.0078516936283,0.0,0.0,1.0,107.0
0.0,-1166.1580640432194,880.559257848633,0.0,0.0,1.0,107.0
0.0,-1153.4037627300509,892.2415207907975,0.0,0.0,1.0,107.0
0.0,-1164.7360784050175,861.2397188390037,0.0,0.0,1.0,107.0
0.0,-1164.779035917004,884.3882168647642,0.0,0.0,1.0,107.0
0.0,-1163.0541266174573,881.1674233991989,0.0,0.0,1.0,107.0
0.0,-1145.497937359284,916.5257391576447,0.0,0.0,1.0,107.0
0.0,-1147.2488019353882,853.8471633599183,0.0,0.0,1.0,107.0
0.0,-1175.7247980423153,864.7965406502399,0.0,0.0,1.0,107.0
0.0,-1192.070911692626,926.7320300707456,0.0,0.0,1.0,107.0
0.0,-1145.8677630098005,883.8281307800862,0.0,0.0,1.0,107.0
0.0,-1161.6184852776162,865.7221409612648,0.0,0.0,1.0,107.0
0.0,-1146.7458671273266,861.2390162427319,0.0,0.0,1.0,107.0
0.0,-1173.4473506078632,862.642445059716,0.0,0.0,1.0,107.0
0.0,-1163.4826296279543,873.9851081204988,0.0,0.0,1.0,107.0
0.0,-1168.0802647948715,858.4318895770075,0.0,0.0,1.0,107.0
0.0,-1144.1682849826839,870.3791562244969,0.0,0.0,1.0,107.0
0.0,-1151.1112474901781,901.5648977722362,0.0,0.0,1.0,107.0
0.0,-1167.0783620789664,853.71481617275,0.0,0.0,1.0,107.0
0.0,-1158.9138428147846,876.2244434413483,0.0,0.0,1.0,107.0
0.0,-1172.4590317367401,914.3712726312524,0.0,0.0,1.0,107.0
0.0,-1166.9739466536482,881.6676185236993,0.0,0.0,1.0,107.0
0.0,-1132.2897299705621,920.9369310001834,0.0,0.0,1.0,107.0
0.0,-1156.3497502727837,912.365598128602,0.0,0.0,1.0,107.0
0.0,-1124.815648942429,891.7106546835862,0.0,0.0,1.0,107.0
0.0,-1095.936155135136,951.8597771034301,0.0,0.0,1.0,107.0
0.0,-1130.0096589374668,903.6603773952247,0.0,0.0,1.0,107.0
0.0,-1166.550500873314,886.6065528449403,0.0,0.0,1.0,107.0
0.0,-1107.637527017817,921.1103271123602,0.0,0.0,1.0,107.0
0.0,-1112.150273571111,890.2274344837438,0.0,0.0,1.0,107.0
0.0,-1114.4001614682552,928.7681310012849,0.0,0.0,1.0,107.0
0.0,-1086.382444384961,936.9452753240957,0.0,0.0,1.0,107.0
0.0,-1113.2714439415415,909.5064631684177,0.0,0.0,1.0,107.0
0.0,-1104.4392990864799,918.0834920686084,0.0,0.0,1.0,107.0
0.0,-1093.9728407083999,908.189121802865,0.0,0.0,1.0,107.0
0.0,-1085.9783796522624,952.1214983342147,0.0,0.0,1.0,107.0
0.0,-1107.8217476912926,913.6137837321103,0.0,0.0,1.0,107.0
0.0,-1119.2504636507979,900.5580522045393,0.0,0.0,1.0,107.0
0.0,-1104.8793027856375,947.0068578405944,0.0,0.0,1.0,107.0
0.0,-1106.2866197577146,907.0940917442749,0.0,0.0,1.0,107.0
0.0,-1108.8025137674915,922.3141354524587,0.0,0.0,1.0,107.0
0.0,-1153.3433590735349,910.9777844752762,0.0,0.0,1.0,107.0
0.0,-1124.5730797770798,922.157174363686,0.0,0.0,1.0,107.0
0.0,-1166.4470083238666,944.4300393670137,0.0,0.0,1.0,107.0
0.0,-1100.363147296486,928.8498997664606,0.0,0.0,1.0,107.0
0.0,-1083.8382090750445,918.258673138133,0.0,0.0,1.0,107.0
0.0,-1122.4245130079337,934.290463088822,0.0,0.0,1.0,107.0
0.0,-1134.6401546582345,969.3163209907048,0.0,0.0,1.0,107.0
0.0,-1127.576489219253,935.4515093795426,0.0,0.0,1.0,107.0
0.0,-1122.1899788594353,935.2196901220609,0.0,0.0,1.0,107.0
0.0,-1118.686917003038,936.0853595807666,0.0,0.0,1.0,107.0
0.0,-1127.5472079370456,916.7568446899209,0.0,0.0,1.0,107.0
0.0,-1127.3019583845644,984.8008616514626,0.0,0.0,1.0,107.0
0.0,-1143.9131198042724,980.4135053777536,0.0,0.0,1.0,107.0
0.0,-1107.5584332194965,920.8660882375043,0.0,0.0,1.0,107.0
0.0,-1143.30443188069,962.162928779584,0.0,0.0,1.0,107.0
0.0,-1161.2558453062884,945.9781910245983,0.0,0.0,1.0,107.0
0.0,-1093.1290063424933,989.6465461799826,0.0,0.0,1.0,107.0
0.0,-1075.8311440777302,993.9929413392019,0.0,0.0,1.0,107.0
0.0,-1141.517939383022,976.1340680419939,0.0,0.0,1.0,107.0
0.0,-1108.217327729197,996.4842517295588,0.0,0.0,1.0,107.0
0.0,-1156.8727921687648,955.3079718727572,0.0,0.0,1.0,107.0
0.0,-1167.5638763280335,999.8632753933762,0.0,0.0,1.0,107.0
0.0,-1124.3855556914411,1006.0451861633401,0.0,0.0,1.0,107.0
0.0,-1170.9885771321785,984.1465503622053,0.0,0.0,1.0,107.0
0.0,-1107.929149843453,965.76623847259,0.0,0.0,1.0,107.0
0.0,-1122.0328566388757,989.8291993177568,0.0,0.0,1.0,107.0
0.0,-1128.240828093397,982.734743707425,0.0,0.0,1.0,107.0
0.0,-1110.8152547086686,993.4941165599503,0.0,0.0,1.0,107.0
0.0,-1116.4327919244804,1020.7312721399626,0.0,0.0,1.0,107.0
0.0,-1159.3603024583315,941.1527353368692,0.0,0.0,1.0,107.0
0.0,-1088.185765492919,991.3085857330325,0.0,0.0,1.0,107.0
0.0,-1113.2516903982355,973.4226660164886,0.0,0.0,1.0,107.0
0.0,-1113.7718426645597,995.9795125284422,0.0,0.0,1.0,107.0
0.0,-1096.3306513630976,992.3112723076993,0.0,0.0,1.0,107.0
0.0,-1102.7204108520825,998.1719251269906,0.0,0.0,1.0,107.0
0.0,-1111.8267494148492,975.7621363181634,0.0,0.0,1.0,107.0
0.0,-1123.4146936393126,989.8048838264704,0.0,0.0,1.0,107.0
0.0,-1108.8499319699058,981.2496004207433,0.0,0.0,1.0,107.0
0.0,-1108.9747515207855,987.9127580982722,0.0,0.0,1.0,107.0
0.0,-1120.5140442404954,981.2949784278694,0.0,0.0,1.0,107.0
0.0,-1074.7790358041648,980.6454319541872,0.0,0.0,1.0,107.0
0.0,-1118.5959224420608,1002.2441017030287,0.0,0.0,1.0,107.0
0.0,-1136.141188658287,1029.9751655965388,0.0,0.0,1.0,107.0
0.0,-1156.9001240921677,1012.5663705679704,0.0,0.0,1.0,107.0
0.0,-1141.2096187688228,1018.261276420184,0.0,0.0,1.0,107.0
0.0,-1140.8834332229555,1023.9576191155688,0.0,0.0,1.0,107.0
0.0,-1154.0561239502078,1045.3528491255083,0.0,0.0,1.0,107.0
0.0,-1153.1074004720015,1019.2466377492442,0.0,0.0,1.0,107.0
0.0,-1126.397129867248,1029.8990106408605,0.0,0.0,1.0,107.0
0.0,-1166.528669022145,997.789638544783,0.0,0.0,1.0,107.0
0.0,-1149.107405472644,1034.5249282869363,0.0,0.0,1.0,107.0
0.0,-1161.2665668371235,1040.5854509201617,0.0,0.0,1.0,107.0
0.0,-1133.3877700898927,1053.1080951156487,0.0,0.0,1.0,107.0
0.0,-1167.9714427494757,1025.5655309702493,0.0,0.0,1.0,107.0
0.0,-1128.2015803901172,1012.4755994287598,0.0,0.0,1.0,107.0
0.0,-1157.897158537121,1018.3547396867907,0.0,0.0,1.0,107.0
0.0,-1163.702917602154,1030.6877460046453,0.0,0.0,1.0,107.0
0.0,-1159.3149256618324,1037.433641183935,0.0,0.0,1.0,107.0
0.0,-1140.0794561727423,1038.410601000934,0.0,0.0,1.0,107.0
0.0,-1150.3809118970398,999.1941339264786,0.0,0.0,1.0,107.0
0.0,-1117.36397612733,1021.6814895188659,0.0,0.0,1.0,107.0
0.0,-1124.7173572556271,973.0771703879232,0.0,0.0,1.0,107.0
0.0,-1125.7048831504246,1020.5235786619351,0.0,0.0,1.0,107.0
0.0,-1168.023908156509,1041.1343477178739,0.0,0.0,1.0,107.0
0.0,-1145.4015895955854,1045.5050898189684,0.0,0.0,1.0,107.0
0.0,-1149.2269601440778,1023.8874334615721,0.0,0.0,1.0,107.0
0.0,-1179.6662773761318,1015.0268703057282,0.0,0.0,1.0,107.0
0.0,-1151.8430046841847,1035.6079417604274,0.0,0.0,1.0,107.0
0.0,-1144.5222991613425,1039.203848643985,0.0,0.0,1.0,107.0
0.0,-1156.3106729882613,1024.9102850888944,0.0,0.0,1.0,107.0
0.0,-1153.555480112078,1018.3375581230785,0.0,0.0,1.0,107.0
0.0,-1158.8765540695606,1023.6206720108903,0.0,0.0,1.0,107.0
0.0,-1173.038078032977,1027.2893118492525,0.0,0.0,1.0,107.0
0.0,-1221.9964189008456,1034.028523320354,0.0,0.0,1.0,107.0
0.0,-1209.7390200527109,1019.7143997848802,0.0,0.0,1.0,107.0
0.0,-1220.8271136992118,1047.0050802669834,0.0,0.0,1.0,107.0
0.0,-1245.1396620951741,1029.7024724280304,0.0,0.0,1.0,107.0
0.0,-1209.9468318577096,1034.1637469592333,0.0,0.0,1.0,107.0
0.0,-1215.9931129468725,1024.9092280501936,0.0,0.0,1.0,107.0
0.0,-1226.04308438702,1008.0109577842431,0.0,0.0,1.0,107.0
0.0,-1200.6419507153282,1036.3187522700937,0.0,0.0,1.0,107.0
0.0,-1208.1275922510442,1059.3848434543702,0.0,0.0,1.0,107.0
0.0,-1218.437680263428,1025.2833119938655,0.0,0.0,1.0,107.0
0.0,-1241.5906290511807,1040.4026048981905,0.0,0.0,1.0,107.0
0.0,-1221.2909834301624,995.2466779898123,0.0,0.0,1.0,107.0
0.0,-1212.7704068387472,1034.8606745805819,0.0,0.0,1.0,107.0
0.0,-1239.0502110836999,1036.7779328032616,0.0,0.0,1.0,107.0
0.0,-1171.7027494642016,1008.3895359750486,0.0,0.0,1.0,107.0
0.0,-1207.7659119670623,1017.4815626503059,0.0,0.0,1.0,107.0
0.0,-1218.7767688448353,1025.7898050033155,0.0,0.0,1.0,107.0
0.0,-1240.167606256108,1044.7687284962158,0.0,0.0,1.0,107.0
0.0,-1195.118442704566,1029.7779408976485,0.0,0.0,1.0,107.0
0.0,-1202.524800313999,1041.9525677950942,0.0,0.0,1.0,107.0
0.0,-1221.6748140331854,1013.5776046078531,0.0,0.0,1.0,107.0
0.0,-1229.8753227516886,1021.8498760869707,0.0,0.0,1.0,107.0
0.0,-1256.8491329534163,1011.8604185593995,0.0,0.0,1.0,107.0
0.0,-1265.919656646224,964.7656280642291,0.0,0.0,1.0,107.0
0.0,-1248.2516343554016,987.3279597574801,0.0,0.0,1.0,107.0
0.0,-1260.0027769144667,982.7011862959753,0.0,0.0,1.0,107.0
0.0,-1251.7059932761322,952.1862877234339,0.0,0.0,1.0,107.0
0.0,-1250.3535599259742,996.5551310502965,0.0,0.0,1.0,107.0
0.0,-1244.2633071002385,959.6520568412634,0.0,0.0,1.0,107.0
0.0,-1249.5809376742138,1010.6389379058896,0.0,0.0,1.0,107.0
0.0,-1293.0358472882187,1013.2401357613849,0.0,0.0,1.0,107.0
0.0,-1253.4126401367196,1013.6121200698244,0.0,0.0,1.0,107.0
0.0,-1253.8905287459015,962.1378011898119,0.0,0.0,1.0,107.0
0.0,-1263.6447842547625,977.7612102072821,0.0,0.0,1.0,107.0
0.0,-1257.5420838965806,990.0716785515801,0.0,0.0,1.0,107.0
0.0,-1245.0995017149612,991.7009979374138,0.0,0.0,1.0,107.0
0.0,-1196.5162341936057,995.1426300983726,0.0,0.0,1.0,107.0
0.0,-1253.6323547211725,984.3149660035374,0.0,0.0,1.0,107.0
0.0,-1228.8234356686446,994.9645708985854,0.0,0.0,1.0,107.0
0.0,-1243.628774226381,987.3380615930669,0.0,0.0,1.0,107.0
0.0,-1236.9468036277888,977.778388859856,0.0,0.0,1.0,107.0
0.0,-1235.90543989816,988.3730462649564,0.0,0.0,1.0,107.0
0.0,-1251.4025143600243,988.2596533287024,0.0,0.0,1.0,107.0
0.0,-1278.375293729287,991.8048254277014,0.0,0.0,1.0,107.0
0.0,-1246.2882911887712,932.6687589256944,0.0,0.0,1.0,107.0
0.0,-1263.9779660326972,1010.9252295299843,0.0,0.0,1.0,107.0
0.0,-1219.2543193292167,1019.4739581299154,0.0,0.0,1.0,107.0
0.0,-1256.6254303505837,1005.1501634672027,0.0,0.0,1.0,107.0
0.0,-1262.0860997205293,1000.2007526004832,0.0,0.0,1.0,107.0
0.0,-1260.2487028212277,986.4935112291578,0.0,0.0,1.0,107.0
0.0,-1255.2431255642584,976.2923295058908,0.0,0.0,1.0,107.0
0.0,-1199.2029735761105,952.805021555474,0.0,0.0,1.0,107.0
0.0,-1280.0333685467658,954.4324737483626,0.0,0.0,1.0,107.0
0.0,-1227.2204926336008,899.9346002744078,0.0,0.0,1.0,107.0
0.0,-1267.7553819586894,994.3349407149262,0.0,0.0,1.0,107.0
0.0,-1237.961580174464,986.3679724752483,0.0,0.0,1.0,107.0
0.0,-1249.8462066217328,1016.1015652490719,0.0,0.0,1.0,107.0
0.0,-1246.344147856771,1015.5886432645311,0.0,0.0,1.0,107.0
0.0,-1265.2579440377428,988.5140393114352,0.0,0.0,1.0,107.0
0.0,-1203.1380883862323,1015.6159289380603,0.0,0.0,1.0,107.0
0.0,-1272.2022896199728,975.1122784140621,0.0,0.0,1.0,107.0
0.0,-1263.0766381632948,1008.9751322945772,0.0,0.0,1.0,107.0
0.0,-1268.3402933920306,1013.7405681518521,0.0,0.0,1.0,107.0
0.0,-1275.7205015656336,998.0861163036325,0.0,0.0,1.0,107.0
0.0,-1260.9902418220095,993.8982976778161,0.0,0.0,1.0,107.0
0.0,-1239.6741235921672,983.115080819226,0.0,0.0,1.0,107.0
0.0,-1134.4722848252932,-1099.9847003461925,0.0,0.0,1.0,108.0
0.0,-1135.4561414165098,-1062.8132382766064,0.0,0.0,1.0,108.0
0.0,-1157.6574540917338,-1098.4637750880427,0.0,0.0,1.0,108.0
0.0,-1158.190988175165,-1083.4375464434288,0.0,0.0,1.0,108.0
0.0,-1137.6978303987348,-1055.6650320711992,0.0,0.0,1.0,108.0
0.0,-1133.1544771717545,-1090.417589567025,0.0,0.0,1.0,108.0
0.0,-1144.4102618626596,-1122.2903682706888,0.0,0.0,1.0,108.0
0.0,-1147.327105230932,-1095.9352059769908,0.0,0.0,1.0,108.0
0.0,-1125.5451671334722,-1090.7723433635613,0.0,0.0,1.0,108.0
0.0,-1145.9158881783871,-1074.4768338352035,0.0,0.0,1.0,108.0
0.0,-1138.3256022379453,-1096.1429409601997,0.0,0.0,1.0,108.0
0.0,-1141.2221633309098,-1084.3927888302355,0.0,0.0,1.0,108.0
0.0,-1133.882580789339,-1094.8766745868706,0.0,0.0,1.0,108.0
0.0,-1121.978366954303,-1054.1235965677931,0.0,0.0,1.0,108.0
0.0,-1155.48487425904,-1072.9457745549064,0.0,0.0,1.0,108.0
0.0,-1156.8342424915104,-1064.5715770314848,0.0,0.0,1.0,108.0
0.0,-1147.0017650169264,-1070.322187478785,0.0,0.0,1.0,108.0
0.0,-1134.528572463034,-1090.0607693849156,0.0,0.0,1.0,108.0
0.0,-1133.5249836679006,-1065.285182753511,0.0,0.0,1.0,108.0
0.0,-1125.91173641666,-1110.19348234091,0.0,0.0,1.0,108.0
0.0,-1142.3212503580462,-1084.058269377217,0.0,0.0,1.0,108.0
0.0,-1152.4454902266318,-1099.9943197534594,0.0,0.0,1.0,108.0
0.0,-1175.4908124771187,-1102.1698555411178,0.0,0.0,1.0,108.0
0.0,-1154.2843848699108,-1060.675795593656,0.0,0.0,1.0,108.0
0.0,-1107.426599641313,-1070.7189466364903,0.0,0.0,1.0,108.0
0.0,-1138.88650060139,-1126.673117481268,0.0,0.0,1.0,108.0
0.0,-1162.7154333367089,-1097.820255003593,0.0,0.0,1.0,108.0
0.0,-1144.5400414328285,-1115.335868459524,0.0,0.0,1.0,108.0
0.0,-1136.2300133470626,-1101.4790476073185,0.0,0.0,1.0,108.0
0.0,-1159.4886614696393,-1101.48015167972,0.0,0.0,1.0,108.0
0.0,-1119.3793371432164,-1053.9345151868013,0.0,0.0,1.0,108.0
0.0,-1087.090271478457,-1088.3154747881742,0.0,0.0,1.0,108.0
0.0,-1163.7930449883418,-1085.104704318996,0.0,0.0,1.0,108.0
0.0,-1118.4666631107752,-1120.3447838115355,0.0,0.0,1.0,108.0
0.0,-1091.6750582630543,-1117.3559080815962,0.0,0.0,1.0,108.0
0.0,-1099.2276209597635,-1071.0390049344999,0.0,0.0,1.0,108.0
0.0,-1111.4355799739524,-1133.0393241844108,0.0,0.0,1.0,108.0
0.0,-1052.0695677841393,-1091.3413329468826,0.0,0.0,1.0,108.0
0.0,-1125.8774762345188,-1124.589562657079,0.0,0.0,1.0,108.0
0.0,-1121.7860771024787,-1108.0351524780895,0.0,0.0,1.0,108.0
0.0,-1095.8373279461716,-1144.6633288478818,0.0,0.0,1.0,108.0
0.0,-1120.3227388910773,-1143.4705737910508,0.0,0.0,1.0,108.0
0.0,-1063.2415967054303,-1102.5561674195317,0.0,0.0,1.0,108.0
0.0,-1135.7847165129222,-1123.577244742153,0.0,0.0,1.0,108.0
0.0,-1112.4036570866035,-1112.0136493471257,0.0,0.0,1.0,108.0
0.0,-1114.416760272245,-1142.463331817032,0.0,0.0,1.0,108.0
0.0,-1104.2464883750538,-1118.901561555308,0.0,0.0,1.0,108.0
0.0,-1108.6834754519205,-1138.9956058702276,0.0,0.0,1.0,108.0
0.0,-1125.4128311627544,-1129.7795291540317,0.0,0.0,1.0,108.0
0.0,-1115.927118590362,-1127.062217695935,0.0,0.0,1.0,108.0
0.0,-1109.720367018665,-1131.7714778732743,0.0,0.0,1.0,108.0
0.0,-1145.095454407468,-1107.6566374303775,0.0,0.0,1.0,108.0
0.0,-1098.6311365438116,-1113.0345014399074,0.0,0.0,1.0,108.0
0.0,-1113.2808534252638,-1129.049106737116,0.0,0.0,1.0,108.0
0.0,-1074.2881571767514,-1138.052437561723,0.0,0.0,1.0,108.0
0.0,-1137.4817211070538,-1135.8095662740707,0.0,0.0,1.0,108.0
0.0,-1072.4212304670832,-1107.9506551239201,0.0,0.0,1.0,108.0
0.0,-1140.3384786321737,-1126.7656247819223,0.0,0.0,1.0,108.0
0.0,-1133.00794024956,-1147.6552379616232,0.0,0.0,1.0,108.0
0.0,-1107.7117654348017,-1112.4376412146823,0.0,0.0,1.0,108.0
0.0,-1114.502383017474,-1119.0414907965853,0.0,0.0,1.0,108.0
0.0,-1126.0221505043069,-1130.3064627433462,0.0,0.0,1.0,108.0
0.0,-1090.3409389348235,-1080.9774098353976,0.0,0.0,1.0,108.0
0.0,-1120.0804773719121,-1134.1184631756919,0.0,0.0,1.0,108.0
0.0,-1123.4011943474936,-1111.157943392278,0.0,0.0,1.0,108.0
0.0,-1132.8192362930233,-1142.8428742171293,0.0,0.0,1.0,108.0
0.0,-1082.732237667095,-1133.1568125211732,0.0,0.0,1.0,108.0
0.0,-1076.6715579084741,-1138.4973581894592,0.0,0.0,1.0,108.0
0.0,-1048.523293571058,-1137.6071751091645,0.0,0.0,1.0,108.0
0.0,-1052.0114589368543,-1139.1761349348242,0.0,0.0,1.0,108.0
0.0,-1058.3820487040875,-1146.9522033382782,0.0,0.0,1.0,108.0
0.0,-1054.658437960364,-1136.6374394696168,0.0,0.0,1.0,108.0
0.0,-1026.2141239943212,-1112.452847097757,0.0,0.0,1.0,108.0
0.0,-1053.246681189317,-1094.3656941255508,0.0,0.0,1.0,108.0
0.0,-1061.271513195637,-1140.0172185984513,0.0,0.0,1.0,108.0
0.0,-1072.7822126168685,-1148.8733767884914,0.0,0.0,1.0,108.0
0.0,-1045.3524840202524,-1125.657992080696,0.0,0.0,1.0,108.0
0.0,-1064.9923378744363,-1123.8604384134483,0.0,0.0,1.0,108.0
0.0,-1056.102687805101,-1109.802045590766,0.0,0.0,1.0,108.0
0.0,-1061.053945055109,-1130.1436739550861,0.0,0.0,1.0,108.0
0.0,-1072.2448744291194,-1122.4521362203495,0.0,0.0,1.0,108.0
0.0,-1056.3077810787206,-1135.320614456211,0.0,0.0,1.0,108.0
0.0,-1057.7907835345375,-1133.4972231030915,0.0,0.0,1.0,108.0
0.0,-1076.176032047862,-1146.8378406463098,0.0,0.0,1.0,108.0
0.0,-1097.356965436432,-1106.810378615401,0.0,0.0,1.0,108.0
0.0,-1071.0584723252673,-1127.3922924820479,0.0,0.0,1.0,108.0
0.0,-1106.0025273559645,-1071.6277664887311,0.0,0.0,1.0,108.0
0.0,-1033.1793953191052,-1068.6355356195272,0.0,0.0,1.0,108.0
0.0,-1081.9051684418496,-1124.365296386899,0.0,0.0,1.0,108.0
0.0,-1034.2498507832736,-1085.7885457715315,0.0,0.0,1.0,108.0
0.0,-1096.218830193055,-1118.5570979901302,0.0,0.0,1.0,108.0
0.0,-1106.7822815482639,-1124.733098408235,0.0,0.0,1.0,108.0
0.0,-1044.8619360881419,-1135.0060360142686,0.0,0.0,1.0,108.0
0.0,-1042.4442483229675,-1103.7972766106288,0.0,0.0,1.0,108.0
0.0,-1063.4525743312936,-1142.222809879493,0.0,0.0,1.0,108.0
0.0,-1070.614307956644,-1123.7791141820935,0.0,0.0,1.0,108.0
0.0,-1060.420622668514,-1139.3378357731722,0.0,0.0,1.0,108.0
0.0,-1031.3412883976116,-1116.2145495860807,0.0,0.0,1.0,108.0
0.0,-1079.5025174315217,-1125.286213776221,0.0,0.0,1.0,108.0
0.0,-1072.3904488544001,-1116.09876072317,0.0,0.0,1.0,108.0
0.0,-1072.4180590722217,-1137.0046233882347,0.0,0.0,1.0,108.0
0.0,-1078.9084266879358,-1111.0187906512788,0.0,0.0,1.0,108.0
0.0,-1054.9810423309525,-1130.6544475260766,0.0,0.0,1.0,108.0
0.0,-1064.8338295313588,-1165.364415565231,0.0,0.0,1.0,108.0
0.0,-1051.97852112643,-1127.8455348265707,0.0,0.0,1.0,108.0
0.0,-1038.678591118315,-1127.666165059864,0.0,0.0,1.0,108.0
0.0,-1064.9651327933288,-1118.7927807082397,0.0,0.0,1.0,108.0
0.0,-1074.5727568853245,-1127.9996469589887,0.0,0.0,1.0,108.0
0.0,-1071.1078269639065,-1110.8104647171615,0.0,0.0,1.0,108.0
0.0,-1073.3102366624541,-1132.572083651711,0.0,0.0,1.0,108.0
0.0,-1048.012238902445,-1117.6821944616381,0.0,0.0,1.0,108.0
0.0,-1012.7776573301674,-1081.8959813395404,0.0,0.0,1.0,108.0
0.0,-1007.0590825328306,-1095.3164384864626,0.0,0.0,1.0,108.0
0.0,-1046.8333028941265,-1071.7155567681168,0.0,0.0,1.0,108.0
0.0,-1029.9273991491602,-1097.5021157136848,0.0,0.0,1.0,108.0
0.0,-1017.9764473543898,-1101.1560546213702,0.0,0.0,1.0,108.0
0.0,-1019.4883540545857,-1099.3498326212014,0.0,0.0,1.0,108.0
0.0,-1010.4499745844926,-1101.2000641457528,0.0,0.0,1.0,108.0
0.0,-1037.9891794012888,-1089.9155944770423,0.0,0.0,1.0,108.0
0.0,-1010.9568657753548,-1104.6059774959922,0.0,0.0,1.0,108.0
0.0,-1047.6661348210284,-1077.131996936593,0.0,0.0,1.0,108.0
0.0,-1002.6077343662976,-1081.4696397151895,0.0,0.0,1.0,108.0
0.0,-1002.8451096616254,-1116.4382777710737,0.0,0.0,1.0,108.0
0.0,-996.682012013172,-1080.6389583646755,0.0,0.0,1.0,108.0
0.0,-1018.7887145064922,-1107.0627209168085,0.0,0.0,1.0,108.0
0.0,-1001.8584529047564,-1101.504104932979,0.0,0.0,1.0,108.0
0.0,-1017.8466266096627,-1087.3539556853723,0.0,0.0,1.0,108.0
0.0,-1001.3641071387485,-1104.1757520545698,0.0,0.0,1.0,108.0
0.0,-1018.0182439918372,-1082.0477111321052,0.0,0.0,1.0,108.0
0.0,-999.0319818580631,-1068.2197066846475,0.0,0.0,1.0,108.0
0.0,-1051.3828764904729,-1108.2248862551319,0.0,0.0,1.0,108.0
0.0,-1016.3719368442876,-1088.7142491544337,0.0,0.0,1.0,108.0
0.0,-1027.6311700613046,-1045.0400838490036,0.0,0.0,1.0,108.0
0.0,-1034.9516604141472,-1092.650978769701,0.0,0.0,1.0,108.0
0.0,-1026.0095576068416,-1098.6237784515044,0.0,0.0,1.0,108.0
0.0,-1042.6994985135252,-1108.4998783149783,0.0,0.0,1.0,108.0
0.0,-1006.3205992580752,-1104.7488571332287,0.0,0.0,1.0,108.0
0.0,-1014.4092621171637,-1083.3176918431766,0.0,0.0,1.0,108.0
0.0,-1017.5910981431878,-1109.3034435487791,0.0,0.0,1.0,108.0
0.0,-1006.6892860608516,-1109.5928387457104,0.0,0.0,1.0,108.0
0.0,-1004.2465713672539,-1095.426690728017,0.0,0.0,1.0,108.0
0.0,-1003.611941115825,-1057.799471061977,0.0,0.0,1.0,108.0
0.0,-1022.9732733031472,-1080.3738740168785,0.0,0.0,1.0,108.0
0.0,-1033.0209808006214,-1036.4650925585145,0.0,0.0,1.0,108.0
0.0,-1017.2846198940224,-1037.1003568880474,0.0,0.0,1.0,108.0
0.0,-1031.3339640618053,-1026.4837493677499,0.0,0.0,1.0,108.0
0.0,-1007.4649800766585,-1028.9320143477992,0.0,0.0,1.0,108.0
0.0,-1026.9627474791541,-1070.2808328336398,0.0,0.0,1.0,108.0
0.0,-1031.1887045479007,-1047.8546421666063,0.0,0.0,1.0,108.0
0.0,-1032.4702254401363,-1066.417101263892,0.0,0.0,1.0,108.0
0.0,-1039.6698603418406,-1066.5527220168412,0.0,0.0,1.0,108.0
0.0,-1042.0247249255046,-1037.1508744030768,0.0,0.0,1.0,108.0
0.0,-1003.391821275764,-1057.6838853655117,0.0,0.0,1.0,108.0
0.0,-1011.2564500556266,-1048.9566151329461,0.0,0.0,1.0,108.0
0.0,-1018.0954613701031,-1055.4713966640468,0.0,0.0,1.0,108.0
0.0,-1034.0035255941793,-1058.6138165495054,0.0,0.0,1.0,108.0
0.0,-998.1338345167951,-1039.2671808232544,0.0,0.0,1.0,108.0
0.0,-1030.3982981696258,-1054.3565091918783,0.0,0.0,1.0,108.0
0.0,-1010.3212745839294,-1033.729778545372,0.0,0.0,1.0,108.0
0.0,-1023.5315829359486,-1049.2923013049656,0.0,0.0,1.0,108.0
0.0,-1023.6215144105183,-1029.2878201102308,0.0,0.0,1.0,108.0
0.0,-1030.1840179649657,-1025.9808540200386,0.0,0.0,1.0,108.0
0.0,-1027.2431537368964,-1056.3365661431196,0.0,0.0,1.0,108.0
0.0,-1025.1011700488427,-1056.168168263174,0.0,0.0,1.0,108.0
0.0,-1015.6218415606018,-1043.7861531380513,0.0,0.0,1.0,108.0
0.0,-1019.0488483388917,-1057.9515811558863,0.0,0.0,1.0,108.0
0.0,-1011.047617595422,-1051.9773003486966,0.0,0.0,1.0,108.0
0.0,-1026.507628192488,-1046.7324225519544,0.0,0.0,1.0,108.0
0.0,-996.5923861590147,-1075.695354667715,0.0,0.0,1.0,108.0
0.0,-1008.2896568076908,-1062.236430611265,0.0,0.0,1.0,108.0
0.0,-1017.505963819114,-1048.0272338397388,0.0,0.0,1.0,108.0
0.0,-1017.4974341716741,-1021.0049914297674,0.0,0.0,1.0,108.0
0.0,-1057.9709858223764,-1013.9004418895825,0.0,0.0,1.0,108.0
0.0,-1028.7266707399845,-1062.3755426998111,0.0,0.0,1.0,108.0
0.0,-1034.6968108137492,-1015.5208929784337,0.0,0.0,1.0,108.0
0.0,-1058.3129451426316,-1013.2757974185688,0.0,0.0,1.0,108.0
0.0,-1051.9620246104491,-1006.8621942640975,0.0,0.0,1.0,108.0
0.0,-1057.6250849652877,-1008.229282309245,0.0,0.0,1.0,108.0
0.0,-1027.710636934575,-987.914937752731,0.0,0.0,1.0,108.0
0.0,-1045.70589554275,-1037.5364062406188,0.0,0.0,1.0,108.0
0.0,-1070.9925154377866,-998.7587896157461,0.0,0.0,1.0,108.0
0.0,-1062.239479864087,-1017.4025865563412,0.0,0.0,1.0,108.0
0.0,-1059.3947435489354,-1030.3672863794548,0.0,0.0,1.0,108.0
0.0,-1072.354947963239,-992.7536818562698,0.0,0.0,1.0,108.0
0.0,-1043.9839487381744,-1017.388578499339,0.0,0.0,1.0,108.0
0.0,-1063.0867414936217,-1001.8767121332169,0.0,0.0,1.0,108.0
0.0,-1035.985935024914,-1009.5340338286301,0.0,0.0,1.0,108.0
0.0,-1071.9880509418574,-988.3962557002878,0.0,0.0,1.0,108.0
0.0,-1023.6123155142859,-1061.1487789218754,0.0,0.0,1.0,108.0
0.0,-1049.7292572467584,-996.2408295478424,0.0,0.0,1.0,108.0
0.0,-1046.6172144403672,-1007.4133781304397,0.0,0.0,1.0,108.0
0.0,-1082.5378507067303,-1029.2096570215735,0.0,0.0,1.0,108.0
0.0,-1033.634110613992,-1010.0507262117535,0.0,0.0,1.0,108.0
0.0,-1115.004956887259,-991.9801716155755,0.0,0.0,1.0,108.0
0.0,-1143.6833513621252,-1007.1796100233389,0.0,0.0,1.0,108.0
0.0,-1074.3060337614756,-970.8255952278396,0.0,0.0,1.0,108.0
0.0,-1072.1488732060332,-999.7345016517593,0.0,0.0,1.0,108.0
0.0,-1117.7889530469067,-1015.7827882653557,0.0,0.0,1.0,108.0
0.0,-1132.6398866162176,-1008.5192345290832,0.0,0.0,1.0,108.0
0.0,-1123.7806799092905,-998.0170857040775,0.0,0.0,1.0,108.0
0.0,-1110.1869926461197,-1016.698281690627,0.0,0.0,1.0,108.0
0.0,-1115.430914450512,-1005.1783631076858,0.0,0.0,1.0,108.0
0.0,-1128.180657836493,-1000.9437674081232,0.0,0.0,1.0,108.0
0.0,-1091.8880063090878,-1006.2434981612485,0.0,0.0,1.0,108.0
0.0,-1068.2389290586063,-998.3374385863729,0.0,0.0,1.0,108.0
0.0,-1120.0820958488885,-1006.4798306762109,0.0,0.0,1.0,108.0
0.0,-1114.2164937387906,-968.4680398037544,0.0,0.0,1.0,108.0
0.0,-1125.0806923691437,-1042.7017238559026,0.0,0.0,1.0,108.0
0.0,-1111.1537240242317,-985.9717861945521,0.0,0.0,1.0,108.0
0.0,-1112.6537239269064,-990.7838724779699,0.0,0.0,1.0,108.0
0.0,-1082.7769145105342,-1006.0440784922441,0.0,0.0,1.0,108.0
0.0,-1124.7384066476616,-1002.9854879350485,0.0,0.0,1.0,108.0
0.0,-1091.5225315264054,-982.6789227115262,0.0,0.0,1.0,108.0
0.0,-1074.023060901728,-1012.4641814334018,0.0,0.0,1.0,108.0
0.0,-1098.2043558633163,-1007.2505384494157,0.0,0.0,1.0,108.0
0.0,-1134.2699688259052,-1062.9350108635626,0.0,0.0,1.0,108.0
0.0,-1095.4235034348787,-1014.4942138168813,0.0,0.0,1.0,108.0
0.0,-1083.303732577203,-996.6611862621212,0.0,0.0,1.0,108.0
0.0,-1112.2017965101277,-1006.5714204656381,0.0,0.0,1.0,108.0
0.0,-1103.6999673207033,-992.4735298592734,0.0,0.0,1.0,108.0
0.0,-1087.7916330913326,-996.3933804374026,0.0,0.0,1.0,108.0
0.0,-1088.5726501458869,-993.0741992086087,0.0,0.0,1.0,108.0
0.0,-1124.3277207005372,-974.7791220761526,0.0,0.0,1.0,108.0
0.0,-1123.4661151246776,-1038.255893798988,0.0,0.0,1.0,108.0
0.0,-1101.2982717821956,-980.707599322948,0.0,0.0,1.0,108.0
0.0,-1126.1378370435473,-987.9843903347344,0.0,0.0,1.0,108.0
0.0,-1092.576075301604,-1016.5639846623985,0.0,0.0,1.0,108.0
0.0,-1112.748953876608,-1065.4558578350786,0.0,0.0,1.0,108.0
0.0,-1080.047882724416,-1011.5417540905253,0.0,0.0,1.0,108.0
0.0,-848.7516338388675,-1221.6673270422825,0.0,0.0,1.0,109.0
0.0,-856.863948463327,-1222.3051498950651,0.0,0.0,1.0,109.0
0.0,-845.0808149063263,-1156.944884869644,0.0,0.0,1.0,109.0
0.0,-834.566110449108,-1193.4361650790943,0.0,0.0,1.0,109.0
0.0,-837.3082126386067,-1205.748529194939,0.0,0.0,1.0,109.0
0.0,-842.1375248286253,-1211.6135823916445,0.0,0.0,1.0,109.0
0.0,-853.7978895820335,-1281.2953089656812,0.0,0.0,1.0,109.0
0.0,-851.485789939472,-1219.462360254637,0.0,0.0,1.0,109.0
0.0,-876.5404151739838,-1217.1281327671186,0.0,0.0,1.0,109.0
0.0,-846.8415321547183,-1226.1562890059572,0.0,0.0,1.0,109.0
0.0,-844.5432989083907,-1282.2253234900754,0.0,0.0,1.0,109.0
0.0,-850.984166687174,-1211.2436334795716,0.0,0.0,1.0,109.0
0.0,-842.5627106914754,-1251.3246855630282,0.0,0.0,1.0,109.0
0.0,-833.3786108959946,-1226.22224790173,0.0,0.0,1.0,109.0
0.0,-844.3557796743365,-1246.902349182006,0.0,0.0,1.0,109.0
0.0,-831.4894527074288,-1242.8230741717082,0.0,0.0,1.0,109.0
0.0,-846.314655356922,-1200.7158056065189,0.0,0.0,1.0,109.0
0.0,-823.8794827507487,-1223.8340612717736,0.0,0.0,1.0,109.0
0.0,-835.3766073423143,-1231.2246476004689,0.0,0.0,1.0,109.0
0.0,-837.133933267696,-1210.4259654804607,0.0,0.0,1.0,109.0
0.0,-849.3601101951333,-1239.7886317840987,0.0,0.0,1.0,109.0
0.0,-823.9784735136861,-1246.8269580657948,0.0,0.0,1.0,109.0
0.0,-844.6266019810159,-1231.0555867881253,0.0,0.0,1.0,109.0
0.0,-865.6920225549778,-1232.2040238132668,0.0,0.0,1.0,109.0
0.0,-846.8491082028796,-1245.0581460669762,0.0,0.0,1.0,109.0
0.0,-846.8829593122475,-1226.1395933371198,0.0,0.0,1.0,109.0
0.0,-825.4118873579234,-1233.0409341576785,0.0,0.0,1.0,109.0
0.0,-846.4242370477017,-1221.978629946968,0.0,0.0,1.0,109.0
0.0,-858.0225633694942,-1268.8186467431992,0.0,0.0,1.0,109.0
0.0,-836.9914027036748,-1226.7883060027452,0.0,0.0,1.0,109.0
0.0,-840.9984815041628,-1231.3227756655026,0.0,0.0,1.0,109.0
0.0,-831.9669476292089,-1243.744063792063,0.0,0.0,1.0,109.0
0.0,-841.9239556726743,-1216.4161280264084,0.0,0.0,1.0,109.0
0.0,-821.2367850841217,-1237.163111234433,0.0,0.0,1.0,109.0
0.0,-845.3695329842717,-1205.9891199915526,0.0,0.0,1.0,109.0
0.0,-839.5786757397728,-1229.0969330795676,0.0,0.0,1.0,109.0
0.0,-843.2400988253918,-1218.2368374986609,0.0,0.0,1.0,109.0
0.0,-854.9690604156949,-1237.2746279554108,0.0,0.0,1.0,109.0
0.0,-822.4636298847421,-1215.7781651893722,0.0,0.0,1.0,109.0
0.0,-843.6688286891331,-1175.1554171330515,0.0,0.0,1.0,109.0
0.0,-853.943976621488,-1154.220798713689,0.0,0.0,1.0,109.0
0.0,-843.8695865663743,-1159.4638427483185,0.0,0.0,1.0,109.0
0.0,-843.5651880799329,-1163.5411054848282,0.0,0.0,1.0,109.0
0.0,-838.7428638870324,-1146.3313377400984,0.0,0.0,1.0,109.0
0.0,-856.2086447910385,-1122.0473656827585,0.0,0.0,1.0,109.0
0.0,-832.1177954759182,-1187.110028094546,0.0,0.0,1.0,109.0
0.0,-834.7090496929144,-1143.725019510513,0.0,0.0,1.0,109.0
0.0,-838.6655650028715,-1170.038334927764,0.0,0.0,1.0,109.0
0.0,-821.3113931869813,-1174.4205386348815,0.0,0.0,1.0,109.0
0.0,-836.5335331939374,-1172.5837512381509,0.0,0.0,1.0,109.0
0.0,-843.6461192856195,-1137.9822171283458,0.0,0.0,1.0,109.0
0.0,-827.2113707102925,-1186.8980642597764,0.0,0.0,1.0,109.0
0.0,-836.266762441463,-1164.0094537229054,0.0,0.0,1.0,109.0
0.0,-837.228407574064,-1147.0846832029006,0.0,0.0,1.0,109.0
0.0,-897.4019568861725,-1142.4467075877249,0.0,0.0,1.0,109.0
0.0,-889.5788404035934,-1139.3186589663328,0.0,0.0,1.0,109.0
0.0,-833.0343134285257,-1199.312391759827,0.0,0.0,1.0,109.0
0.0,-820.3506257725629,-1179.2807924890922,0.0,0.0,1.0,109.0
0.0,-890.9336687037703,-1188.355897926448,0.0,0.0,1.0,109.0
0.0,-895.5065559058081,-1146.133040789691,0.0,0.0,1.0,109.0
0.0,-874.5581347191811,-1126.0711965525104,0.0,0.0,1.0,109.0
0.0,-889.0123160761957,-1112.2576129786946,0.0,0.0,1.0,109.0
0.0,-881.6404028609626,-1087.098304284124,0.0,0.0,1.0,109.0
0.0,-907.1606009051084,-1102.1858434203039,0.0,0.0,1.0,109.0
0.0,-874.8243945097439,-1147.2351689145164,0.0,0.0,1.0,109.0
0.0,-896.8982907935431,-1115.588732792596,0.0,0.0,1.0,109.0
0.0,-936.4731507488183,-1168.4423217136375,0.0,0.0,1.0,109.0
0.0,-909.8371202965262,-1086.539237876123,0.0,0.0,1.0,109.0
0.0,-914.6510013710644,-1102.9954202348738,0.0,0.0,1.0,109.0
0.0,-903.2258160140699,-1112.990508927028,0.0,0.0,1.0,109.0
0.0,-862.0307337678719,-1111.688918419482,0.0,0.0,1.0,109.0
0.0,-897.2880510022006,-1126.9363569999896,0.0,0.0,1.0,109.0
0.0,-929.0383569705366,-1119.3836027164857,0.0,0.0,1.0,109.0
0.0,-886.4414284965835,-1121.8464901902714,0.0,0.0,1.0,109.0
0.0,-929.9021311113879,-1100.543901250312,0.0,0.0,1.0,109.0
0.0,-881.0475062309478,-1110.0633295323057,0.0,0.0,1.0,109.0
0.0,-884.2213059254356,-1086.2432056808466,0.0,0.0,1.0,109.0
0.0,-867.2711515383099,-1117.962566698263,0.0,0.0,1.0,109.0
0.0,-894.4411787709258,-1123.4300802147038,0.0,0.0,1.0,109.0
0.0,-914.4018867271072,-1142.7634533106218,0.0,0.0,1.0,109.0
0.0,-918.1121810778538,-1111.444256131856,0.0,0.0,1.0,109.0
0.0,-874.2101416291539,-1126.248416405628,0.0,0.0,1.0,109.0
0.0,-882.6196141852729,-1107.7489234118054,0.0,0.0,1.0,109.0
0.0,-909.789408670686,-1120.1152594017901,0.0,0.0,1.0,109.0
0.0,-905.5760238622063,-1106.0039416628645,0.0,0.0,1.0,109.0
0.0,-889.2266955213086,-1145.7443914655046,0.0,0.0,1.0,109.0
0.0,-878.0843080832793,-1087.3750541738425,0.0,0.0,1.0,109.0
0.0,-874.5549617154844,-1146.7361446598875,0.0,0.0,1.0,109.0
0.0,-974.171517663079,-1152.7103724908661,0.0,0.0,1.0,109.0
0.0,-961.8269818028463,-1111.6926996260552,0.0,0.0,1.0,109.0
0.0,-953.3741631260638,-1118.93957081697,0.0,0.0,1.0,109.0
0.0,-945.582999117093,-1112.9326576030717,0.0,0.0,1.0,109.0
0.0,-959.106930575173,-1114.700125071977,0.0,0.0,1.0,109.0
0.0,-956.4395753244239,-1121.7548392540036,0.0,0.0,1.0,109.0
0.0,-947.9463468245302,-1142.6182810214443,0.0,0.0,1.0,109.0
0.0,-972.6157432388995,-1090.2830185066143,0.0,0.0,1.0,109.0
0.0,-951.732348108022,-1095.8293771282258,0.0,0.0,1.0,109.0
0.0,-952.11126033002,-1084.3774278683852,0.0,0.0,1.0,109.0
0.0,-958.366938333869,-1102.695563903279,0.0,0.0,1.0,109.0
0.0,-956.5792121294089,-1135.8201850506246,0.0,0.0,1.0,109.0
0.0,-954.2765402368128,-1109.5494353180118,0.0,0.0,1.0,109.0
0.0,-932.8362657742405,-1073.623595419928,0.0,0.0,1.0,109.0
0.0,-963.6173218809953,-1126.071845749271,0.0,0.0,1.0,109.0
0.0,-952.2333023150471,-1121.8561260394436,0.0,0.0,1.0,109.0
0.0,-940.489915552179,-1108.2231488147324,0.0,0.0,1.0,109.0
0.0,-920.2326205007524,-1175.4968260328462,0.0,0.0,1.0,109.0
0.0,-942.2071705323682,-1104.4498298480019,0.0,0.0,1.0,109.0
0.0,-930.7010946439997,-1128.6951546799748,0.0,0.0,1.0,109.0
0.0,-953.3959798955864,-1106.0909876285498,0.0,0.0,1.0,109.0
0.0,-928.7698342978706,-1100.1389404865374,0.0,0.0,1.0,109.0
0.0,-957.2462530309957,-1148.7691399065368,0.0,0.0,1.0,109.0
0.0,-943.3282104531734,-1127.3649214590553,0.0,0.0,1.0,109.0
0.0,-975.9495908984758,-1115.1273829306665,0.0,0.0,1.0,109.0
0.0,-939.584076869627,-1090.8772626085695,0.0,0.0,1.0,109.0
0.0,-992.0671601520637,-1179.4672589147422,0.0,0.0,1.0,109.0
0.0,-987.6519434980266,-1178.4010200087362,0.0,0.0,1.0,109.0
0.0,-1015.3864650368414,-1179.8655997398316,0.0,0.0,1.0,109.0
0.0,-1005.8316066572193,-1155.983339985984,0.0,0.0,1.0,109.0
0.0,-997.884901766673,-1187.0821901866184,0.0,0.0,1.0,109.0
0.0,-1000.6451933975841,-1156.1667176013568,0.0,0.0,1.0,109.0
0.0,-954.1171638594054,-1154.7708985094398,0.0,0.0,1.0,109.0
0.0,-1015.741721057786,-1189.1370514232929,0.0,0.0,1.0,109.0
0.0,-996.2297364321043,-1165.23927557118,0.0,0.0,1.0,109.0
0.0,-1013.8850611300159,-1217.9763201568012,0.0,0.0,1.0,109.0
0.0,-1016.3287536857677,-1159.1705748234224,0.0,0.0,1.0,109.0
0.0,-1012.9521922261479,-1191.6747775223207,0.0,0.0,1.0,109.0
0.0,-998.5658442538086,-1188.088704551869,0.0,0.0,1.0,109.0
0.0,-1008.2232190992299,-1175.357580327436,0.0,0.0,1.0,109.0
0.0,-1026.7738524286244,-1162.399385750352,0.0,0.0,1.0,109.0
0.0,-976.4610466847662,-1192.0671650761108,0.0,0.0,1.0,109.0
0.0,-1021.6060218765074,-1162.757138540649,0.0,0.0,1.0,109.0
0.0,-982.4155458792005,-1133.9080383963324,0.0,0.0,1.0,109.0
0.0,-983.1673547253447,-1155.9029477790996,0.0,0.0,1.0,109.0
0.0,-993.0487262761494,-1157.132070997515,0.0,0.0,1.0,109.0
0.0,-1013.1814946059801,-1224.1542504905055,0.0,0.0,1.0,109.0
0.0,-988.3341710687798,-1178.1620360508614,0.0,0.0,1.0,109.0
0.0,-1005.1739557583601,-1152.9974169230486,0.0,0.0,1.0,109.0
0.0,-1031.7666059019198,-1165.0207879964016,0.0,0.0,1.0,109.0
0.0,-1026.0605672031002,-1177.933045278688,0.0,0.0,1.0,109.0
0.0,-1008.0097221363153,-1175.8550057396135,0.0,0.0,1.0,109.0
0.0,-992.7602541215874,-1192.1280863643306,0.0,0.0,1.0,109.0
0.0,-921.842678949793,-1162.8957610657744,0.0,0.0,1.0,109.0
0.0,-995.4994992120585,-1173.2224897633455,0.0,0.0,1.0,109.0
0.0,-1007.4044561105434,-1189.3213346352677,0.0,0.0,1.0,109.0
0.0,-988.4598164282195,-1229.3349275703124,0.0,0.0,1.0,109.0
0.0,-995.7417904811277,-1231.5373080072343,0.0,0.0,1.0,109.0
0.0,-957.3092352244871,-1201.4928322546275,0.0,0.0,1.0,109.0
0.0,-968.9803266934856,-1236.70294786538,0.0,0.0,1.0,109.0
0.0,-950.3480047662067,-1206.7752078581443,0.0,0.0,1.0,109.0
0.0,-1009.193545000029,-1231.2022452155663,0.0,0.0,1.0,109.0
0.0,-1008.5618058686002,-1210.3356987429502,0.0,0.0,1.0,109.0
0.0,-1024.2544795468748,-1233.708393620324,0.0,0.0,1.0,109.0
0.0,-991.8958750574802,-1219.6778812587245,0.0,0.0,1.0,109.0
0.0,-986.4201804441132,-1236.1218926041588,0.0,0.0,1.0,109.0
0.0,-1010.4586578176823,-1260.2067675825983,0.0,0.0,1.0,109.0
0.0,-999.9376241110692,-1234.40199009622,0.0,0.0,1.0,109.0
0.0,-993.3200559019647,-1241.466598476842,0.0,0.0,1.0,109.0
0.0,-966.589448732341,-1234.7168321900806,0.0,0.0,1.0,109.0
0.0,-998.6592782185282,-1202.0098508151268,0.0,0.0,1.0,109.0
0.0,-981.597159934041,-1246.860879982681,0.0,0.0,1.0,109.0
0.0,-991.8923634715409,-1244.879812712883,0.0,0.0,1.0,109.0
0.0,-1010.6733136645562,-1245.8805226727275,0.0,0.0,1.0,109.0
0.0,-1002.514105293468,-1227.1433696687045,0.0,0.0,1.0,109.0
0.0,-1006.4291362477557,-1258.0837168917342,0.0,0.0,1.0,109.0
0.0,-1012.209274626892,-1219.147544470918,0.0,0.0,1.0,109.0
0.0,-1006.5640600916436,-1245.7951707989507,0.0,0.0,1.0,109.0
0.0,-1011.3128206604317,-1239.388506502321,0.0,0.0,1.0,109.0
0.0,-1040.267087680964,-1265.692585854348,0.0,0.0,1.0,109.0
0.0,-1017.3202691657687,-1244.6094810042205,0.0,0.0,1.0,109.0
0.0,-999.0841581701741,-1257.0053115137125,0.0,0.0,1.0,109.0
0.0,-1002.2059380097082,-1208.4101015253134,0.0,0.0,1.0,109.0
0.0,-991.2242245432394,-1213.4083038712447,0.0,0.0,1.0,109.0
0.0,-999.7148347074881,-1224.1852831997528,0.0,0.0,1.0,109.0
0.0,-989.5934867691365,-1223.555359955508,0.0,0.0,1.0,109.0
0.0,-935.8914623369275,-1279.3749182631432,0.0,0.0,1.0,109.0
0.0,-960.5216719621957,-1278.4743689826364,0.0,0.0,1.0,109.0
0.0,-898.0674322480935,-1229.4412283301615,0.0,0.0,1.0,109.0
0.0,-953.914254780644,-1289.1018643101088,0.0,0.0,1.0,109.0
0.0,-948.2045946590315,-1298.0869657771286,0.0,0.0,1.0,109.0
0.0,-982.7094550085882,-1246.3399460377761,0.0,0.0,1.0,109.0
0.0,-929.2426336971314,-1278.4926461496777,0.0,0.0,1.0,109.0
0.0,-955.0196308860162,-1279.5678785611244,0.0,0.0,1.0,109.0
0.0,-910.104508500829,-1224.0180885621185,0.0,0.0,1.0,109.0
0.0,-976.3884762442137,-1302.47138333496,0.0,0.0,1.0,109.0
0.0,-933.3684319657458,-1300.6000741702026,0.0,0.0,1.0,109.0
0.0,-944.9676287530518,-1289.6229169881094,0.0,0.0,1.0,109.0
0.0,-939.9466736768194,-1275.2384476952727,0.0,0.0,1.0,109.0
0.0,-961.2037807262626,-1302.2310890007739,0.0,0.0,1.0,109.0
0.0,-943.4468612740247,-1301.6945188851712,0.0,0.0,1.0,109.0
0.0,-969.2833223777743,-1287.8573778808468,0.0,0.0,1.0,109.0
0.0,-919.9888714478471,-1290.643536452101,0.0,0.0,1.0,109.0
0.0,-921.3695947336618,-1277.4168153758212,0.0,0.0,1.0,109.0
0.0,-940.6419747003332,-1277.6453862839887,0.0,0.0,1.0,109.0
0.0,-951.5784042882864,-1257.867066194803,0.0,0.0,1.0,109.0
0.0,-933.4225986444701,-1302.6069791862885,0.0,0.0,1.0,109.0
0.0,-948.0296478153954,-1299.3473014418323,0.0,0.0,1.0,109.0
0.0,-885.5123286824704,-1280.0633156475515,0.0,0.0,1.0,109.0
0.0,-884.9690664413249,-1284.7987109920625,0.0,0.0,1.0,109.0
0.0,-960.5335030374108,-1251.4036940464007,0.0,0.0,1.0,109.0
0.0,-879.3002583694563,-1285.4476084969017,0.0,0.0,1.0,109.0
0.0,-892.525194209075,-1284.6292067328002,0.0,0.0,1.0,109.0
0.0,-874.0288450388532,-1268.8714569151032,0.0,0.0,1.0,109.0
0.0,-877.3093197511827,-1230.4100445307815,0.0,0.0,1.0,109.0
0.0,-898.3282596049469,-1277.5637336727873,0.0,0.0,1.0,109.0
0.0,-885.9729863774925,-1304.5385524617816,0.0,0.0,1.0,109.0
0.0,-893.290255410502,-1301.9589528532651,0.0,0.0,1.0,109.0
0.0,-869.3063300819019,-1270.2173886814485,0.0,0.0,1.0,109.0
0.0,-883.1771790316975,-1269.9337336304677,0.0,0.0,1.0,109.0
0.0,-880.0748066374437,-1294.8177881505726,0.0,0.0,1.0,109.0
0.0,-913.2155262177741,-1235.8891105781775,0.0,0.0,1.0,109.0
0.0,-854.3803300202521,-1296.6987203651242,0.0,0.0,1.0,109.0
0.0,-918.8926890031586,-1275.7525114227124,0.0,0.0,1.0,109.0
0.0,-879.5492089852977,-1282.2341867126154,0.0,0.0,1.0,109.0
0.0,-890.9258247459012,-1292.8269707781128,0.0,0.0,1.0,109.0
0.0,-901.749462038379,-1263.7130857861973,0.0,0.0,1.0,109.0
0.0,-906.0253681021251,-1297.8089624238346,0.0,0.0,1.0,109.0
0.0,-886.1037857146116,-1259.5114849243062,0.0,0.0,1.0,109.0
0.0,-895.4657336933179,-1293.174393190437,0.0,0.0,1.0,109.0
0.0,-873.0444933619498,-1290.103774053498,0.0,0.0,1.0,109.0
0.0,-918.0977625040001,-1272.515392536405,0.0,0.0,1.0,109.0
0.0,-918.1836117735937,-1288.8410732911125,0.0,0.0,1.0,109.0
0.0,-885.0391490337485,-1289.0424080241016,0.0,0.0,1.0,109.0
0.0,-862.4681639919538,-1292.3376671735657,0.0,0.0,1.0,109.0
0.0,-832.6340577054538,-1211.68379473333,0.0,0.0,1.0,109.0
0.0,-910.9119243724876,-1225.6293081256297,0.0,0.0,1.0,109.0
0.0,-917.0121767214944,-1267.0838852977365,0.0,0.0,1.0,109.0
0.0,1048.8326669819644,-1300.6003077728494,0.0,0.0,1.0,110.0
0.0,1098.6374204601948,-1252.5435236745952,0.0,0.0,1.0,110.0
0.0,1048.49309826449,-1306.772445319921,0.0,0.0,1.0,110.0
0.0,1064.072885554367,-1279.6644547909127,0.0,0.0,1.0,110.0
0.0,1040.7758324192332,-1319.5259776985326,0.0,0.0,1.0,110.0
0.0,1041.366094058068,-1314.0155614851228,0.0,0.0,1.0,110.0
0.0,1029.2585641532369,-1308.9124947921155,0.0,0.0,1.0,110.0
0.0,1072.7107780708343,-1323.7766690854771,0.0,0.0,1.0,110.0
0.0,1048.6466270218957,-1295.4207099483885,0.0,0.0,1.0,110.0
0.0,1066.3706380628887,-1285.251724413936,0.0,0.0,1.0,110.0
0.0,1065.5968809615392,-1291.858331268917,0.0,0.0,1.0,110.0
0.0,1036.8799621566782,-1332.6327157476046,0.0,0.0,1.0,110.0
0.0,1055.3537146698977,-1329.1444947198067,0.0,0.0,1.0,110.0
0.0,1084.3993507899263,-1296.47152818819,0.0,0.0,1.0,110.0
0.0,1050.2301512898034,-1328.5844342233006,0.0,0.0,1.0,110.0
0.0,1056.5798609690105,-1310.4362596576477,0.0,0.0,1.0,110.0
0.0,1059.3867956337303,-1332.1521063278392,0.0,0.0,1.0,110.0
0.0,1046.6635178352758,-1312.6245473093538,0.0,0.0,1.0,110.0
0.0,1049.870955969362,-1304.8016031621257,0.0,0.0,1.0,110.0
0.0,1068.6216992946643,-1320.4210039395705,0.0,0.0,1.0,110.0
0.0,1131.3586506760562,-1325.5564747681794,0.0,0.0,1.0,110.0
0.0,1119.931248293476,-1321.4390875824683,0.0,0.0,1.0,110.0
0.0,1098.8077461028838,-1357.8482755039595,0.0,0.0,1.0,110.0
0.0,1114.9580921785964,-1336.9741892536176,0.0,0.0,1.0,110.0
0.0,1116.1436251122755,-1317.3935423643209,0.0,0.0,1.0,110.0
0.0,1120.5114168444911,-1325.850863128278,0.0,0.0,1.0,110.0
0.0,1086.257882313777,-1277.0248155692561,0.0,0.0,1.0,110.0
0.0,1129.713686437854,-1338.0117016207503,0.0,0.0,1.0,110.0
0.0,1141.803342464647,-1267.5524606594422,0.0,0.0,1.0,110.0
0.0,1078.7156886978332,-1326.8960667314839,0.0,0.0,1.0,110.0
0.0,1093.2651873983764,-1352.4683038197356,0.0,0.0,1.0,110.0
0.0,1115.2985348193592,-1300.8494305568474,0.0,0.0,1.0,110.0
0.0,1095.4073913234047,-1325.0338794598076,0.0,0.0,1.0,110.0
0.0,1087.8172137425577,-1331.7198344800925,0.0,0.0,1.0,110.0
0.0,1097.0774256455188,-1328.726978307576,0.0,0.0,1.0,110.0
0.0,1110.5134916512184,-1343.9498697123531,0.0,0.0,1.0,110.0
0.0,1115.014018837766,-1344.0446995699813,0.0,0.0,1.0,110.0
0.0,1128.449091438461,-1330.7601614008984,0.0,0.0,1.0,110.0
0.0,1152.3201191823332,-1271.8564642128742,0.0,0.0,1.0,110.0
0.0,1115.0435868298732,-1345.6572814609835,0.0,0.0,1.0,110.0
0.0,1110.3135502765685,-1332.87848064029,0.0,0.0,1.0,110.0
0.0,1098.046212165555,-1334.812462710931,0.0,0.0,1.0,110.0
0.0,1118.6792797264757,-1347.9532865935412,0.0,0.0,1.0,110.0
0.0,1098.1085038485312,-1327.756401314155,0.0,0.0,1.0,110.0
0.0,1124.813995220527,-1343.7249975171146,0.0,0.0,1.0,110.0
0.0,1122.7977033324623,-1332.959564561536,0.0,0.0,1.0,110.0
0.0,1117.8905857894938,-1317.310049172996,0.0,0.0,1.0,110.0
0.0,1112.9061934228403,-1324.974786698041,0.0,0.0,1.0,110.0
0.0,1088.7201352284005,-1334.166748493382,0.0,0.0,1.0,110.0
0.0,1122.042369789971,-1297.0109311743233,0.0,0.0,1.0,110.0
0.0,1122.843022784833,-1320.0553032767546,0.0,0.0,1.0,110.0
0.0,1115.5093069582258,-1339.6286125093593,0.0,0.0,1.0,110.0
0.0,1121.5395091166988,-1320.1206431243638,0.0,0.0,1.0,110.0
0.0,1114.9988076981217,-1339.8854592752432,0.0,0.0,1.0,110.0
0.0,1147.5905075729543,-1274.2042367542165,0.0,0.0,1.0,110.0
0.0,1104.2539480947294,-1274.737113889351,0.0,0.0,1.0,110.0
0.0,1115.9741408360828,-1339.5682937600895,0.0,0.0,1.0,110.0
0.0,1119.6579845912347,-1330.5840585403587,0.0,0.0,1.0,110.0
0.0,1136.9400466754746,-1255.4747342691358,0.0,0.0,1.0,110.0
0.0,1103.1733447862957,-1351.3931278089876,0.0,0.0,1.0,110.0
0.0,1112.0339989908757,-1328.2244958944002,0.0,0.0,1.0,110.0
0.0,1102.4578533503986,-1322.7355988792815,0.0,0.0,1.0,110.0
0.0,1119.8059082444183,-1321.7990666472642,0.0,0.0,1.0,110.0
0.0,1116.2012259270791,-1352.6967255122365,0.0,0.0,1.0,110.0
0.0,1099.6739956686656,-1345.9546301963283,0.0,0.0,1.0,110.0
0.0,1107.9868317456194,-1327.3736855803822,0.0,0.0,1.0,110.0
0.0,1082.445947754135,-1286.1957961115106,0.0,0.0,1.0,110.0
0.0,1099.230943742738,-1335.7237634568771,0.0,0.0,1.0,110.0
0.0,1095.3437860888876,-1341.7971897480982,0.0,0.0,1.0,110.0
0.0,1131.209885944509,-1331.35363246649,0.0,0.0,1.0,110.0
0.0,1178.3528923050471,-1301.1254912122586,0.0,0.0,1.0,110.0
0.0,1137.6500586105853,-1270.225065020231,0.0,0.0,1.0,110.0
0.0,1162.9355725229775,-1299.8384025450823,0.0,0.0,1.0,110.0
0.0,1171.9020023890275,-1325.6884457338888,0.0,0.0,1.0,110.0
0.0,1173.4117069275494,-1282.314719527903,0.0,0.0,1.0,110.0
0.0,1189.2310096199749,-1303.5078039252521,0.0,0.0,1.0,110.0
0.0,1169.5518736814279,-1329.3522562064384,0.0,0.0,1.0,110.0
0.0,1164.225988896534,-1305.9644377816658,0.0,0.0,1.0,110.0
0.0,1174.1237348923369,-1317.2062851978872,0.0,0.0,1.0,110.0
0.0,1182.921137133158,-1307.6759770387412,0.0,0.0,1.0,110.0
0.0,1168.5498192436899,-1287.9195395127092,0.0,0.0,1.0,110.0
0.0,1184.21584735763,-1310.4274428021324,0.0,0.0,1.0,110.0
0.0,1176.4340277936303,-1278.9991624968225,0.0,0.0,1.0,110.0
0.0,1153.1543353091215,-1307.1740804621415,0.0,0.0,1.0,110.0
0.0,1163.0895502065891,-1301.0519187428463,0.0,0.0,1.0,110.0
0.0,1161.8860213899893,-1314.0780329155486,0.0,0.0,1.0,110.0
0.0,1155.2560958907443,-1295.4378641096234,0.0,0.0,1.0,110.0
0.0,1164.2445292737143,-1294.0604504623225,0.0,0.0,1.0,110.0
0.0,1176.6503849566138,-1293.5005743366294,0.0,0.0,1.0,110.0
0.0,1179.7567177223905,-1301.099700582116,0.0,0.0,1.0,110.0
0.0,1131.28119450417,-1338.574045509261,0.0,0.0,1.0,110.0
0.0,1133.022312358603,-1299.8355309370347,0.0,0.0,1.0,110.0
0.0,1154.1255752843313,-1287.0876782230516,0.0,0.0,1.0,110.0
0.0,1181.369010476235,-1314.739200326518,0.0,0.0,1.0,110.0
0.0,1182.959682415148,-1301.3181236310465,0.0,0.0,1.0,110.0
0.0,1202.5416209455934,-1307.8707186175723,0.0,0.0,1.0,110.0
0.0,1162.1913438764414,-1301.806662268042,0.0,0.0,1.0,110.0
0.0,1198.45945433394,-1313.854275752944,0.0,0.0,1.0,110.0
0.0,1145.3543958527312,-1297.0825802949983,0.0,0.0,1.0,110.0
0.0,1193.8455567308233,-1298.4024616099061,0.0,0.0,1.0,110.0
0.0,1192.382696675349,-1225.1961806138772,0.0,0.0,1.0,110.0
0.0,1191.164490346549,-1230.2196890700093,0.0,0.0,1.0,110.0
0.0,1189.8167122853665,-1259.0451636947018,0.0,0.0,1.0,110.0
0.0,1178.6667635933477,-1278.5894712370166,0.0,0.0,1.0,110.0
0.0,1175.049123396458,-1239.4810898953551,0.0,0.0,1.0,110.0
0.0,1191.7516001348745,-1240.233861567909,0.0,0.0,1.0,110.0
0.0,1187.6125316273678,-1236.2562745237788,0.0,0.0,1.0,110.0
0.0,1143.064054777125,-1223.4635332278704,0.0,0.0,1.0,110.0
0.0,1185.4185165218946,-1224.0287502538572,0.0,0.0,1.0,110.0
0.0,1173.951203697054,-1261.5963757763518,0.0,0.0,1.0,110.0
0.0,1202.7769302270776,-1251.6975095222763,0.0,0.0,1.0,110.0
0.0,1176.9444211796463,-1219.0828986062593,0.0,0.0,1.0,110.0
0.0,1182.1732191495908,-1238.209914597704,0.0,0.0,1.0,110.0
0.0,1207.8715477487917,-1232.560040156457,0.0,0.0,1.0,110.0
0.0,1116.4219743399367,-1264.9557727022054,0.0,0.0,1.0,110.0
0.0,1208.603640224856,-1219.222178501949,0.0,0.0,1.0,110.0
0.0,1178.417771034096,-1252.3065833359046,0.0,0.0,1.0,110.0
0.0,1192.7638814797342,-1240.3487021666606,0.0,0.0,1.0,110.0
0.0,1165.4923019525327,-1243.0528829995264,0.0,0.0,1.0,110.0
0.0,1135.8484524951914,-1217.36146283872,0.0,0.0,1.0,110.0
0.0,1179.281489735663,-1256.6681393809015,0.0,0.0,1.0,110.0
0.0,1184.664020222086,-1235.6674192633504,0.0,0.0,1.0,110.0
0.0,1174.9167994391914,-1254.2746238600666,0.0,0.0,1.0,110.0
0.0,1188.8051002786206,-1236.048349669131,0.0,0.0,1.0,110.0
0.0,1210.0777820125554,-1252.2120404653301,0.0,0.0,1.0,110.0
0.0,1187.7438925536894,-1265.463685292241,0.0,0.0,1.0,110.0
0.0,1190.2293455748436,-1238.7738850609837,0.0,0.0,1.0,110.0
0.0,1185.852238368363,-1247.3752456633495,0.0,0.0,1.0,110.0
0.0,1182.9868440655619,-1228.4996744313646,0.0,0.0,1.0,110.0
0.0,1180.9413904413655,-1274.501416729359,0.0,0.0,1.0,110.0
0.0,1170.6916884503103,-1230.5320181681618,0.0,0.0,1.0,110.0
0.0,1153.4278511864609,-1212.8990300920682,0.0,0.0,1.0,110.0
0.0,1206.0479619147818,-1251.3198521698178,0.0,0.0,1.0,110.0
0.0,1214.6225216172602,-1237.8019759005515,0.0,0.0,1.0,110.0
0.0,1203.3649733706138,-1234.758179813972,0.0,0.0,1.0,110.0
0.0,1193.0267058330169,-1223.352173561567,0.0,0.0,1.0,110.0
0.0,1191.1814737085801,-1241.112017565675,0.0,0.0,1.0,110.0
0.0,1130.24556640529,-1167.3144647803904,0.0,0.0,1.0,110.0
0.0,1140.6278111617626,-1177.592500845083,0.0,0.0,1.0,110.0
0.0,1153.8477926111686,-1191.2124045072073,0.0,0.0,1.0,110.0
0.0,1168.0652499061193,-1192.366450399312,0.0,0.0,1.0,110.0
0.0,1173.1354598053836,-1181.4703834528575,0.0,0.0,1.0,110.0
0.0,1153.0247239845726,-1213.982305173401,0.0,0.0,1.0,110.0
0.0,1154.1287257362515,-1187.2927526409987,0.0,0.0,1.0,110.0
0.0,1144.3201136237326,-1182.3699260487099,0.0,0.0,1.0,110.0
0.0,1186.1041315569696,-1208.0380068917261,0.0,0.0,1.0,110.0
0.0,1152.6336402254224,-1218.6477312188488,0.0,0.0,1.0,110.0
0.0,1136.9375060178413,-1151.3768348439974,0.0,0.0,1.0,110.0
0.0,1132.8080307349114,-1172.3020333340507,0.0,0.0,1.0,110.0
0.0,1176.4171278435792,-1203.059936266023,0.0,0.0,1.0,110.0
0.0,1154.9221240668408,-1169.6752204665324,0.0,0.0,1.0,110.0
0.0,1153.9344282471534,-1202.3434883047496,0.0,0.0,1.0,110.0
0.0,1158.7137913755396,-1179.8675809962674,0.0,0.0,1.0,110.0
0.0,1097.7786280320306,-1167.5161826841797,0.0,0.0,1.0,110.0
0.0,1099.3653895482735,-1154.5456084323462,0.0,0.0,1.0,110.0
0.0,1116.0991796475741,-1172.2117563492914,0.0,0.0,1.0,110.0
0.0,1121.2786203081318,-1170.3157440643795,0.0,0.0,1.0,110.0
0.0,1093.8969420831263,-1225.9995960818167,0.0,0.0,1.0,110.0
0.0,1115.6572992157485,-1133.9298282714667,0.0,0.0,1.0,110.0
0.0,1110.5017967898543,-1153.0513973068978,0.0,0.0,1.0,110.0
0.0,1083.5443919540062,-1161.9112379648202,0.0,0.0,1.0,110.0
0.0,1098.4576063030004,-1161.145782209126,0.0,0.0,1.0,110.0
0.0,1108.4317245686789,-1141.1636855303555,0.0,0.0,1.0,110.0
0.0,1090.8686299159026,-1159.1715402928758,0.0,0.0,1.0,110.0
0.0,1109.0800832723212,-1192.2619706534792,0.0,0.0,1.0,110.0
0.0,1107.1003348282106,-1186.0134875624187,0.0,0.0,1.0,110.0
0.0,1096.0177629431696,-1168.211921008358,0.0,0.0,1.0,110.0
0.0,1120.7476078667055,-1154.4866807407318,0.0,0.0,1.0,110.0
0.0,1111.6083929335687,-1145.1163027706807,0.0,0.0,1.0,110.0
0.0,1089.164744112844,-1175.5885714730132,0.0,0.0,1.0,110.0
0.0,1108.6597221571296,-1176.9216424107822,0.0,0.0,1.0,110.0
0.0,1088.515187716071,-1161.0720653307988,0.0,0.0,1.0,110.0
0.0,1136.691536910293,-1151.4947374189928,0.0,0.0,1.0,110.0
0.0,1126.0045837166208,-1186.0915332381196,0.0,0.0,1.0,110.0
0.0,1078.857103542758,-1165.3132473089834,0.0,0.0,1.0,110.0
0.0,1084.551269953246,-1188.8623107017238,0.0,0.0,1.0,110.0
0.0,1090.365728409804,-1176.3004664769776,0.0,0.0,1.0,110.0
0.0,1098.754997666852,-1176.8714613788334,0.0,0.0,1.0,110.0
0.0,1082.1054536596043,-1174.1016653706456,0.0,0.0,1.0,110.0
0.0,1112.8224681250072,-1174.5655890468622,0.0,0.0,1.0,110.0
0.0,1080.9123226441202,-1177.1713180155525,0.0,0.0,1.0,110.0
0.0,1122.1384072796955,-1138.6709002613527,0.0,0.0,1.0,110.0
0.0,1113.5816973976944,-1159.8959233035189,0.0,0.0,1.0,110.0
0.0,1083.370777822723,-1189.5855899257492,0.0,0.0,1.0,110.0
0.0,1095.8391731852248,-1174.2671133670522,0.0,0.0,1.0,110.0
0.0,1103.4083456704443,-1155.6139642099674,0.0,0.0,1.0,110.0
0.0,1097.1548562570106,-1137.6586772135756,0.0,0.0,1.0,110.0
0.0,1036.8991272160006,-1192.9373556029664,0.0,0.0,1.0,110.0
0.0,1041.3968371647588,-1204.9742793718915,0.0,0.0,1.0,110.0
0.0,1016.9383076268819,-1215.0821737640501,0.0,0.0,1.0,110.0
0.0,1029.4407255863098,-1196.5841880011283,0.0,0.0,1.0,110.0
0.0,1024.387886236484,-1215.1829370655028,0.0,0.0,1.0,110.0
0.0,1051.9546222340737,-1247.8094177481294,0.0,0.0,1.0,110.0
0.0,1034.3997982891287,-1181.4035672251407,0.0,0.0,1.0,110.0
0.0,1041.4712639567929,-1189.8696281677428,0.0,0.0,1.0,110.0
0.0,1023.6324496299144,-1188.4613144229652,0.0,0.0,1.0,110.0
0.0,1054.0899021095283,-1212.3890247505472,0.0,0.0,1.0,110.0
0.0,1031.94867736469,-1217.6099631115624,0.0,0.0,1.0,110.0
0.0,1034.3985490607643,-1217.4473812375861,0.0,0.0,1.0,110.0
0.0,1053.1818615088864,-1185.7240594825305,0.0,0.0,1.0,110.0
0.0,1037.8374430316908,-1195.14470519296,0.0,0.0,1.0,110.0
0.0,1060.9515136648902,-1185.4528701962277,0.0,0.0,1.0,110.0
0.0,1037.2925850827737,-1187.5092063002157,0.0,0.0,1.0,110.0
0.0,1026.253019524342,-1224.1029611468678,0.0,0.0,1.0,110.0
0.0,1057.067686608405,-1191.2489075524309,0.0,0.0,1.0,110.0
0.0,1046.4936242963104,-1195.1380401733488,0.0,0.0,1.0,110.0
0.0,1072.9756998830985,-1241.5516288036576,0.0,0.0,1.0,110.0
0.0,1075.3301363584164,-1197.1327566996324,0.0,0.0,1.0,110.0
0.0,1020.290508447807,-1194.8209872971302,0.0,0.0,1.0,110.0
0.0,1068.9316575233147,-1207.5933504061256,0.0,0.0,1.0,110.0
0.0,1048.112999297682,-1201.5868405092667,0.0,0.0,1.0,110.0
0.0,1012.3768107730521,-1192.4839750544907,0.0,0.0,1.0,110.0
0.0,1050.2239950757953,-1208.0164482668642,0.0,0.0,1.0,110.0
0.0,1044.2942764057434,-1204.5910393955892,0.0,0.0,1.0,110.0
0.0,1049.1365483290988,-1192.2223836232438,0.0,0.0,1.0,110.0
0.0,1057.8345902734332,-1197.5802940829597,0.0,0.0,1.0,110.0
0.0,1046.003843962842,-1269.230966436186,0.0,0.0,1.0,110.0
0.0,1034.0657780365682,-1231.9337981791934,0.0,0.0,1.0,110.0
0.0,1034.83227200605,-1267.7862178218447,0.0,0.0,1.0,110.0
0.0,1014.9416112747813,-1273.8512741705504,0.0,0.0,1.0,110.0
0.0,1019.955719758696,-1246.53023470202,0.0,0.0,1.0,110.0
0.0,1047.3700262726284,-1259.432138624594,0.0,0.0,1.0,110.0
0.0,1053.620415325986,-1242.7938143559422,0.0,0.0,1.0,110.0
0.0,1026.075567075667,-1256.0885995141566,0.0,0.0,1.0,110.0
0.0,1021.5539845776971,-1230.3695669450574,0.0,0.0,1.0,110.0
0.0,1014.6023633861264,-1262.208984843303,0.0,0.0,1.0,110.0
0.0,1021.4358750409951,-1253.4711460392748,0.0,0.0,1.0,110.0
0.0,1012.4628267204102,-1243.2077508677673,0.0,0.0,1.0,110.0
0.0,1005.0273611579787,-1264.701156672607,0.0,0.0,1.0,110.0
0.0,1005.7852047230786,-1278.1197805883126,0.0,0.0,1.0,110.0
0.0,1029.583616567384,-1284.0755173622301,0.0,0.0,1.0,110.0
0.0,1092.7654263107588,-1253.4711113371247,0.0,0.0,1.0,110.0
0.0,1042.6756974608293,-1238.4696938863715,0.0,0.0,1.0,110.0
0.0,1043.0516690871846,-1257.0075401835563,0.0,0.0,1.0,110.0
0.0,1023.6308594761135,-1276.5372996159808,0.0,0.0,1.0,110.0
0.0,1033.8607949082161,-1260.1538364788921,0.0,0.0,1.0,110.0
0.0,1006.5144430301407,-1231.1372721930459,0.0,0.0,1.0,110.0
0.0,1022.1065359842482,-1265.499072240882,0.0,0.0,1.0,110.0
0.0,1023.311322231652,-1265.9118968964708,0.0,0.0,1.0,110.0
0.0,1029.7374275547236,-1269.574539957237,0.0,0.0,1.0,110.0
0.0,1295.620829431859,-1173.363396901306,0.0,0.0,1.0,111.0
0.0,1267.4816807841767,-1113.8730735831798,0.0,0.0,1.0,111.0
0.0,1275.268278378168,-1150.6302348393453,0.0,0.0,1.0,111.0
0.0,1292.0115778914605,-1152.2232693135697,0.0,0.0,1.0,111.0
0.0,1309.7170872477532,-1130.4088476376078,0.0,0.0,1.0,111.0
0.0,1303.3850890387407,-1180.314448229599,0.0,0.0,1.0,111.0
0.0,1287.246714740441,-1117.5514043241158,0.0,0.0,1.0,111.0
0.0,1288.1065920775868,-1168.1055782873962,0.0,0.0,1.0,111.0
0.0,1324.4459124805794,-1186.4519918436215,0.0,0.0,1.0,111.0
0.0,1292.4160135667048,-1164.332379498689,0.0,0.0,1.0,111.0
0.0,1280.5605032186031,-1124.3105053965971,0.0,0.0,1.0,111.0
0.0,1334.4405516011052,-1199.9671600918855,0.0,0.0,1.0,111.0
0.0,1295.4097457075586,-1086.5508089714526,0.0,0.0,1.0,111.0
0.0,1327.5615786527878,-1107.0124400927477,0.0,0.0,1.0,111.0
0.0,1312.6988919395712,-1118.4127450069718,0.0,0.0,1.0,111.0
0.0,1340.875057320865,-1110.010889654379,0.0,0.0,1.0,111.0
0.0,1345.0073760443274,-1118.3542504535906,0.0,0.0,1.0,111.0
0.0,1335.1963898907584,-1084.9147421298271,0.0,0.0,1.0,111.0
0.0,1326.6259763455373,-1086.4335054488836,0.0,0.0,1.0,111.0
0.0,1327.9341211336418,-1100.4587979995238,0.0,0.0,1.0,111.0
0.0,1351.936843073851,-1109.7038769792493,0.0,0.0,1.0,111.0
0.0,1334.0481140870138,-1115.784010616936,0.0,0.0,1.0,111.0
0.0,1298.0333541414352,-1100.8692051211879,0.0,0.0,1.0,111.0
0.0,1344.3823319014145,-1129.0809894304527,0.0,0.0,1.0,111.0
0.0,1348.7902528370537,-1086.7478875601714,0.0,0.0,1.0,111.0
0.0,1344.8958034510556,-1098.084242349478,0.0,0.0,1.0,111.0
0.0,1351.9006000829909,-1100.59768924821,0.0,0.0,1.0,111.0
0.0,1330.6716223065282,-1047.181511158768,0.0,0.0,1.0,111.0
0.0,1303.5274337365013,-1076.7328792850135,0.0,0.0,1.0,111.0
0.0,1325.541783594363,-1036.9412726244718,0.0,0.0,1.0,111.0
0.0,1314.517490465062,-1066.9873279082542,0.0,0.0,1.0,111.0
0.0,1295.9509726940264,-1050.8899556895135,0.0,0.0,1.0,111.0
0.0,1329.032737335618,-1058.7833507775224,0.0,0.0,1.0,111.0
0.0,1300.8349483413635,-1059.629469852338,0.0,0.0,1.0,111.0
0.0,1306.8126875330709,-1067.5274694374712,0.0,0.0,1.0,111.0
0.0,1314.5932280545517,-1045.131682290513,0.0,0.0,1.0,111.0
0.0,1303.4666283953188,-1048.6883269072548,0.0,0.0,1.0,111.0
0.0,1252.6908095069007,-1067.2809509898602,0.0,0.0,1.0,111.0
0.0,1305.0214725881328,-1041.7901947747373,0.0,0.0,1.0,111.0
0.0,1313.8822801079145,-1034.1337689628626,0.0,0.0,1.0,111.0
0.0,1337.4131478127902,-1032.4145550487945,0.0,0.0,1.0,111.0
0.0,1259.7581456347739,-1073.0982238178142,0.0,0.0,1.0,111.0
0.0,1335.1559698683768,-1077.3041065512439,0.0,0.0,1.0,111.0
0.0,1348.5775948604178,-1065.1752051881572,0.0,0.0,1.0,111.0
0.0,1333.2100904090134,-1080.3987357720248,0.0,0.0,1.0,111.0
0.0,1328.647047777154,-1051.8044618202675,0.0,0.0,1.0,111.0
0.0,1313.4656054807115,-1039.7107646908598,0.0,0.0,1.0,111.0
0.0,1300.5063973581719,-1016.4632654396498,0.0,0.0,1.0,111.0
0.0,1302.4283315258458,-1023.6039485852561,0.0,0.0,1.0,111.0
0.0,1351.0240831255628,-1046.0322492303599,0.0,0.0,1.0,111.0
0.0,1333.2921011569242,-1041.5664163549422,0.0,0.0,1.0,111.0
0.0,1309.6141724152762,-1025.5388887519478,0.0,0.0,1.0,111.0
0.0,1341.5355067155901,-1039.7716061760887,0.0,0.0,1.0,111.0
0.0,1311.752800890536,-1036.3919335256962,0.0,0.0,1.0,111.0
0.0,1346.728928816542,-1036.2049279758567,0.0,0.0,1.0,111.0
0.0,1309.534295486893,-1037.7810614336795,0.0,0.0,1.0,111.0
0.0,1345.951577459031,-1085.3054310978632,0.0,0.0,1.0,111.0
0.0,1281.3690804983798,-1052.6801515624622,0.0,0.0,1.0,111.0
0.0,1217.628631213243,-1075.9080510865097,0.0,0.0,1.0,111.0
0.0,1260.5721421607127,-1013.6202187261847,0.0,0.0,1.0,111.0
0.0,1258.7325469911616,-1021.6491525080266,0.0,0.0,1.0,111.0
0.0,1253.4946494056676,-1033.4985394189866,0.0,0.0,1.0,111.0
0.0,1274.7583883809507,-1008.4047541468785,0.0,0.0,1.0,111.0
0.0,1282.5892395044375,-1013.8755468433085,0.0,0.0,1.0,111.0
0.0,1308.0713609723625,-1005.9474538644297,0.0,0.0,1.0,111.0
0.0,1263.2830981910624,-1015.3796178780301,0.0,0.0,1.0,111.0
0.0,1255.4828121636342,-1011.3949494727763,0.0,0.0,1.0,111.0
0.0,1288.1838348633996,-1020.0376998675081,0.0,0.0,1.0,111.0
0.0,1279.816884632602,-1060.8699021419882,0.0,0.0,1.0,111.0
0.0,1260.7642329984187,-1013.0667823636345,0.0,0.0,1.0,111.0
0.0,1237.7037303277307,-1003.6831966138325,0.0,0.0,1.0,111.0
0.0,1278.938267565491,-1058.8744759727365,0.0,0.0,1.0,111.0
0.0,1277.4149169803964,-1017.0770160119528,0.0,0.0,1.0,111.0
0.0,1281.2531516662925,-1027.987990362698,0.0,0.0,1.0,111.0
0.0,1279.134072703538,-994.1555553619478,0.0,0.0,1.0,111.0
0.0,1265.675135436576,-1044.8543797107438,0.0,0.0,1.0,111.0
0.0,1266.9711461631919,-1013.3095725626736,0.0,0.0,1.0,111.0
0.0,1224.57851871632,-1052.0368565243261,0.0,0.0,1.0,111.0
0.0,1268.0714060405244,-1008.2877292279852,0.0,0.0,1.0,111.0
0.0,1268.4464507684102,-1035.5664232647914,0.0,0.0,1.0,111.0
0.0,1265.3211616098592,-1001.7714463633808,0.0,0.0,1.0,111.0
0.0,1292.8257139665152,-1009.3298665292486,0.0,0.0,1.0,111.0
0.0,1287.503945693862,-1003.3540643276399,0.0,0.0,1.0,111.0
0.0,1274.7948272414396,-1013.7875323073367,0.0,0.0,1.0,111.0
0.0,1282.311230088309,-1002.0814933216398,0.0,0.0,1.0,111.0
0.0,1283.8649917640778,-996.564878988776,0.0,0.0,1.0,111.0
0.0,1280.768478687131,-1018.9610135552109,0.0,0.0,1.0,111.0
0.0,1200.8882683988872,-1028.9849127189482,0.0,0.0,1.0,111.0
0.0,1196.5232750820514,-1051.8036302815706,0.0,0.0,1.0,111.0
0.0,1212.042370285213,-1030.4894273910893,0.0,0.0,1.0,111.0
0.0,1226.944895080002,-1015.6412567161947,0.0,0.0,1.0,111.0
0.0,1211.7521308154714,-1040.4550645906531,0.0,0.0,1.0,111.0
0.0,1239.9331539334148,-1015.4012523724823,0.0,0.0,1.0,111.0
0.0,1220.015569065859,-1040.7753589695421,0.0,0.0,1.0,111.0
0.0,1216.1951959318608,-1070.7383763860119,0.0,0.0,1.0,111.0
0.0,1237.1136260418193,-1030.131347550147,0.0,0.0,1.0,111.0
0.0,1217.5304868061507,-1057.692438595891,0.0,0.0,1.0,111.0
0.0,1232.085331108196,-1029.9987291064874,0.0,0.0,1.0,111.0
0.0,1240.7257785590596,-1050.7203597761807,0.0,0.0,1.0,111.0
0.0,1217.0947026891668,-1027.2376916555388,0.0,0.0,1.0,111.0
0.0,1199.9194517687006,-1039.3038916804685,0.0,0.0,1.0,111.0
0.0,1219.6237365729476,-1037.077835598483,0.0,0.0,1.0,111.0
0.0,1192.309022424628,-1047.9699207357467,0.0,0.0,1.0,111.0
0.0,1203.9277346485692,-1003.643987008277,0.0,0.0,1.0,111.0
0.0,1204.02110573452,-1026.3246415927924,0.0,0.0,1.0,111.0
0.0,1180.9611368726114,-1045.1763944333293,0.0,0.0,1.0,111.0
0.0,1241.06323199504,-1029.8373419416316,0.0,0.0,1.0,111.0
0.0,1203.7168147152784,-1030.6982212174094,0.0,0.0,1.0,111.0
0.0,1210.4971601642987,-1046.9217577711593,0.0,0.0,1.0,111.0
0.0,1204.1767088439042,-1018.0540012580313,0.0,0.0,1.0,111.0
0.0,1228.4976758518756,-1024.4044562696904,0.0,0.0,1.0,111.0
0.0,1205.1204975497826,-1026.948016514819,0.0,0.0,1.0,111.0
0.0,1217.0118616550749,-1045.381196586247,0.0,0.0,1.0,111.0
0.0,1220.5225113568154,-1026.7831742661,0.0,0.0,1.0,111.0
0.0,1244.508357665471,-1031.4998459560245,0.0,0.0,1.0,111.0
0.0,1215.366222616069,-1038.3014757454014,0.0,0.0,1.0,111.0
0.0,1219.4118424738222,-1022.5735676260083,0.0,0.0,1.0,111.0
0.0,1220.7500077013574,-1055.6943959354055,0.0,0.0,1.0,111.0
0.0,1216.6418497985746,-1033.773557170436,0.0,0.0,1.0,111.0
0.0,1240.3275990723314,-1041.7691448530197,0.0,0.0,1.0,111.0
0.0,1222.6939992876519,-1093.391040320213,0.0,0.0,1.0,111.0
0.0,1219.3773070265756,-1048.1299943957622,0.0,0.0,1.0,111.0
0.0,1282.4473192998416,-1069.577451184145,0.0,0.0,1.0,111.0
0.0,1247.8603585834671,-1019.1903607418642,0.0,0.0,1.0,111.0
0.0,1229.7604619616864,-1062.9342385747448,0.0,0.0,1.0,111.0
0.0,1217.6268194164136,-1044.1128898964278,0.0,0.0,1.0,111.0
0.0,1222.5681851066897,-1002.9650689882542,0.0,0.0,1.0,111.0
0.0,1207.535236545234,-1050.385377971422,0.0,0.0,1.0,111.0
0.0,1227.9186273772098,-1008.5193938979019,0.0,0.0,1.0,111.0
0.0,1218.594354437535,-1016.4407113054845,0.0,0.0,1.0,111.0
0.0,1209.865464048838,-1026.1012591896838,0.0,0.0,1.0,111.0
0.0,1225.7250165852706,-1068.9418163130056,0.0,0.0,1.0,111.0
0.0,1180.7355705873401,-1105.4624078828044,0.0,0.0,1.0,111.0
0.0,1171.1543547259248,-1071.4616652496086,0.0,0.0,1.0,111.0
0.0,1184.1776133982808,-1080.160980587682,0.0,0.0,1.0,111.0
0.0,1158.5447175309505,-1085.6482038622105,0.0,0.0,1.0,111.0
0.0,1202.3544258461443,-1074.0315331446036,0.0,0.0,1.0,111.0
0.0,1198.4747069892705,-1113.4604985012375,0.0,0.0,1.0,111.0
0.0,1157.2751931346006,-1071.274396334049,0.0,0.0,1.0,111.0
0.0,1196.3367151276352,-1077.5419891502324,0.0,0.0,1.0,111.0
0.0,1177.231550396214,-1074.4687950886296,0.0,0.0,1.0,111.0
0.0,1161.6891214552465,-1055.9290218554481,0.0,0.0,1.0,111.0
0.0,1190.442849810543,-1087.0986949844432,0.0,0.0,1.0,111.0
0.0,1193.2734687991956,-1074.5358426930825,0.0,0.0,1.0,111.0
0.0,1178.4886689267341,-1072.7845116529604,0.0,0.0,1.0,111.0
0.0,1169.5852947605304,-1079.9740346646017,0.0,0.0,1.0,111.0
0.0,1222.2450832951777,-1068.338736929672,0.0,0.0,1.0,111.0
0.0,1204.1893406393615,-1044.8369272097164,0.0,0.0,1.0,111.0
0.0,1182.2072854089333,-1088.3922438539926,0.0,0.0,1.0,111.0
0.0,1195.3087955193,-1074.3425837736024,0.0,0.0,1.0,111.0
0.0,1168.8810080771977,-1082.0752568950209,0.0,0.0,1.0,111.0
0.0,1192.5156211926055,-1046.3617242387609,0.0,0.0,1.0,111.0
0.0,1199.6345781966788,-1096.8026623300977,0.0,0.0,1.0,111.0
0.0,1188.4729604931167,-1083.8120572011,0.0,0.0,1.0,111.0
0.0,1219.555735130382,-1124.8896736196432,0.0,0.0,1.0,111.0
0.0,1174.9076359121946,-1087.5829846039528,0.0,0.0,1.0,111.0
0.0,1199.4666947311903,-1071.143270372704,0.0,0.0,1.0,111.0
0.0,1197.771737345105,-1051.397509984669,0.0,0.0,1.0,111.0
0.0,1164.5234707402456,-1071.3657669372192,0.0,0.0,1.0,111.0
0.0,1178.9800239240358,-1086.8084563257075,0.0,0.0,1.0,111.0
0.0,1171.2917996967676,-1076.9292056922347,0.0,0.0,1.0,111.0
0.0,1250.4415857213721,-1102.4197531255236,0.0,0.0,1.0,111.0
0.0,1203.5149250324134,-1093.611530084752,0.0,0.0,1.0,111.0
0.0,1211.5385993965433,-1038.3273838054051,0.0,0.0,1.0,111.0
0.0,1194.3400312150848,-1063.8041955180674,0.0,0.0,1.0,111.0
0.0,1202.7026183170979,-1068.3143222342883,0.0,0.0,1.0,111.0
0.0,1178.7212658647345,-1069.6306229924044,0.0,0.0,1.0,111.0
0.0,1212.4073650674436,-1082.4430089198704,0.0,0.0,1.0,111.0
0.0,1183.348971390496,-1048.0891279132256,0.0,0.0,1.0,111.0
0.0,1184.1456315330274,-1049.553571802122,0.0,0.0,1.0,111.0
0.0,1182.2363813085685,-1055.2384436616228,0.0,0.0,1.0,111.0
0.0,1177.3823195541568,-1100.2441442381098,0.0,0.0,1.0,111.0
0.0,1181.0628604331037,-1070.4682307121839,0.0,0.0,1.0,111.0
0.0,1169.8098336105868,-1074.61448618344,0.0,0.0,1.0,111.0
0.0,1179.6139477107936,-1068.0182786232908,0.0,0.0,1.0,111.0
0.0,1184.2790249367877,-1091.151414925328,0.0,0.0,1.0,111.0
0.0,1179.3486585942915,-1081.5613470492517,0.0,0.0,1.0,111.0
0.0,1192.9205484297513,-1066.3911675874128,0.0,0.0,1.0,111.0
0.0,1204.800373694669,-1119.4194855561796,0.0,0.0,1.0,111.0
0.0,1180.7983461115728,-1127.477670691634,0.0,0.0,1.0,111.0
0.0,1194.8605287452306,-1147.2208605408173,0.0,0.0,1.0,111.0
0.0,1185.4410710674433,-1135.6684961944134,0.0,0.0,1.0,111.0
0.0,1212.5933837632515,-1153.9969806963095,0.0,0.0,1.0,111.0
0.0,1213.4435174018367,-1151.7722597436195,0.0,0.0,1.0,111.0
0.0,1190.5952170957307,-1154.0052735361107,0.0,0.0,1.0,111.0
0.0,1195.2445085104696,-1116.6269177988315,0.0,0.0,1.0,111.0
0.0,1239.3041481720093,-1136.803075529877,0.0,0.0,1.0,111.0
0.0,1176.061662968063,-1147.4084120321256,0.0,0.0,1.0,111.0
0.0,1219.8005289363905,-1123.5966084322138,0.0,0.0,1.0,111.0
0.0,1174.2793155833697,-1111.1304601579545,0.0,0.0,1.0,111.0
0.0,1199.313948352748,-1108.2703560287243,0.0,0.0,1.0,111.0
0.0,1199.7914559666224,-1155.7563761829285,0.0,0.0,1.0,111.0
0.0,1213.5609934745767,-1159.2697302360584,0.0,0.0,1.0,111.0
0.0,1178.7758195903507,-1160.1395906182133,0.0,0.0,1.0,111.0
0.0,1202.1984471163291,-1115.6201145259458,0.0,0.0,1.0,111.0
0.0,1211.7141354565042,-1152.648726321481,0.0,0.0,1.0,111.0
0.0,1176.1189138451386,-1151.5809846944146,0.0,0.0,1.0,111.0
0.0,1192.4903584258268,-1146.919503930535,0.0,0.0,1.0,111.0
0.0,1186.0802858842517,-1131.3869611214825,0.0,0.0,1.0,111.0
0.0,1218.1786776874874,-1094.9077496109433,0.0,0.0,1.0,111.0
0.0,1208.642006504604,-1145.031438510938,0.0,0.0,1.0,111.0
0.0,1216.9887143892447,-1137.5827418992608,0.0,0.0,1.0,111.0
0.0,1195.6774234756913,-1137.8239182052903,0.0,0.0,1.0,111.0
0.0,1185.3451364001644,-1134.3720801798563,0.0,0.0,1.0,111.0
0.0,1201.0182604890783,-1126.0407457152637,0.0,0.0,1.0,111.0
0.0,1202.7197180759408,-1146.715479960408,0.0,0.0,1.0,111.0
0.0,1189.426197560469,-1139.1872954427988,0.0,0.0,1.0,111.0
0.0,1206.598422467036,-1141.6014086892365,0.0,0.0,1.0,111.0
0.0,1214.1249984380734,-1164.5038381864754,0.0,0.0,1.0,111.0
0.0,1190.1497857622885,-1141.3941977323702,0.0,0.0,1.0,111.0
0.0,1199.2378218516556,-1133.854664412074,0.0,0.0,1.0,111.0
0.0,1170.0408614661737,-1125.7047153548237,0.0,0.0,1.0,111.0
0.0,1224.4984243023073,-1121.8797418997563,0.0,0.0,1.0,111.0
0.0,1171.5915500664532,-1143.5792038554907,0.0,0.0,1.0,111.0
0.0,1198.9840474234884,-1138.738673732211,0.0,0.0,1.0,111.0
0.0,1219.4129410459263,-1172.3310859999478,0.0,0.0,1.0,111.0
0.0,1234.165401755538,-1186.3731451133435,0.0,0.0,1.0,111.0
0.0,1248.525904275482,-1158.8637598820496,0.0,0.0,1.0,111.0
0.0,1240.5786054317864,-1192.2340516529086,0.0,0.0,1.0,111.0
0.0,1224.7784589103794,-1177.4516121055756,0.0,0.0,1.0,111.0
0.0,1260.4045925319415,-1138.866507311538,0.0,0.0,1.0,111.0
0.0,1216.14332119238,-1167.240191231914,0.0,0.0,1.0,111.0
0.0,1272.1453238266004,-1169.3543653050608,0.0,0.0,1.0,111.0
0.0,1273.587560327981,-1140.9638198613825,0.0,0.0,1.0,111.0
0.0,1252.0739169375988,-1193.5866710105358,0.0,0.0,1.0,111.0
0.0,1225.9744676642608,-1172.2103485539758,0.0,0.0,1.0,111.0
0.0,1242.1495765603727,-1155.5243156820707,0.0,0.0,1.0,111.0
0.0,1231.7493377993164,-1171.19623312297,0.0,0.0,1.0,111.0
0.0,1220.382386321065,-1157.742322161317,0.0,0.0,1.0,111.0
0.0,1229.0700442121565,-1138.838371658179,0.0,0.0,1.0,111.0
0.0,1231.953599250926,-1166.2495674419695,0.0,0.0,1.0,111.0
0.0,1237.360732745286,-1186.485346863525,0.0,0.0,1.0,111.0
0.0,1233.4214222637875,-1179.631090111007,0.0,0.0,1.0,111.0
0.0,1234.9658099683716,-1172.5043814103828,0.0,0.0,1.0,111.0
0.0,1259.4804776912974,-1186.2322223372735,0.0,0.0,1.0,111.0
0.0,1277.0092869710425,-1175.4224775491455,0.0,0.0,1.0,111.0
0.0,1233.0344401400048,-1140.5721839562482,0.0,0.0,1.0,111.0
0.0,1247.613035414232,-1170.618192856303,0.0,0.0,1.0,111.0
0.0,1259.7163071378222,-1183.3848265339445,0.0,0.0,1.0,111.0
0.0,1249.3514154514728,-1198.2736901425196,0.0,0.0,1.0,111.0
0.0,1294.0844009278544,-1161.616347536462,0.0,0.0,1.0,111.0
0.0,1248.8216873825654,-1172.3507958539424,0.0,0.0,1.0,111.0
0.0,1234.6159296701476,-1142.407173232741,0.0,0.0,1.0,111.0
0.0,1262.017703181646,-1170.1147879861655,0.0,0.0,1.0,111.0
0.0,1221.7304725595045,-1178.8037397090604,0.0,0.0,1.0,111.0
